30
39.8081534772 57.345971564 10 0 3 4 20 36 39 41 45 46 48 0 132 204 227 282 422 583 758 773 801
65.7074340528 47.1563981043 10 0 6 7 18 37 37 38 39 47 48 0 106 151 286 376 410 537 826 968 986
58.273381295 19.6682464455 10 0 3 8 20 37 37 38 41 44 47 0 148 163 224 252 357 453 500 652 829
61.6306954436 17.0616113744 10 0 6 7 22 22 23 26 29 43 48 0 108 119 297 332 636 727 765 784 840
71.4628297362 72.2748815166 10 0 1 16 16 16 25 27 38 40 49 0 0 139 405 464 474 585 829 843 918
81.7745803357 56.63507109 10 0 1 13 18 23 24 28 37 37 40 0 261 282 326 346 472 624 815 892 946
28.0575539568 17.5355450237 10 0 11 12 15 15 17 17 31 34 47 0 0 259 263 373 693 756 797 876 887
98.3213429257 34.5971563981 10 0 10 12 16 17 24 26 32 34 39 0 430 482 498 761 816 848 898 912 938
65.9472422062 97.1563981043 10 0 6 7 8 21 31 31 34 42 47 0 161 266 394 427 693 709 803 809 817
52.5179856115 53.317535545 10 0 2 6 6 23 26 27 30 33 44 0 0 108 126 321 422 789 822 928 937
13.9088729017 79.8578199052 10 0 3 10 17 18 21 31 32 47 49 0 379 414 451 546 590 611 688 719 813
0.0 94.7867298578 10 0 1 14 18 29 36 38 40 45 45 0 402 419 485 608 713 775 891 893 925
92.0863309353 30.8056872038 10 0 5 12 17 24 35 37 41 43 48 0 128 363 442 636 687 741 898 931 985
100.0 36.018957346 10 0 2 19 27 27 28 31 41 41 49 0 0 209 325 507 663 665 738 742 847
75.5395683453 81.7535545024 10 0 3 25 31 32 38 38 41 43 47 0 245 284 299 450 824 886 949 957 985
28.7769784173 72.7488151659 10 0 4 9 11 14 36 36 42 44 48 0 263 357 695 725 781 821 884 905 941
78.4172661871 0.0 10 0 1 3 17 26 26 34 37 40 48 0 103 121 187 285 431 457 642 746 903
74.8201438849 79.1469194313 10 0 0 9 12 17 18 26 34 40 46 0 142 152 241 426 452 538 588 728 974
34.2925659472 100.0 10 0 14 14 17 19 21 26 33 39 48 0 107 277 652 683 685 693 713 799 979
83.2134292566 44.5497630332 10 0 1 14 19 24 32 32 33 41 45 0 105 116 498 594 677 781 795 814 893
55.8752997602 24.8815165877 10 0 6 9 9 13 17 39 44 45 47 0 239 401 470 484 547 751 805 813 910
32.1342925659 35.308056872 10 0 2 11 17 18 20 26 27 33 49 0 0 160 181 293 677 702 861 912 986
98.3213429257 46.2085308057 10 0 2 5 7 10 27 29 38 39 44 0 180 377 549 565 627 650 712 744 844
87.2901678657 14.9289099526 10 0 3 5 8 11 26 31 31 35 38 0 0 159 220 224 256 569 575 720 775
80.8153477218 68.9573459716 10 0 0 6 6 22 27 31 32 34 38 0 0 192 348 409 431 758 814 945 953
79.1366906475 75.355450237 10 0 6 10 10 20 21 22 23 41 45 0 112 324 352 363 373 374 388 441 553
96.4028776978 55.4502369668 10 0 6 6 14 23 25 28 31 45 46 0 118 306 450 450 568 680 707 736 829
73.860911271 57.5829383886 10 0 2 6 16 20 30 31 36 37 44 0 543 618 642 768 821 885 912 974 999
52.0383693046 67.0616113744 10 0 0 1 4 8 10 12 16 17 42 0 207 472 582 598 750 765 813 835 945
97.1223021583 59.0047393365 10 0 5 6 8 11 17 33 37 39 42 0 0 269 360 395 547 770 772 816 948
50
19.6850393701 0.0 9
38.3858267717 41.9664268585 3
59.842519685 58.273381295 5
93.3070866142 58.9928057554 5
39.3700787402 41.4868105516 1
69.094488189 67.1462829736 2
84.0551181102 85.6115107914 7
15.7480314961 13.4292565947 9
67.5196850394 92.5659472422 9
61.811023622 17.7458033573 1
92.9133858268 70.0239808153 2
39.1732283465 46.0431654676 3
69.4881889764 76.0191846523 3
15.5511811024 81.7745803357 3
53.7401574803 20.623501199 5
80.5118110236 46.5227817746 9
31.2992125984 48.9208633094 7
4.52755905512 64.5083932854 2
69.6850393701 52.278177458 2
50.5905511811 77.4580335731 9
71.6535433071 93.0455635492 6
67.5196850394 25.1798561151 8
26.968503937 39.5683453237 1
80.7086614173 1.67865707434 1
32.0866141732 44.6043165468 7
36.2204724409 51.7985611511 7
9.05511811024 54.1966426859 5
44.6850393701 77.6978417266 5
32.2834645669 52.0383693046 7
80.5118110236 80.3357314149 1
99.2125984252 59.4724220624 3
73.031496063 43.6450839329 2
100.0 28.2973621103 2
50.0 30.6954436451 1
88.3858267717 47.9616306954 7
63.5826771654 25.1798561151 1
79.1338582677 32.8537170264 1
93.5039370079 3.35731414868 2
60.4330708661 100.0 1
93.1102362205 85.8513189448 2
90.3543307087 46.5227817746 9
39.9606299213 47.721822542 4
82.2834645669 42.4460431655 8
7.28346456693 70.0239808153 4
0.0 47.9616306954 7
50.7874015748 39.0887290168 8
55.3149606299 93.7649880096 2
66.7322834646 23.5011990408 6
28.1496062992 64.7482014388 2
51.5748031496 65.9472422062 6
