30
60.9649122807 73.8144329897 10 0 3 7 8 9 20 26 40 41 44 0 106 109 118 143 205 213 435 634 672
57.2368421053 67.8350515464 10 0 3 16 16 17 21 26 44 48 48 0 118 133 185 340 601 617 622 629 709
0.0 49.8969072165 10 0 6 11 14 15 21 32 32 46 48 0 144 362 421 458 465 468 536 598 843
62.7192982456 83.7113402062 10 0 17 18 18 26 29 30 39 47 48 0 146 179 327 329 362 398 544 770 867
64.6929824561 43.0927835052 10 0 2 3 11 23 32 34 40 42 46 0 0 204 217 423 428 551 675 818 896
37.7192982456 67.0103092784 10 0 0 5 11 18 25 25 28 33 43 0 264 266 321 392 563 738 944 970 974
81.5789473684 65.1546391753 10 0 13 17 18 27 33 38 41 42 43 0 290 385 572 647 704 859 864 940 949
78.7280701754 58.1443298969 10 0 2 7 7 22 23 26 29 34 46 0 216 244 267 370 491 556 703 780 913
26.0964912281 30.7216494845 10 0 4 6 14 18 20 43 44 45 47 0 131 146 292 292 328 342 723 850 998
25.6578947368 22.0618556701 10 0 7 12 14 19 20 27 29 31 40 0 205 254 300 555 770 847 898 925 965
50.8771929825 55.2577319588 10 0 13 17 17 26 29 31 34 37 38 0 178 226 357 432 673 692 789 961 974
33.1140350877 62.6804123711 10 0 1 2 23 24 29 31 33 43 44 0 116 154 269 499 502 580 588 708 998
38.3771929825 0.0 10 0 9 15 15 20 31 33 34 36 42 0 122 135 246 452 457 520 888 912 926
69.298245614 54.0206185567 10 0 15 19 21 24 29 36 43 47 47 0 107 357 393 467 495 510 625 789 844
100.0 88.2474226804 10 0 1 4 10 20 20 28 37 44 48 0 0 188 317 396 501 615 629 723 990
55.0438596491 68.6597938144 10 0 7 8 9 10 27 31 37 42 46 0 0 326 403 436 546 585 899 906 952
50.4385964912 35.8762886598 10 0 1 6 14 17 22 28 31 34 39 0 157 168 333 388 527 698 828 859 869
80.701754386 37.9381443299 10 0 5 8 12 21 22 30 30 34 38 0 414 430 442 541 794 926 946 996 997
54.6052631579 79.587628866 10 0 8 10 15 17 20 22 28 30 30 0 0 390 400 519 610 684 728 733 842
60.0877192982 67.6288659794 10 0 3 11 19 20 25 31 39 39 43 0 228 248 460 585 618 692 729 952 976
36.1842105263 21.2371134021 10 0 1 2 2 4 32 40 45 46 49 0 139 231 272 439 500 515 627 652 953
41.0087719298 63.0927835052 10 0 2 4 7 10 16 22 23 44 48 0 132 144 176 187 216 450 495 648 734
47.5877192982 23.7113402062 10 0 0 10 29 29 32 35 45 46 47 0 177 207 317 412 450 644 726 823 980
23.4649122807 53.1958762887 10 0 0 0 9 10 20 36 37 46 48 0 146 313 395 415 608 708 737 805 832
51.7543859649 78.7628865979 10 0 1 2 5 34 35 36 37 43 45 0 121 287 432 441 507 547 682 736 946
62.0614035088 100.0 10 0 4 6 8 19 24 29 35 44 44 0 178 230 301 582 609 681 727 930 994
64.0350877193 39.793814433 10 0 0 2 6 9 14 18 27 30 39 0 0 190 212 248 264 486 546 707 875
44.0789473684 40.206185567 10 0 0 3 28 31 34 38 38 46 46 0 126 165 267 335 477 521 551 709 945
51.7543859649 62.2680412371 10 0 0 0 9 13 18 19 26 29 36 0 0 156 466 536 617 632 888 892 942
46.7105263158 44.7422680412 10 0 3 4 17 19 24 28 28 32 46 0 200 381 439 505 558 622 779 886 928
50
30.0 38.141809291 1
58.2222222222 63.0806845966 1
56.2222222222 85.8190709046 2
70.8888888889 0.0 6
13.7777777778 25.6723716381 1
50.2222222222 41.3202933985 1
39.5555555556 63.0806845966 2
61.3333333333 61.6136919315 7
56.0 56.9682151589 9
67.5555555556 73.3496332518 3
70.8888888889 51.3447432763 6
54.8888888889 66.2591687042 2
47.3333333333 87.2860635697 2
49.5555555556 15.8924205379 6
46.4444444444 89.2420537897 8
52.0 16.1369193154 4
59.7777777778 51.1002444988 9
39.5555555556 75.7946210269 9
43.5555555556 56.7237163814 5
39.1111111111 55.5012224939 5
64.0 72.8606356968 6
18.0 34.4743276284 9
92.6666666667 20.0488997555 7
61.7777777778 53.3007334963 7
35.7777777778 53.5452322738 9
100.0 100.0 3
16.2222222222 53.3007334963 9
81.7777777778 87.2860635697 3
51.5555555556 86.5525672372 9
69.3333333333 42.2982885086 8
42.2222222222 75.3056234719 2
70.6666666667 69.4376528117 7
13.1111111111 77.9951100244 4
66.6666666667 80.4400977995 7
45.7777777778 54.2787286064 1
54.6666666667 34.9633251834 4
47.7777777778 36.9193154034 9
20.0 32.2738386308 9
62.4444444444 41.564792176 1
19.7777777778 32.7628361858 7
49.5555555556 60.391198044 5
56.0 49.6332518337 3
85.5555555556 69.9266503667 4
0.0 82.6405867971 1
58.0 33.0073349633 6
70.6666666667 18.0929095355 7
71.7777777778 78.9731051345 5
21.7777777778 71.6381418093 2
21.7777777778 67.7261613692 2
73.1111111111 85.8190709046 7
