126
69.9082568807 66.7481662592 31 0 6 8 9 15 18 18 21 22 23 24 26 26 29 31 33 34 34 36 36 38 39 39 40 40 41 42 43 44 46 46 0 162 185 187 220 243 268 358 388 390 395 419 446 468 474 483 526 531 539 567 586 638 678 699 739 818 832 880 947 969 991
42.2018348624 80.684596577 31 0 4 8 8 8 8 15 16 16 17 17 17 23 23 27 28 29 30 34 34 38 39 41 41 44 44 45 48 49 49 49 0 0 117 158 161 202 222 230 253 286 304 332 392 400 420 473 474 489 544 566 614 718 724 736 741 746 807 871 871 904 915
64.5871559633 65.2811735941 31 0 0 3 5 7 10 12 13 16 17 17 18 18 23 26 29 30 30 31 31 34 36 38 40 42 43 44 44 45 48 49 0 194 220 258 302 317 320 335 341 424 489 499 503 527 542 602 654 659 693 732 782 797 800 830 849 903 928 964 967 990 990
57.0642201835 61.858190709 31 0 0 1 2 4 4 5 7 7 8 9 9 16 17 18 19 23 25 29 29 31 31 32 33 34 34 37 43 45 47 49 0 0 158 164 174 180 195 264 304 312 313 320 420 464 473 485 489 495 515 529 542 637 641 642 673 794 932 963 971 993 998
66.0550458716 27.8728606357 31 0 1 3 6 7 14 17 19 20 25 26 26 27 30 31 31 31 35 37 37 37 40 40 40 40 41 42 43 46 48 49 0 107 149 149 158 217 227 240 274 277 305 396 414 427 450 473 517 562 647 697 706 716 729 826 850 900 905 923 925 994 998
77.0642201835 75.5501222494 31 0 2 3 8 11 12 13 14 17 17 23 24 24 27 29 29 32 33 33 33 33 35 37 37 38 40 40 42 47 48 48 0 0 108 196 220 230 237 316 360 362 415 478 483 553 572 614 642 650 752 753 761 775 785 823 843 848 864 882 907 942 986
54.8623853211 38.8753056235 31 0 0 0 0 4 5 6 8 8 10 11 11 12 14 14 19 21 21 25 25 27 32 36 37 40 41 41 42 45 48 49 0 0 109 110 113 214 227 257 283 334 356 362 379 385 388 390 409 413 468 528 576 599 720 725 759 771 808 811 823 918 983
0.0 85.5745721271 31 0 4 4 5 8 9 10 10 11 13 14 14 15 15 16 16 18 20 22 22 23 23 31 32 34 34 36 40 43 44 44 0 105 110 147 200 248 255 263 296 307 309 343 348 356 381 404 408 437 469 485 490 492 528 710 778 781 812 875 909 917 994
44.0366972477 75.3056234719 31 0 1 3 3 5 6 6 7 7 9 10 10 10 11 11 14 17 18 20 21 22 25 28 29 30 31 32 33 39 46 47 0 174 256 286 303 330 386 397 408 415 433 443 451 463 563 573 579 623 645 675 706 716 758 759 797 798 816 896 935 935 973
30.6422018349 43.5207823961 31 0 4 7 12 13 14 16 17 17 18 21 22 27 29 29 29 30 31 35 35 36 38 39 41 42 43 43 44 46 46 47 0 0 103 103 160 160 184 264 335 361 370 384 386 443 445 451 478 534 540 552 584 654 689 711 834 861 863 899 910 933 963
34.8623853211 86.0635696822 31 0 0 3 4 5 5 6 8 9 13 13 13 13 16 18 18 20 21 26 28 29 33 33 34 35 35 36 43 43 45 46 0 119 147 170 187 204 232 253 271 273 303 311 343 411 474 522 548 628 668 741 760 766 781 789 830 867 868 878 891 956 976
37.4311926606 2.93398533007 31 0 0 1 2 2 2 4 6 8 9 10 10 10 12 13 14 15 15 18 18 19 21 29 31 33 36 37 39 44 48 48 0 108 109 137 150 162 178 261 271 291 298 300 313 334 338 360 364 369 378 403 439 473 515 576 601 678 765 791 828 872 875
51.376146789 48.4107579462 31 0 2 3 3 3 5 6 7 9 10 13 18 19 23 24 28 29 31 31 33 34 34 35 37 38 39 39 42 44 45 48 0 109 111 139 254 262 268 286 333 353 380 389 475 478 493 530 612 632 639 658 671 700 708 749 759 768 866 930 953 961 989
86.6055045872 36.4303178484 31 0 1 3 11 12 13 15 15 17 19 20 21 22 23 24 30 30 33 34 34 36 37 38 39 39 39 45 46 46 49 49 0 112 156 174 217 268 270 295 339 376 380 402 416 419 428 435 456 460 468 487 502 562 577 583 589 600 664 806 870 895 956
62.2018348624 81.4180929095 31 0 4 5 6 6 9 10 11 11 13 16 19 21 22 22 22 23 27 27 29 34 35 36 37 42 45 45 46 48 48 49 0 155 174 175 189 200 240 270 284 335 344 351 357 373 393 412 416 442 495 601 616 628 633 644 676 702 714 722 759 783 905
45.504587156 7.09046454768 31 0 1 2 4 7 10 10 11 15 15 16 17 20 21 23 24 25 32 34 34 36 36 38 39 39 39 41 41 44 45 47 0 119 123 185 185 194 265 286 321 354 355 370 391 413 463 468 478 518 630 647 691 707 709 716 724 741 745 813 832 889 996
51.0091743119 54.2787286064 31 0 0 0 1 10 14 16 19 21 21 22 23 24 26 28 29 29 30 32 35 37 38 38 40 41 43 44 46 48 48 49 0 252 282 300 300 315 330 363 437 440 444 562 616 626 652 668 703 721 763 780 800 807 872 883 884 910 926 953 977 989 990
50.2752293578 73.3496332518 31 0 0 0 2 2 3 3 4 6 7 8 10 12 14 19 20 21 21 24 26 26 30 31 32 35 38 40 43 44 44 46 0 237 350 368 374 382 407 419 447 452 471 497 519 529 597 618 634 667 670 747 759 765 775 825 840 891 901 902 963 963 982
42.2018348624 39.3643031785 31 0 1 1 7 7 7 8 8 9 12 12 15 15 16 19 20 22 22 23 23 25 27 31 41 42 42 42 42 42 45 47 0 135 136 158 163 229 230 301 307 362 364 364 380 403 418 430 456 466 495 548 694 760 774 799 880 893 905 911 936 949 983
75.9633027523 59.6577017115 31 0 0 1 3 3 10 12 13 15 17 21 22 23 26 29 29 33 33 33 36 38 41 43 43 43 45 47 48 48 49 49 0 162 191 221 238 239 261 278 297 311 313 384 431 438 465 473 483 488 500 501 521 526 541 557 559 655 662 704 771 859 923
64.5871559633 65.7701711491 31 0 3 4 5 9 10 11 12 15 16 18 20 23 23 28 29 30 31 31 33 33 34 35 36 36 36 37 40 42 47 48 0 126 140 169 229 244 277 289 341 345 385 400 412 479 490 551 564 576 583 616 643 679 706 764 802 818 865 873 884 928 953
29.5412844037 15.1589242054 31 0 0 1 3 4 8 9 9 13 14 15 16 16 18 22 22 23 24 25 31 31 33 39 42 42 43 43 44 45 47 48 0 128 134 214 230 298 324 371 387 415 429 528 534 550 554 571 626 635 660 669 684 695 725 746 754 834 849 928 961 972 975
36.1467889908 40.586797066 31 0 0 0 1 3 4 5 7 14 15 17 18 18 19 20 22 23 25 25 28 28 29 29 32 38 39 41 42 46 46 47 0 0 132 152 192 246 258 300 330 434 448 535 563 569 589 605 622 634 636 649 652 666 694 746 746 753 765 773 790 797 815
51.5596330275 68.2151589242 31 0 0 1 3 5 5 6 8 8 9 12 14 18 22 24 25 25 25 25 25 29 29 30 33 37 38 40 44 44 49 49 0 101 115 162 172 175 211 278 293 302 306 313 320 344 378 506 562 565 618 691 697 719 743 761 771 862 899 904 919 936 951
46.6055045872 23.7163814181 31 0 1 2 3 4 4 4 5 8 8 12 14 15 20 21 22 24 24 26 27 28 30 30 33 39 42 43 43 47 47 48 0 122 131 188 204 208 215 344 378 451 462 463 518 530 544 574 593 593 660 678 679 709 734 748 784 787 839 928 961 967 989
56.5137614679 16.6259168704 31 0 0 0 2 3 4 5 7 9 10 11 12 13 13 16 20 20 21 22 22 26 30 32 39 40 41 42 43 45 47 48 0 136 181 189 221 270 282 356 367 403 441 520 528 529 588 629 674 677 680 718 737 748 785 788 817 830 840 843 846 875 912
57.9816513761 86.3080684597 31 0 0 0 1 3 3 5 11 12 13 13 16 19 21 22 22 23 26 28 30 32 32 34 34 35 38 38 39 39 39 48 0 105 116 134 164 218 244 255 324 413 454 471 472 533 533 569 597 618 647 664 681 697 718 806 847 851 912 946 946 947 989
30.6422018349 71.6381418093 31 0 0 3 4 6 7 11 15 21 21 21 22 23 26 30 34 35 35 35 36 37 37 38 39 40 42 44 46 47 49 49 0 0 108 113 116 146 176 188 207 322 334 388 390 414 416 425 427 443 493 524 574 614 626 696 753 755 797 842 883 907 935
33.0275229358 45.9657701711 31 0 4 7 7 8 9 9 15 20 20 20 25 26 31 31 36 38 39 40 43 43 43 43 44 46 46 47 47 48 48 48 0 103 105 125 129 190 212 240 325 351 357 391 454 504 530 541 607 616 695 705 721 747 789 796 824 887 893 901 904 928 980
6.78899082569 22.7383863081 31 0 3 4 6 10 15 15 17 18 18 18 20 20 20 21 22 24 25 25 27 34 35 36 36 37 37 37 40 43 45 47 0 138 141 175 179 259 298 327 343 370 379 399 409 443 473 478 486 500 531 542 590 590 697 709 716 732 833 837 896 965 996
37.247706422 85.3300733496 31 0 0 3 4 4 5 5 8 11 12 14 20 23 24 25 28 30 30 30 31 31 36 39 40 40 41 41 42 45 47 48 0 103 106 117 131 148 213 240 248 305 317 353 376 395 447 493 494 508 512 521 556 589 599 616 711 719 720 862 911 917 923
56.880733945 0.0 31 0 0 0 1 2 4 10 12 12 18 19 20 20 21 23 25 25 26 29 31 33 33 34 35 36 38 40 44 44 46 48 0 110 116 179 209 223 237 244 246 349 354 391 418 425 439 442 475 553 556 558 679 683 743 764 769 801 872 917 968 975 984
45.871559633 53.3007334963 31 0 1 3 3 3 7 7 7 7 10 10 11 12 14 16 16 18 19 21 21 22 28 28 30 33 36 38 44 45 45 48 0 157 168 178 236 270 304 385 415 472 487 487 504 520 596 625 638 661 676 683 729 737 747 757 757 772 786 804 970 991 996
43.119266055 40.3422982885 31 0 0 4 4 5 8 8 10 10 12 13 14 16 18 19 21 22 24 25 31 36 38 42 43 43 44 44 45 46 47 48 0 162 266 293 309 325 339 346 348 361 363 402 409 417 437 466 478 489 535 582 586 587 601 694 695 759 804 841 901 910 923
23.8532110092 6.11246943765 31 0 5 7 9 12 13 14 16 17 17 19 20 20 22 22 24 25 27 31 32 33 33 35 39 41 41 42 42 44 47 49 0 112 144 154 300 403 440 481 486 570 607 662 678 682 682 683 688 694 705 717 766 785 818 833 833 845 859 874 907 920 931
66.7889908257 66.2591687042 31 0 1 4 7 7 7 10 11 13 15 16 16 17 17 18 18 19 21 24 25 29 30 31 32 32 34 35 36 37 43 49 0 0 193 200 370 376 406 442 540 563 590 619 622 638 664 692 696 698 740 787 813 828 833 840 854 922 938 959 966 972 976
30.4587155963 67.4816625917 31 0 3 7 7 7 8 9 10 10 12 13 18 21 22 23 23 24 27 28 29 30 30 33 34 34 40 44 46 46 47 47 0 103 123 202 206 208 233 300 343 348 380 399 447 509 537 565 654 661 688 721 734 758 845 865 919 961 980 988 991 996 999
37.247706422 24.6943765281 31 0 0 0 1 3 5 6 8 9 9 12 20 20 22 24 27 27 30 33 34 34 36 38 38 43 43 44 45 45 47 49 0 0 137 146 166 186 205 306 308 416 432 440 529 541 543 577 583 591 598 611 689 697 735 778 813 814 880 930 934 961 998
46.2385321101 43.0317848411 31 0 0 8 12 14 17 17 17 20 21 21 24 25 25 26 27 28 28 29 31 31 32 32 33 33 35 41 42 42 47 48 0 106 120 129 142 146 152 157 204 213 239 271 313 407 421 427 463 494 495 501 547 577 608 650 707 711 855 905 924 979 996
34.8623853211 86.0635696822 31 0 0 5 7 7 9 10 12 12 15 15 18 20 20 23 24 25 25 26 27 29 30 30 31 33 34 34 35 36 38 44 0 133 164 177 258 333 341 354 358 369 445 513 529 582 599 622 639 740 770 798 809 823 834 867 884 894 906 923 954 964 980
51.0091743119 74.3276283619 31 0 0 1 3 4 5 6 7 7 14 15 16 16 17 19 20 20 21 21 21 27 32 32 33 34 36 36 36 38 38 43 0 118 130 159 207 211 212 224 270 277 319 319 324 371 399 411 417 498 543 545 556 591 594 594 718 718 721 776 791 879 988
67.8899082569 57.9462102689 31 0 2 2 2 4 5 5 7 9 9 10 10 16 18 18 26 28 32 33 33 35 36 36 38 39 41 42 44 44 47 48 0 118 139 143 153 159 162 180 180 181 209 237 244 245 347 358 376 400 435 464 508 518 519 527 597 733 756 815 846 949 949
26.4220183486 34.4743276284 31 0 1 2 10 10 11 14 15 16 18 20 21 24 25 29 33 34 36 36 36 36 36 37 39 40 40 40 44 46 48 48 0 0 183 187 219 268 269 296 298 298 315 325 328 360 361 407 472 477 479 501 553 587 662 769 773 810 868 920 931 938 941
28.2568807339 63.5696821516 31 0 3 6 6 8 10 13 13 14 14 18 25 26 27 30 30 32 32 32 35 36 36 38 39 41 41 42 43 44 47 49 0 154 198 248 289 325 424 476 554 585 625 631 649 656 682 683 693 742 747 773 773 820 865 872 891 893 954 958 972 986 996
66.0550458716 66.9926650367 31 0 0 3 3 5 6 8 10 10 15 15 18 21 25 27 27 28 28 29 30 34 34 34 35 36 37 38 39 41 42 43 0 168 189 239 278 293 305 348 388 391 393 412 453 453 463 503 507 521 529 606 679 739 794 824 858 883 887 889 914 920 931
54.3119266055 50.3667481663 31 0 1 2 3 10 10 10 11 11 12 12 16 17 19 22 22 27 27 29 34 34 35 36 37 37 39 45 46 47 49 49 0 0 121 158 190 213 239 256 256 278 299 302 303 303 325 385 480 505 576 577 617 622 683 716 800 804 853 931 959 985 999
74.128440367 29.0953545232 31 0 0 2 3 5 8 13 13 16 20 22 24 24 24 25 26 27 31 33 33 33 35 37 38 38 38 40 41 43 43 44 0 123 155 204 214 303 393 451 454 456 471 471 480 504 571 610 621 623 625 644 672 676 681 750 767 776 792 849 870 949 961
5.87155963303 74.8166259169 31 0 0 4 6 7 8 8 13 18 21 22 23 23 28 28 29 29 33 34 38 39 41 41 42 43 44 44 45 46 47 48 0 232 236 252 261 286 287 338 342 380 392 421 425 439 442 458 497 504 551 583 629 671 689 702 795 809 847 868 900 908 944
25.871559633 14.1809290954 31 0 0 3 3 6 10 10 12 12 15 16 17 19 20 21 21 23 27 28 32 33 34 35 38 40 40 43 46 48 48 49 0 105 108 119 169 170 207 214 230 239 264 298 302 356 389 435 454 458 471 522 523 636 658 752 754 771 836 854 877 904 974
43.119266055 36.4303178484 31 0 0 2 4 10 10 11 11 11 16 17 18 19 19 20 20 23 27 30 30 31 33 34 35 37 40 41 41 41 46 47 0 100 122 265 314 353 406 409 463 484 507 585 640 659 681 689 724 729 761 820 858 863 874 877 888 894 931 951 988 992 999
39.4495412844 45.2322738386 31 0 1 2 3 7 8 10 10 11 12 12 13 17 19 20 21 21 26 29 33 33 37 37 39 40 40 40 40 46 46 47 0 132 145 181 182 234 236 271 282 314 320 329 378 385 387 409 423 574 626 683 686 689 690 724 736 762 874 944 946 975 979
45.871559633 40.3422982885 31 0 0 1 2 5 7 7 8 8 11 14 15 16 16 23 27 29 31 31 31 34 35 35 36 36 39 40 44 45 47 48 0 191 271 272 303 316 328 334 345 383 394 401 439 439 502 586 617 653 712 762 795 828 833 843 859 879 899 930 938 946 999
40.3669724771 89.7310513447 31 0 1 4 7 8 8 8 11 12 12 12 17 20 21 22 22 23 27 28 29 30 33 35 37 37 39 43 44 46 49 49 0 174 182 190 197 244 316 382 410 433 558 590 594 641 684 728 759 773 776 819 835 857 881 904 927 931 951 969 985 987 994
64.5871559633 59.902200489 31 0 2 3 3 5 6 7 9 9 11 17 20 23 24 25 26 27 28 28 30 33 34 37 38 38 40 40 41 41 44 48 0 117 168 184 203 236 238 320 320 429 436 495 527 538 542 550 564 579 580 640 652 655 663 710 724 788 792 817 901 963 989
39.0825688073 50.1222493888 31 0 1 5 5 11 12 13 15 18 20 20 22 23 24 28 31 33 33 35 35 36 36 36 41 41 42 43 44 45 45 47 0 121 123 126 170 184 190 196 222 231 269 289 301 368 407 501 511 531 607 638 647 812 812 850 853 882 896 915 916 918 938
59.8165137615 17.8484107579 31 0 1 3 5 6 6 7 7 9 14 15 15 15 17 17 19 19 22 23 28 32 32 34 34 38 39 40 43 44 47 48 0 0 106 121 145 187 209 270 280 298 422 479 549 601 631 656 670 683 688 785 806 846 878 933 935 942 956 967 985 986 994
53.9449541284 30.5623471883 31 0 1 6 6 7 7 7 12 14 17 18 19 19 22 23 24 24 25 26 26 29 30 35 37 37 38 39 40 41 45 45 0 127 170 239 254 255 257 258 276 290 302 315 349 378 390 415 415 430 468 612 634 650 657 687 717 744 820 822 862 913 944
69.9082568807 47.4327628362 31 0 1 9 12 13 15 16 20 20 21 22 22 26 31 31 32 33 34 34 34 35 36 36 37 37 41 42 42 44 47 49 0 167 179 203 221 229 281 331 357 381 412 441 450 475 478 511 564 611 622 624 712 733 741 872 875 882 894 903 961 985 993
57.247706422 48.8997555012 31 0 0 1 1 1 2 4 6 6 8 11 12 12 13 19 20 26 29 30 32 33 36 36 40 42 42 42 43 43 45 48 0 194 250 350 368 368 389 412 451 478 503 544 555 586 625 674 704 723 748 802 825 842 870 893 893 902 906 909 921 932 954
34.3119266055 69.9266503667 31 0 2 4 5 9 10 12 12 12 13 14 16 18 20 25 26 28 29 30 30 31 31 31 32 36 37 37 40 42 45 45 0 102 137 188 246 255 259 306 313 346 347 373 535 567 625 674 682 703 705 715 743 759 788 797 824 836 851 863 867 956 965
81.1009174312 48.6552567237 31 0 2 2 4 6 8 12 12 13 17 18 20 21 23 25 27 30 32 32 32 34 36 38 40 42 43 47 47 48 48 49 0 122 131 136 156 222 270 295 304 324 343 358 432 482 502 598 602 649 663 686 688 727 736 762 795 847 863 898 900 957 997
35.5963302752 25.6723716381 31 0 0 0 3 4 4 7 9 10 11 12 12 13 15 16 17 21 24 26 27 29 30 33 34 41 41 42 43 43 44 45 0 0 128 159 196 258 288 309 318 413 494 509 515 549 556 670 677 682 730 753 776 799 826 826 846 887 898 916 934 937 947
63.119266055 43.2762836186 31 0 0 5 9 9 11 12 12 12 13 14 16 17 17 17 18 20 20 21 21 21 31 32 34 34 35 36 37 39 47 47 0 0 173 178 250 274 298 305 333 370 383 385 408 432 437 440 501 545 561 583 585 613 652 655 666 724 735 803 830 837 917
61.2844036697 75.0611246944 31 0 1 1 3 3 5 7 11 11 12 13 15 15 17 20 21 21 29 31 31 32 32 36 36 38 40 43 46 46 48 49 0 0 102 162 190 194 206 302 310 316 316 364 367 376 386 402 438 463 596 651 652 690 767 787 879 891 912 927 974 988 996
84.0366972477 100.0 31 0 4 7 7 7 9 13 13 16 20 23 26 27 28 29 29 32 36 38 39 39 39 40 41 42 45 47 47 47 48 49 0 123 141 205 265 297 301 324 324 413 460 494 496 541 582 606 614 654 688 710 719 765 767 788 799 842 852 896 913 961 973
44.7706422018 61.858190709 31 0 0 0 2 6 7 7 12 12 13 15 16 16 21 22 25 26 28 29 31 32 34 34 35 36 38 42 43 46 46 47 0 112 113 152 164 184 211 293 325 333 366 427 436 490 523 556 631 650 714 776 809 867 872 885 887 889 889 910 915 943 960
28.9908256881 84.8410757946 31 0 0 1 1 2 8 8 10 11 12 14 15 16 17 19 20 22 22 22 24 25 26 27 28 32 32 34 38 40 44 46 0 117 136 157 199 257 280 294 295 301 335 368 492 515 601 602 693 700 716 725 729 744 757 777 817 850 868 915 915 963 989
24.4036697248 43.5207823961 31 0 0 1 1 3 3 5 8 8 11 14 16 21 22 22 23 23 25 26 29 32 34 34 36 36 38 40 44 45 45 45 0 0 130 146 183 207 218 278 315 346 361 368 389 393 394 410 423 477 565 637 652 683 770 833 846 876 906 926 963 975 987
60.3669724771 62.5916870416 31 0 2 10 10 11 16 17 18 19 20 23 23 24 25 26 29 32 33 34 34 36 36 39 39 39 39 40 40 41 45 48 0 102 160 167 240 280 359 448 452 462 464 480 499 500 608 610 616 617 624 633 647 703 712 746 759 771 786 801 814 965 986
52.4770642202 57.9462102689 31 0 1 2 4 4 6 8 11 11 12 13 16 17 18 24 24 27 27 29 29 30 31 31 32 32 42 45 45 46 47 49 0 114 114 170 197 279 311 321 352 401 421 432 466 467 521 561 592 645 679 725 730 828 834 866 899 903 928 932 959 986 997
21.1009174312 68.4596577017 31 0 0 2 3 4 5 6 7 8 9 12 15 16 20 28 29 36 36 36 39 39 40 41 42 44 46 47 47 48 49 49 0 126 145 152 160 199 201 205 216 253 261 262 354 385 386 390 414 441 489 494 548 629 680 720 722 758 771 854 898 922 936
72.6605504587 55.7457212714 31 0 1 7 7 10 11 15 15 17 17 19 20 22 24 25 25 26 30 30 33 36 36 39 42 45 47 48 48 48 49 49 0 105 146 177 191 193 212 236 324 337 340 445 497 559 563 572 623 639 646 678 705 725 818 835 837 860 874 885 900 902 948
55.0458715596 64.3031784841 31 0 1 4 4 4 5 7 8 9 10 11 16 19 19 19 20 20 21 21 25 26 27 27 28 38 39 39 41 42 44 47 0 165 183 274 287 287 311 329 338 347 353 376 397 405 460 475 508 572 605 605 636 674 709 719 767 778 797 818 891 901 967
59.4495412844 21.760391198 31 0 3 4 5 5 5 13 13 13 13 14 15 18 20 20 21 21 22 24 24 25 27 29 33 37 38 44 44 47 48 48 0 0 147 189 204 219 236 250 255 310 352 407 413 442 445 610 666 669 670 683 702 745 746 788 809 809 829 838 853 922 939
69.7247706422 22.9828850856 31 0 1 7 10 12 13 15 15 17 20 21 22 23 23 24 26 26 27 28 31 33 34 35 38 39 39 43 44 45 47 49 0 126 126 137 145 172 235 244 313 349 376 409 428 451 513 567 575 592 601 628 669 675 717 732 767 848 877 899 955 982 983
61.4678899083 30.8068459658 31 0 1 2 3 7 7 8 8 9 9 14 14 15 17 17 18 19 21 23 24 25 26 38 40 46 48 48 48 49 49 49 0 0 139 154 174 275 275 277 282 308 341 359 370 415 455 480 550 596 599 686 746 755 767 802 838 862 894 918 932 990 991
58.7155963303 63.0806845966 31 0 0 4 4 6 6 7 8 9 12 15 17 20 21 22 23 25 25 26 26 27 32 33 34 36 36 36 44 45 46 47 0 0 139 201 211 236 273 276 342 362 399 416 456 470 496 521 550 556 627 641 673 674 696 711 749 826 860 875 883 889 915
42.5688073394 45.7212713936 31 0 0 1 1 1 1 2 3 6 7 11 16 16 17 18 20 20 25 27 29 30 31 37 40 40 40 41 42 43 43 44 0 129 150 165 185 188 254 267 323 324 329 367 397 492 533 593 638 643 659 680 680 703 716 733 763 786 870 904 906 942 954
72.1100917431 28.8508557457 31 0 0 3 4 9 14 15 16 18 18 18 21 27 31 34 35 35 36 37 37 38 38 41 41 41 42 44 44 47 47 47 0 127 139 147 159 174 218 255 265 272 276 375 424 429 491 519 554 597 605 608 613 628 656 774 797 798 882 888 943 946 967
51.9266055046 68.7041564792 31 0 4 4 5 5 12 12 12 13 14 14 15 17 18 21 23 23 29 30 30 32 40 41 42 43 44 47 47 47 47 49 0 126 129 131 155 163 169 172 217 228 260 283 294 321 379 380 394 436 473 558 573 578 615 704 731 739 828 839 911 913 997
50.8256880734 51.5892420538 31 0 3 4 5 8 8 9 9 13 14 16 20 20 25 25 27 31 33 34 35 37 38 38 39 44 44 46 47 47 48 48 0 212 238 269 274 318 334 393 394 407 433 433 456 475 626 627 659 662 775 804 813 822 848 878 880 892 910 928 931 967 988
40.9174311927 92.1760391198 31 0 3 3 7 10 11 14 15 17 18 19 23 23 24 26 26 28 29 29 31 31 33 37 37 41 42 43 46 46 48 49 0 117 133 216 217 218 243 264 306 381 382 411 451 478 502 506 522 532 570 571 611 746 768 880 901 926 939 944 948 973 997
16.880733945 66.7481662592 31 0 1 2 2 5 5 7 8 9 9 14 16 18 18 19 20 20 25 27 27 29 31 36 36 37 38 42 43 45 46 48 0 0 160 179 213 245 272 278 286 316 327 328 346 370 416 527 551 592 595 648 703 718 745 804 837 843 883 884 885 948 983
48.9908256881 39.608801956 31 0 1 1 7 8 10 14 16 16 16 18 19 19 21 22 23 23 24 24 26 27 31 33 37 42 44 48 48 48 48 49 0 101 124 130 170 324 347 402 405 464 474 543 616 670 674 684 704 705 709 730 737 812 812 831 836 840 859 914 936 952 974
100.0 31.5403422983 31 0 0 4 6 11 13 13 14 17 21 22 22 25 26 31 31 31 32 34 35 37 39 39 40 40 41 41 44 48 48 49 0 108 112 123 198 226 230 236 258 286 307 347 350 355 407 417 434 467 505 547 636 649 681 709 714 814 828 851 880 899 991
84.0366972477 30.0733496333 31 0 4 5 6 7 11 14 22 23 23 24 27 31 36 37 37 39 40 43 43 43 45 46 46 46 46 46 46 46 48 49 0 122 127 135 148 226 234 308 328 336 395 406 451 502 540 545 614 628 630 669 679 687 708 748 791 797 809 892 893 915 917
72.2935779817 32.0293398533 31 0 1 2 2 2 7 8 9 9 11 12 16 19 24 29 32 34 37 38 38 40 41 42 42 42 44 46 46 47 48 49 0 0 163 250 252 275 308 322 323 344 368 400 435 474 492 504 531 535 561 596 599 615 639 682 774 805 813 818 833 834 844
33.5779816514 32.0293398533 31 0 2 4 5 8 10 10 15 17 18 19 20 20 23 24 27 29 30 31 31 34 41 42 42 43 44 44 46 46 47 48 0 0 102 146 174 255 324 332 341 402 408 453 459 472 502 522 538 565 570 575 581 708 739 743 752 806 819 899 954 958 970
13.3944954128 53.7897310513 31 0 2 2 4 5 9 12 13 14 15 15 15 17 18 19 27 28 31 31 31 34 36 37 41 41 43 43 45 46 48 49 0 0 138 170 188 240 256 260 268 342 350 353 357 363 519 557 609 642 646 668 730 733 758 781 808 818 819 888 892 908 932
82.2018348624 64.0586797066 31 0 1 2 3 3 5 8 8 8 8 10 11 14 14 17 19 19 19 23 23 23 27 30 31 32 37 37 39 41 45 45 0 127 151 168 229 239 245 355 365 451 469 531 570 589 604 623 634 638 656 671 699 716 731 769 834 920 945 953 958 962 988
42.9357798165 72.1271393643 31 0 2 3 3 4 4 4 5 8 13 15 19 22 22 22 22 26 26 30 32 33 34 36 39 41 42 43 43 47 49 49 0 114 162 228 235 261 261 306 322 382 409 436 474 484 513 576 623 683 687 724 737 747 789 810 820 836 843 912 974 979 985
52.8440366972 65.2811735941 31 0 3 4 7 8 10 10 11 12 13 20 23 25 26 28 28 29 30 31 32 32 33 34 36 36 39 39 46 48 49 49 0 138 141 150 151 214 215 242 282 283 312 358 416 456 472 482 522 536 560 570 581 639 669 730 745 747 781 795 817 943 945
76.3302752294 51.5892420538 31 0 0 5 8 8 10 14 15 16 17 22 24 25 26 28 28 31 31 35 36 36 38 39 40 40 43 43 43 44 45 48 0 121 136 148 161 162 180 234 237 252 271 280 299 355 375 424 426 446 471 528 543 556 593 613 649 760 761 829 923 934 978
53.0275229358 42.2982885086 31 0 0 1 2 3 7 9 10 11 15 17 21 26 28 28 28 28 30 32 32 33 36 38 39 39 40 42 43 44 44 48 0 173 362 390 437 441 476 500 513 550 552 566 569 570 623 667 685 696 710 720 733 785 818 822 826 831 843 852 874 911 941
17.9816513761 72.6161369193 31 0 0 0 0 4 6 7 11 12 18 19 20 22 23 25 27 29 31 33 34 35 36 38 39 40 41 42 44 47 47 49 0 0 101 146 184 186 226 259 326 331 391 426 426 457 509 513 524 527 559 607 636 661 726 781 803 829 845 859 904 910 996
52.2935779817 62.1026894866 31 0 0 2 2 4 5 6 7 7 8 8 12 19 19 20 21 22 24 26 27 33 35 35 36 37 37 39 39 39 43 48 0 127 128 130 201 212 267 317 326 337 356 380 410 522 525 596 604 640 646 663 709 714 820 839 851 862 902 902 922 943 998
49.9082568807 65.2811735941 31 0 2 3 4 4 6 9 9 10 11 11 15 17 19 21 21 23 25 27 28 29 30 31 35 35 36 38 40 40 43 47 0 102 162 172 183 204 230 264 267 328 339 347 410 414 430 518 543 580 583 608 628 631 664 667 669 698 802 842 858 940 976
77.9816513761 69.9266503667 31 0 7 8 10 10 10 10 11 19 19 19 23 24 26 27 29 30 32 32 33 33 34 35 38 40 40 43 45 48 48 49 0 0 148 162 167 186 187 187 199 245 259 277 373 400 423 465 484 487 551 593 626 637 638 682 686 717 730 738 825 830 956
37.9816513761 22.2493887531 31 0 0 1 2 2 7 7 9 12 15 16 16 18 20 26 27 28 28 32 32 34 34 35 35 38 40 40 41 41 43 45 0 0 102 116 236 304 330 334 371 414 415 468 515 540 544 549 576 583 587 611 636 694 705 769 778 840 888 905 907 948 955
52.8440366972 45.9657701711 31 0 0 1 1 2 4 4 6 7 10 12 15 15 17 18 23 23 23 24 26 32 33 35 35 35 35 42 45 46 47 49 0 216 265 270 279 308 347 371 403 415 445 461 481 486 493 494 520 669 684 690 691 733 754 789 811 820 881 896 963 966 991
32.8440366972 69.9266503667 31 0 0 1 4 4 5 7 13 13 14 15 15 17 21 23 26 26 28 29 30 32 35 38 38 39 40 40 41 43 46 47 0 106 123 129 188 193 199 204 258 267 275 296 335 361 418 447 459 573 576 655 665 691 692 738 748 751 774 836 838 946 985
32.2935779817 49.3887530562 31 0 0 2 4 4 5 6 6 6 7 9 9 12 14 16 17 20 21 21 23 25 27 30 31 33 34 35 36 38 42 44 0 0 106 136 140 154 179 226 238 249 257 316 340 342 360 381 416 496 540 552 557 628 671 690 794 814 840 862 941 959 980
50.4587155963 15.6479217604 31 0 0 3 3 5 6 7 10 11 11 11 13 16 16 23 24 24 27 27 28 29 33 37 37 40 40 41 42 42 49 49 0 162 178 255 293 385 391 395 396 426 436 473 478 479 490 555 575 612 616 643 647 746 757 769 786 815 847 848 882 899 902
16.880733945 23.9608801956 31 0 0 4 8 11 11 13 14 17 22 22 23 28 29 30 31 31 31 33 33 35 35 38 38 42 42 42 44 45 45 48 0 178 224 299 358 363 396 405 434 435 446 467 470 478 478 505 533 578 633 665 694 737 815 821 889 918 926 926 928 951 993
34.3119266055 30.8068459658 31 0 3 7 8 9 11 12 12 14 15 16 17 18 19 19 20 22 22 22 27 28 29 29 29 30 32 35 42 43 44 47 0 129 194 218 319 322 349 356 360 362 368 426 432 439 455 466 474 595 598 629 641 647 714 734 764 770 840 859 883 908 935
75.5963302752 66.2591687042 31 0 1 4 4 5 7 8 13 14 15 17 18 20 21 25 26 27 28 29 31 31 33 35 35 41 42 43 44 45 47 49 0 0 113 150 172 198 224 300 303 304 315 360 375 402 445 461 502 530 547 548 570 649 655 709 716 717 887 900 936 962 976
29.3577981651 94.6210268949 31 0 1 2 5 5 6 6 7 8 9 9 13 14 19 20 21 21 29 31 33 34 37 38 39 40 41 42 43 45 46 49 0 0 113 129 182 228 230 314 349 397 427 439 469 472 520 595 692 731 749 792 797 815 824 863 879 888 902 908 910 923 953
29.9082568807 34.7188264059 31 0 4 5 8 9 11 13 14 16 16 17 19 22 22 23 24 24 25 26 27 27 28 29 30 31 37 37 39 40 40 48 0 118 140 166 168 281 308 367 476 588 630 632 633 637 648 691 695 718 736 773 782 789 814 849 914 955 959 961 966 967 977
23.3027522936 52.8117359413 31 0 3 5 7 7 9 12 14 15 17 18 20 20 22 24 27 27 32 35 35 36 37 38 40 42 44 44 45 46 48 49 0 162 184 294 299 324 371 387 421 423 458 473 486 541 564 580 583 633 646 660 698 785 798 826 852 865 869 882 882 947 998
46.7889908257 48.6552567237 31 0 0 0 2 5 5 8 9 11 15 15 16 17 20 20 20 20 28 28 29 31 35 35 35 36 40 45 46 47 47 47 0 173 225 230 261 304 312 316 372 426 444 483 497 532 533 556 578 590 606 642 674 695 805 805 830 842 843 930 960 965 968
36.3302752294 19.0709046455 31 0 5 8 8 11 14 21 21 22 22 23 24 25 27 30 30 32 33 34 36 36 36 37 39 42 42 44 44 45 47 47 0 0 136 176 185 192 209 224 268 306 312 321 363 387 408 411 414 455 530 547 596 615 630 672 715 760 782 789 790 929 971
53.9449541284 9.77995110024 31 0 0 2 4 6 7 8 13 15 15 15 16 16 19 22 23 25 29 31 32 32 33 34 35 35 35 35 38 38 39 40 0 133 172 193 238 253 263 334 372 400 409 416 429 475 489 491 620 626 637 638 642 646 665 712 732 735 913 957 958 965 979
45.504587156 23.4718826406 31 0 1 4 7 8 9 9 11 16 16 17 17 19 19 20 21 24 24 24 26 26 28 36 37 38 40 41 41 43 46 48 0 0 159 194 222 278 337 366 392 422 447 448 449 462 489 592 596 597 601 652 654 677 693 716 740 753 779 820 824 868 904
37.4311926606 35.2078239609 31 0 1 5 6 6 9 10 11 11 11 14 15 17 19 20 21 24 25 25 26 27 27 28 28 34 34 36 39 41 43 44 0 106 125 148 182 187 217 232 256 257 344 394 397 420 491 513 576 576 577 607 703 729 757 793 827 828 828 885 945 962 967
55.2293577982 62.3471882641 31 0 0 2 2 3 3 5 6 6 6 7 10 17 20 20 23 24 27 27 29 32 32 34 35 37 38 41 45 45 46 46 0 124 159 171 217 248 292 347 369 399 435 444 472 502 517 534 560 575 584 698 725 738 785 802 805 812 880 908 948 961 982
47.5229357798 48.8997555012 31 0 2 3 5 6 6 8 8 8 12 12 15 19 21 23 24 25 25 25 27 28 28 29 33 34 36 38 39 40 42 47 0 109 109 201 217 218 222 240 242 257 259 269 272 349 444 480 498 508 520 620 659 669 702 714 756 761 769 839 853 945 978
46.2385321101 19.5599022005 31 0 0 2 2 2 5 5 9 13 13 14 15 15 16 17 18 25 25 25 26 27 28 29 30 35 35 37 42 43 44 46 0 123 126 210 242 245 261 280 373 403 409 422 453 512 524 561 640 648 748 751 786 806 807 873 878 917 931 950 950 970 997
60.9174311927 68.4596577017 31 0 0 1 2 2 2 3 4 6 8 11 11 14 18 20 20 21 26 29 31 32 33 36 36 42 42 44 44 46 48 48 0 114 142 200 220 238 253 262 350 358 389 483 531 535 538 546 555 578 583 604 627 635 636 749 767 782 794 818 892 899 929
27.5229357798 28.6063569682 31 0 2 3 4 5 12 12 13 15 15 15 16 16 17 21 25 26 28 29 29 32 33 33 34 35 36 40 44 45 48 49 0 103 151 162 201 217 227 285 380 390 397 404 407 430 475 506 520 607 608 704 720 746 757 783 786 798 810 867 913 916 933
12.8440366972 28.1173594132 31 0 3 4 4 6 8 8 9 10 18 18 18 20 23 24 25 25 29 32 32 34 35 38 38 39 45 45 47 47 47 48 0 122 133 151 171 230 233 245 258 392 392 418 428 494 504 556 582 586 597 666 713 775 775 781 802 914 922 929 937 991 998
48.623853211 12.4694376528 31 0 1 4 5 5 9 15 16 16 18 19 20 20 21 22 22 25 26 31 31 32 32 32 34 34 37 41 41 43 47 48 0 125 143 149 181 235 262 291 300 361 367 386 566 579 591 628 659 668 731 763 783 786 808 810 827 900 900 930 942 986 996
45.1376146789 17.3594132029 31 0 4 6 7 7 10 12 14 14 15 18 18 19 23 23 24 24 24 25 25 27 30 40 41 41 43 43 43 45 47 47 0 0 109 150 176 187 272 283 330 354 357 381 386 408 421 449 486 492 539 547 574 609 614 644 714 729 821 864 878 892 910
29.7247706422 51.8337408313 31 0 0 0 1 2 2 3 5 5 9 10 13 14 14 15 19 24 27 30 30 34 37 39 42 43 44 44 45 46 49 49 0 210 215 239 265 270 271 322 353 354 366 406 443 468 528 531 550 597 602 717 720 779 819 842 870 894 898 912 913 956 985
29.5412844037 53.5452322738 31 0 4 6 7 8 11 12 14 16 17 20 21 21 22 28 28 29 32 33 33 34 37 38 39 40 42 42 42 42 46 48 0 147 161 189 197 204 225 232 244 303 320 335 386 397 423 476 490 564 575 598 698 787 790 796 812 818 892 895 921 956 998
45.6880733945 91.4425427873 31 0 4 6 9 9 10 11 12 13 16 17 20 22 24 25 29 29 30 31 32 34 36 36 36 41 41 43 45 46 46 47 0 105 137 169 171 193 229 235 278 292 306 314 378 386 503 514 527 542 610 611 618 647 662 663 744 754 796 892 916 934 993
74.128440367 49.1442542787 31 0 1 4 6 6 11 12 13 14 15 16 18 19 20 21 23 26 28 30 30 30 35 39 39 40 42 42 43 45 48 49 0 105 108 160 185 246 296 303 328 338 341 422 489 530 558 589 705 711 744 746 760 781 831 840 840 847 891 919 925 957 980
245
51.2820512821 60.303030303 7
67.8500986193 79.2424242424 2
53.2544378698 47.4242424242 7
65.2859960552 49.5454545455 4
76.7258382643 69.696969697 8
15.3846153846 49.696969697 1
60.157790927 76.6666666667 1
28.4023668639 73.7878787879 4
31.5581854043 57.7272727273 7
41.617357002 74.696969697 6
70.4142011834 27.2727272727 1
89.7435897436 63.9393939394 8
57.9881656805 48.0303030303 7
32.741617357 75.1515151515 2
28.9940828402 68.3333333333 6
76.134122288 68.9393939394 5
59.3688362919 65.0 5
43.392504931 61.6666666667 1
26.0355029586 55.6060606061 6
41.617357002 45.7575757576 6
32.9388560158 71.2121212121 3
46.942800789 41.3636363636 2
54.4378698225 52.8787878788 9
66.2721893491 49.696969697 3
25.641025641 73.9393939394 1
55.8185404339 49.2424242424 4
90.1380670611 59.696969697 1
18.1459566075 53.7878787879 7
51.4792899408 49.696969697 2
46.3510848126 49.2424242424 2
37.4753451677 71.9696969697 2
60.7495069034 56.2121212121 3
74.5562130178 56.5151515152 4
37.2781065089 61.3636363636 2
70.6114398422 66.8181818182 8
8.67850098619 68.9393939394 5
73.3727810651 54.2424242424 3
33.7278106509 15.6060606061 9
30.1775147929 41.5151515152 6
80.4733727811 61.8181818182 6
51.2820512821 37.4242424242 7
28.5996055227 37.2727272727 5
13.8067061144 71.6666666667 9
44.1814595661 33.0303030303 9
77.5147928994 30.1515151515 3
61.5384615385 29.696969697 9
34.1222879684 45.1515151515 9
52.0710059172 64.2424242424 9
34.3195266272 72.8787878788 2
69.033530572 30.303030303 7
78.1065088757 43.7878787879 1
27.2189349112 30.7575757576 3
48.9151873767 23.1818181818 8
67.0611439842 53.6363636364 6
85.2071005917 34.3939393939 8
43.392504931 55.9090909091 3
54.6351084813 39.5454545455 5
76.3313609467 61.6666666667 9
46.7455621302 29.696969697 7
23.865877712 42.1212121212 3
33.1360946746 51.8181818182 7
9.66469428008 76.8181818182 5
56.4102564103 67.1212121212 3
62.9191321499 50.9090909091 6
29.7830374753 55.4545454545 7
38.8560157791 65.0 9
30.3747534517 61.8181818182 6
92.1104536489 49.8484848485 3
58.9743589744 63.6363636364 2
52.4654832347 61.0606060606 5
96.449704142 48.7878787879 7
99.2110453649 44.0909090909 2
63.1163708087 37.7272727273 5
65.2859960552 57.5757575758 9
50.0986193294 42.4242424242 6
56.607495069 53.1818181818 6
44.5759368836 33.3333333333 8
58.7771203156 60.303030303 5
42.9980276134 55.6060606061 1
61.1439842209 58.4848484848 3
32.5443786982 35.0 7
43.1952662722 63.7878787879 3
70.808678501 43.1818181818 2
43.7869822485 68.7878787879 9
60.9467455621 48.9393939394 1
59.9605522682 40.0 7
40.8284023669 29.2424242424 5
57.3964497041 30.0 8
58.9743589744 56.3636363636 5
57.5936883629 39.696969697 7
50.6903353057 42.4242424242 4
42.9980276134 56.9696969697 1
12.2287968442 43.3333333333 9
59.3688362919 76.2121212121 6
34.9112426036 84.5454545455 8
38.067061144 35.9090909091 7
60.3550295858 21.9696969697 9
64.8915187377 25.7575757576 7
68.0473372781 51.2121212121 3
29.3885601578 41.6666666667 9
73.1755424063 48.7878787879 4
55.8185404339 52.7272727273 2
56.2130177515 51.3636363636 4
40.6311637081 63.0303030303 8
62.7218934911 63.6363636364 8
54.6351084813 19.0909090909 1
35.7001972387 53.6363636364 4
83.4319526627 63.6363636364 4
66.6666666667 44.8484848485 2
46.5483234714 47.2727272727 8
10.2564102564 41.8181818182 8
59.9605522682 38.7878787879 2
48.1262327416 68.4848484848 2
15.1873767258 65.4545454545 6
22.2879684418 30.7575757576 5
19.9211045365 48.6363636364 2
68.6390532544 55.1515151515 3
45.3648915187 33.1818181818 1
46.7455621302 35.0 4
80.6706114398 54.8484848485 1
58.9743589744 55.1515151515 8
60.3550295858 16.6666666667 2
75.7396449704 55.303030303 1
49.9013806706 32.4242424242 8
52.2682445759 70.6060606061 5
66.8639053254 54.0909090909 5
88.3629191321 70.303030303 1
47.9289940828 81.8181818182 6
50.0986193294 49.696969697 6
56.4102564103 45.7575757576 4
46.1538461538 46.8181818182 6
69.033530572 34.2424242424 3
48.9151873767 28.3333333333 5
51.4792899408 56.0606060606 7
50.2958579882 36.6666666667 2
39.0532544379 63.1818181818 7
69.6252465483 66.0606060606 2
81.8540433925 38.7878787879 9
56.8047337278 48.4848484848 9
58.9743589744 82.4242424242 2
57.1992110454 43.4848484848 9
39.6449704142 55.0 1
61.5384615385 73.9393939394 6
16.5680473373 43.1818181818 1
33.1360946746 51.3636363636 3
24.4575936884 66.9696969697 3
43.1952662722 39.2424242424 9
68.2445759369 78.3333333333 5
64.2998027613 59.5454545455 9
51.8737672584 27.8787878788 4
0.0 77.7272727273 4
38.8560157791 71.5151515152 7
41.0256410256 43.4848484848 5
61.1439842209 55.9090909091 7
82.8402366864 64.3939393939 4
60.157790927 86.2121212121 1
41.617357002 65.303030303 5
27.0216962525 50.7575757576 5
58.382642998 35.1515151515 2
63.1163708087 36.2121212121 8
41.617357002 0.0 6
57.5936883629 56.3636363636 3
55.0295857988 73.6363636364 2
43.1952662722 52.2727272727 1
81.6568047337 26.9696969697 6
76.9230769231 66.3636363636 6
21.3017751479 71.0606060606 4
62.5246548323 47.1212121212 6
56.607495069 33.7878787879 7
19.1321499014 27.5757575758 1
47.1400394477 71.5151515152 6
54.6351084813 95.7575757576 2
77.7120315582 18.0303030303 1
67.258382643 42.4242424242 9
72.3865877712 61.9696969697 3
46.7455621302 46.3636363636 1
55.4240631164 48.6363636364 9
56.2130177515 47.4242424242 5
73.9644970414 50.0 7
82.6429980276 32.7272727273 3
53.2544378698 35.303030303 6
49.5069033531 55.9090909091 7
58.5798816568 58.6363636364 4
55.4240631164 56.0606060606 5
66.2721893491 71.2121212121 2
31.1637080868 63.4848484848 2
54.4378698225 43.9393939394 5
44.9704142012 65.7575757576 3
52.2682445759 70.0 2
60.3550295858 35.6060606061 7
58.382642998 63.3333333333 1
35.8974358974 48.0303030303 2
67.4556213018 60.0 6
96.6469428008 41.9696969697 7
75.3451676529 100.0 7
45.5621301775 58.4848484848 8
45.16765286 57.4242424242 3
48.9151873767 74.2424242424 6
59.1715976331 58.4848484848 1
49.7041420118 32.2727272727 7
69.6252465483 46.6666666667 2
47.3372781065 58.1818181818 6
100.0 50.7575757576 4
59.1715976331 26.8181818182 3
31.9526627219 23.1818181818 7
54.4378698225 46.9696969697 8
52.2682445759 53.6363636364 5
72.58382643 62.1212121212 7
28.4023668639 92.2727272727 8
55.6213017751 51.5151515152 4
50.4930966469 44.2424242424 4
41.4201183432 45.4545454545 8
23.0769230769 38.4848484848 1
55.2268244576 59.2424242424 6
44.5759368836 47.1212121212 6
57.7909270217 58.4848484848 3
50.8875739645 71.9696969697 4
35.8974358974 54.3939393939 9
19.1321499014 79.3939393939 1
62.5246548323 54.3939393939 8
63.9053254438 68.1818181818 8
20.5128205128 50.6060606061 4
16.9625246548 62.1212121212 9
42.4063116371 21.5151515152 5
56.607495069 34.0909090909 2
44.5759368836 55.1515151515 1
63.3136094675 53.1818181818 1
64.1025641026 68.9393939394 7
38.4615384615 40.0 4
46.942800789 60.4545454545 5
49.7041420118 47.1212121212 8
19.5266272189 37.1212121212 1
53.2544378698 41.9696969697 9
97.6331360947 54.2424242424 3
36.8836291913 52.2727272727 7
55.8185404339 53.4848484848 9
56.0157790927 69.8484848485 3
62.5246548323 55.7575757576 9
43.9842209073 71.8181818182 2
41.8145956607 56.6666666667 3
34.7140039448 66.5151515152 7
64.2998027613 54.2424242424 8
69.6252465483 31.6666666667 1
52.0710059172 35.1515151515 4
72.9783037475 61.6666666667 4
