223
73.4607218684 61.28 27 0 1 4 8 10 11 20 21 24 24 24 25 28 28 30 30 33 34 35 36 36 38 39 41 42 47 48 0 120 149 156 198 200 218 271 367 372 533 627 656 681 730 735 742 759 782 795 814 902 923 935 946 948 964
69.0021231423 75.36 27 0 0 1 2 3 5 5 5 5 6 12 13 14 14 20 20 21 22 23 25 31 35 35 38 40 42 46 0 153 184 213 348 373 442 456 543 581 594 604 638 639 646 647 668 678 692 706 769 771 800 820 846 955 959
67.5159235669 35.52 27 0 3 12 12 13 15 17 18 20 21 21 23 25 26 28 29 31 31 33 34 35 37 42 44 44 46 48 0 104 113 213 215 246 276 288 298 342 350 376 407 432 437 455 466 496 576 601 607 666 682 755 814 816 954
82.8025477707 50.24 27 0 0 1 2 3 3 4 4 5 6 6 12 17 19 22 24 25 30 30 32 32 33 34 35 39 43 48 0 152 192 198 203 206 208 215 223 229 250 269 351 408 409 454 483 502 527 531 576 589 681 735 740 753 786
41.6135881104 34.24 27 0 2 4 5 7 11 13 13 14 17 20 20 24 24 25 28 29 29 32 33 34 38 39 40 41 47 48 0 133 135 148 177 263 270 293 342 360 431 445 510 514 582 640 654 721 777 790 864 868 871 876 889 940 982
21.8683651805 73.12 27 0 2 3 5 6 6 7 7 9 10 11 13 17 18 25 27 28 30 30 32 33 39 39 44 44 46 47 0 113 159 170 248 287 352 354 357 358 491 492 553 571 598 616 637 645 678 714 730 765 779 794 801 869 964
61.5711252654 47.84 27 0 0 2 3 4 7 8 10 10 11 12 13 14 16 19 23 24 26 36 39 42 43 45 46 47 49 49 0 125 147 179 187 208 244 251 278 351 411 436 489 517 603 699 712 753 753 775 779 782 786 878 887 933 992
28.8747346072 52.48 27 0 4 4 5 7 7 7 13 15 20 21 23 25 26 29 30 33 37 38 39 42 43 46 47 47 48 48 0 102 105 148 158 167 198 198 304 319 321 354 357 426 458 481 524 525 526 735 759 774 785 801 979 983 984
91.932059448 53.92 27 0 1 3 4 4 7 10 14 17 20 26 26 26 26 29 29 30 31 32 35 37 39 41 46 46 47 47 0 135 135 164 290 339 353 445 448 459 462 473 479 613 635 673 705 707 720 783 815 835 861 872 884 993 994
83.864118896 69.92 27 0 1 1 2 2 2 3 3 4 5 5 10 11 15 17 20 20 22 26 31 38 42 42 42 43 43 45 0 221 246 266 333 341 362 399 514 516 573 585 594 610 666 666 673 679 680 694 740 815 840 841 876 918 977
39.0658174098 63.84 27 0 2 5 5 6 12 12 13 14 17 21 21 23 24 26 26 26 28 29 31 32 37 39 39 40 41 43 0 174 207 234 263 295 297 314 334 357 413 469 495 518 535 586 624 656 683 734 761 822 831 867 990 997 999
42.6751592357 36.32 27 0 2 6 8 8 9 10 11 11 12 14 15 16 17 21 22 24 30 31 31 35 39 39 40 46 47 49 0 142 172 219 238 286 321 405 459 467 505 509 561 582 591 597 645 648 649 689 795 838 864 868 897 923 943
21.4437367304 44.64 27 0 1 2 2 4 5 11 12 15 16 17 20 20 22 24 26 28 32 32 39 41 44 46 46 49 49 49 0 138 180 211 344 349 433 450 465 558 604 619 626 634 644 662 673 684 695 767 771 813 817 866 882 972 995
28.4501061571 68.96 27 0 4 5 5 7 9 10 13 15 17 18 18 19 21 21 26 27 31 32 32 35 37 40 43 43 44 46 0 0 229 339 355 402 403 432 450 508 527 592 595 604 635 652 667 673 698 700 744 889 894 908 922 926 956
64.5435244161 78.08 27 0 1 2 2 2 3 9 9 10 10 12 16 16 17 17 18 22 24 24 24 28 28 33 35 38 39 47 0 207 215 264 360 364 395 406 412 416 434 456 483 572 573 616 623 642 673 780 780 845 874 940 945 971 999
60.9341825902 55.04 27 0 0 1 1 4 8 10 11 11 12 17 17 18 21 22 25 26 26 29 30 31 34 35 38 41 44 46 0 113 157 231 272 327 346 347 361 431 458 483 504 506 526 526 542 571 577 581 592 595 605 642 681 769 963
71.3375796178 53.44 27 0 0 0 3 4 6 10 11 14 15 17 18 19 24 27 28 30 32 32 32 33 38 38 38 40 41 48 0 125 159 165 242 301 376 396 452 528 565 609 623 625 669 676 733 737 810 823 839 840 866 879 883 884 926
6.36942675159 62.24 27 0 2 7 11 11 12 12 14 18 19 20 24 24 24 25 33 33 35 35 38 39 39 39 45 45 47 49 0 121 121 134 154 177 258 286 310 345 363 389 406 513 582 586 611 663 738 748 773 806 886 917 928 950 952
0.0 28.16 27 0 5 6 7 8 10 11 12 12 17 22 24 29 29 29 30 33 36 37 37 37 40 42 42 43 45 45 0 142 162 181 325 326 342 367 384 430 438 460 546 611 632 635 680 684 685 692 702 781 808 872 954 969 977
67.3036093418 26.56 27 0 1 2 4 5 5 6 11 14 16 17 17 19 20 26 27 29 29 29 32 34 35 36 40 44 45 46 0 117 119 241 289 295 339 444 459 470 490 504 578 599 615 651 659 705 756 773 786 791 849 871 881 929 992
70.9129511677 48.96 27 0 1 3 3 8 8 14 16 17 19 20 20 21 21 22 22 31 32 34 37 37 38 40 42 43 44 49 0 192 230 276 296 297 330 346 388 424 434 516 537 546 588 626 642 646 653 699 709 742 857 866 954 962 975
46.0721868365 46.4 27 0 0 1 2 4 5 5 5 6 8 11 14 17 18 20 21 24 26 27 32 33 36 43 45 46 47 47 0 114 145 161 260 282 284 310 501 592 608 616 640 642 676 695 741 756 815 818 849 869 870 893 922 924 992
19.7452229299 16.96 27 0 1 2 3 6 8 8 9 12 13 14 15 19 26 28 35 36 36 37 37 39 39 39 41 43 48 48 0 137 139 140 164 331 405 481 483 547 582 586 599 605 625 631 644 711 750 768 854 856 915 922 925 954 966
50.9554140127 42.24 27 0 4 4 6 8 10 12 14 14 17 19 19 20 23 29 31 31 32 36 37 38 41 41 45 46 48 49 0 106 156 232 235 287 302 308 337 359 410 452 455 508 510 536 539 615 681 743 748 772 815 823 861 927 965
19.957537155 47.52 27 0 3 4 5 7 7 8 10 10 12 13 15 16 16 18 18 20 21 31 32 33 38 42 42 44 45 48 0 125 137 140 207 281 344 354 474 486 510 512 522 523 545 584 649 684 747 807 818 848 877 918 955 962 995
55.2016985138 55.04 27 0 1 1 4 5 6 7 8 8 9 9 12 12 13 15 16 16 19 19 21 25 27 32 34 35 39 49 0 100 101 166 168 204 256 257 292 370 416 418 477 478 539 554 583 655 660 698 707 746 781 790 809 814 918
63.2696390658 49.76 27 0 5 8 13 15 15 16 16 16 17 22 25 28 30 30 30 30 32 35 35 39 41 41 43 46 47 48 0 101 124 144 164 257 390 413 426 458 593 617 620 630 652 685 701 751 753 767 774 801 822 880 947 948 956
37.1549893843 69.12 27 0 4 6 6 10 12 14 16 16 16 17 20 20 21 21 24 24 24 24 25 25 36 40 43 44 46 49 0 0 106 110 180 190 230 273 365 387 427 427 491 510 522 565 604 657 701 730 741 741 794 795 882 927 943
7.2186836518 52.0 27 0 0 1 4 4 6 8 11 11 11 15 18 19 23 28 30 35 37 40 40 41 42 43 43 44 48 48 0 137 152 201 221 264 288 352 358 382 410 453 485 497 575 584 616 697 814 818 835 855 869 911 952 970 979
52.8662420382 55.68 27 0 1 4 4 5 5 5 10 11 14 16 18 19 19 20 22 26 26 27 30 33 35 35 39 40 41 49 0 139 143 209 210 222 227 231 268 336 371 399 444 453 536 680 699 739 790 844 903 906 916 947 967 967 999
63.4819532909 0.0 27 0 3 6 10 11 15 16 18 19 20 23 25 29 31 32 32 35 35 40 40 41 45 45 45 47 48 49 0 121 122 129 155 258 303 320 367 391 412 493 496 517 529 537 649 667 724 749 763 768 801 877 934 964 975
53.9278131635 46.08 27 0 0 1 2 3 7 11 13 14 14 17 19 20 22 22 25 26 37 37 38 39 41 41 43 45 46 47 0 0 148 232 298 342 393 466 479 495 500 533 551 555 561 631 651 688 723 725 776 789 934 934 968 985 987
84.5010615711 35.2 27 0 0 0 1 5 6 8 9 11 15 20 21 24 25 25 26 26 26 29 32 33 35 35 40 41 48 49 0 130 133 145 198 208 271 318 318 335 534 563 620 622 631 635 708 776 820 824 827 861 902 910 933 986 995
56.6878980892 73.12 27 0 3 5 7 8 10 11 14 14 15 19 19 21 22 28 31 31 32 33 36 40 41 42 45 46 47 48 0 126 152 155 182 304 306 328 444 525 526 533 575 599 601 660 696 743 755 756 772 777 850 864 884 897 986
68.7898089172 42.88 27 0 0 1 2 4 6 7 7 9 10 10 13 16 16 19 23 24 25 29 30 32 32 33 33 34 37 48 0 124 172 189 222 253 273 314 317 356 394 436 488 579 584 597 610 617 629 654 753 761 785 822 835 970 997
32.4840764331 32.96 27 0 1 1 2 3 8 8 14 19 20 21 21 23 26 28 29 30 32 35 36 39 43 45 46 48 49 49 0 155 190 222 258 321 333 335 432 451 501 530 552 571 600 656 665 689 715 721 757 770 796 811 845 866 921
75.1592356688 26.56 27 0 1 5 7 10 12 15 15 16 21 22 23 23 25 27 30 31 31 32 35 38 40 40 40 46 48 49 0 119 162 226 256 323 347 349 394 528 554 644 651 660 669 686 711 718 732 768 873 880 883 891 901 987 996
56.6878980892 28.16 27 0 2 4 4 6 7 9 13 14 15 22 24 26 29 31 33 33 36 36 36 36 39 39 44 44 44 48 0 118 122 142 216 313 335 387 404 436 494 511 516 582 621 623 624 655 717 734 803 807 822 882 919 936 984
47.5583864119 47.2 27 0 1 2 2 3 4 7 9 9 10 12 12 14 15 15 16 18 20 27 32 33 36 36 41 44 46 47 0 0 113 116 164 214 268 289 293 365 510 513 603 729 731 780 811 818 830 836 842 858 860 882 884 893 921
52.4416135881 43.84 27 0 1 4 4 6 10 11 14 16 16 17 20 21 24 25 25 25 26 30 32 32 38 38 39 43 44 49 0 102 125 231 279 286 286 331 344 353 358 371 423 433 475 485 527 587 592 658 756 773 804 878 896 909 954
18.0467091295 33.12 27 0 3 4 4 7 8 8 13 14 19 21 23 23 24 25 28 28 29 32 34 36 37 40 42 44 45 46 0 119 125 144 158 160 188 211 279 378 406 432 441 446 463 529 541 568 574 579 697 714 725 759 875 912 930
36.9426751592 31.68 27 0 0 1 3 6 6 9 12 14 16 17 18 23 28 29 31 31 33 33 34 36 43 43 47 49 49 49 0 0 191 199 243 258 299 315 348 350 352 392 398 407 452 486 584 623 673 699 708 808 848 884 948 965 986
60.9341825902 37.6 27 0 3 6 6 12 13 20 22 23 23 33 33 33 33 33 34 34 36 37 39 40 41 43 44 44 45 48 0 0 148 178 212 216 320 333 337 345 387 395 432 439 466 470 638 690 697 710 710 829 837 860 864 888 931
44.3736730361 28.32 27 0 3 4 5 5 5 6 8 8 11 11 14 14 14 20 21 22 24 26 26 30 31 41 42 45 49 49 0 116 142 165 167 214 231 331 334 372 376 394 417 487 608 638 648 658 697 720 730 749 770 810 906 965 967
45.0106157113 19.36 27 0 0 2 8 9 13 14 17 18 23 25 25 26 30 30 32 33 34 34 34 35 39 40 42 43 44 44 0 0 102 197 231 245 258 258 303 305 377 389 399 461 609 618 626 637 660 687 730 794 805 970 971 978 978
12.5265392781 35.36 27 0 5 13 14 16 16 24 27 27 30 32 33 33 34 35 37 38 40 41 43 43 45 45 46 47 48 48 0 0 101 138 182 256 267 282 342 359 392 502 515 557 593 599 634 658 697 738 748 788 793 839 907 919 959
76.4331210191 37.44 27 0 3 3 3 5 9 10 11 20 20 23 24 25 30 31 34 35 36 37 39 39 42 42 45 45 48 49 0 118 150 186 191 198 217 231 311 328 345 368 392 454 576 652 740 768 779 779 817 823 834 913 919 995 995
39.7027600849 31.2 27 0 2 4 6 6 10 11 17 18 22 23 24 24 25 29 32 33 34 34 39 40 42 43 44 45 47 47 0 0 111 113 128 141 156 216 221 228 263 288 324 338 351 509 551 602 646 655 658 717 733 749 832 881 997
11.0403397028 81.76 27 0 3 3 5 8 9 9 10 11 11 13 14 16 17 18 18 18 19 23 30 31 36 39 40 40 41 42 0 104 137 216 274 297 316 327 342 398 436 571 647 716 729 757 774 776 814 846 848 862 869 886 904 956 995
49.0445859873 38.24 27 0 8 10 12 13 14 19 21 21 22 26 31 34 34 35 36 38 39 40 40 40 40 41 42 47 47 49 0 175 184 194 212 292 309 321 327 368 377 430 460 524 588 599 656 658 666 737 809 829 831 833 835 859 912
34.3949044586 48.96 27 0 1 2 4 5 8 9 12 12 13 16 17 21 22 28 29 29 29 35 37 37 37 37 38 38 39 41 0 123 175 269 300 310 318 348 367 447 472 485 511 630 772 779 811 840 840 847 848 857 881 914 925 952 960
50.7430997877 19.52 27 0 0 2 7 9 12 12 13 13 14 15 17 26 28 29 31 34 36 37 37 37 37 37 37 38 41 47 0 108 201 202 209 261 275 347 376 379 397 404 408 412 494 525 545 611 651 695 730 806 808 906 934 976 997
50.3184713376 61.44 27 0 0 3 4 8 11 13 14 16 19 19 21 22 23 27 29 29 30 31 31 31 33 34 40 40 42 47 0 144 195 209 307 328 376 403 423 437 444 469 474 574 591 608 648 674 674 689 791 793 794 854 913 931 969
4.88322717622 44.0 27 0 0 2 3 4 5 5 7 9 11 13 13 16 17 17 22 27 28 29 30 31 33 33 38 40 43 49 0 161 174 186 188 202 205 262 299 387 400 471 527 611 628 661 713 729 787 794 822 828 891 913 935 974 995
66.2420382166 57.12 27 0 2 2 4 6 6 8 9 11 16 17 18 23 28 30 30 31 32 32 33 35 37 37 43 44 45 46 0 118 131 203 241 253 318 362 398 495 537 540 555 564 689 697 738 738 791 802 815 834 843 886 893 915 996
91.7197452229 27.04 27 0 7 7 10 14 15 15 17 17 20 26 26 28 28 28 30 31 34 37 38 39 40 43 44 47 47 49 0 0 113 159 210 221 251 266 323 345 432 451 452 486 642 773 803 808 814 850 879 898 898 916 935 944 983
46.7091295117 40.0 27 0 0 1 4 4 5 6 7 8 8 9 10 14 14 15 18 18 31 32 33 36 36 37 40 43 44 46 0 155 202 217 224 320 350 410 493 527 552 562 579 594 625 658 717 720 735 783 857 864 882 898 904 940 945
47.7707006369 57.28 27 0 3 5 6 7 13 13 14 15 15 23 24 27 27 28 30 32 35 39 40 40 41 45 46 46 47 49 0 128 184 200 221 247 263 294 299 306 311 352 376 389 445 493 583 593 606 620 626 634 742 865 865 943 985
37.3673036093 36.16 27 0 1 2 5 6 6 8 10 11 13 13 15 20 22 24 28 29 31 34 35 37 38 38 39 42 48 48 0 0 168 173 186 267 354 421 460 485 490 494 503 525 588 600 666 714 716 722 740 777 785 827 844 958 978
85.9872611465 51.68 27 0 0 1 9 10 12 13 15 15 20 21 25 25 27 29 31 33 34 34 36 36 37 41 43 44 45 48 0 117 122 122 139 238 257 351 361 394 401 412 424 441 463 483 531 550 638 829 867 878 897 958 970 971 976
44.7983014862 22.08 27 0 1 4 5 5 6 6 7 8 9 14 14 21 21 22 24 24 25 25 26 33 34 38 43 43 45 46 0 153 161 316 320 334 391 395 536 583 665 683 728 742 745 746 760 810 857 861 899 909 935 945 951 958 985
40.127388535 54.4 27 0 0 1 3 3 3 7 14 14 15 17 17 18 20 20 21 21 24 26 30 31 33 39 40 43 43 48 0 120 121 193 239 257 322 349 379 382 384 484 592 614 621 642 649 704 732 747 788 825 829 854 915 953 977
12.3142250531 46.56 27 0 0 6 8 11 12 23 24 25 29 29 31 31 32 35 35 35 36 37 38 39 39 40 42 44 46 48 0 0 151 165 169 206 232 337 349 463 530 546 559 562 587 709 719 754 765 811 828 839 935 966 984 988 994
32.2717622081 61.76 27 0 0 6 9 10 11 13 19 20 23 23 23 28 29 30 31 32 33 36 37 38 40 41 42 45 48 48 0 135 138 154 239 243 248 249 329 330 344 370 424 508 513 515 625 629 653 689 710 712 790 805 865 869 926
80.6794055202 52.96 27 0 0 1 1 5 5 6 9 10 10 12 22 23 24 24 27 27 28 32 33 34 45 46 46 46 48 49 0 100 135 175 232 303 305 319 352 371 407 428 481 551 552 558 580 593 656 684 794 811 835 874 933 936 998
57.1125265393 39.84 27 0 0 2 4 4 4 8 11 12 14 16 22 23 24 24 28 30 32 33 35 37 38 43 43 45 48 49 0 0 190 205 240 256 269 275 276 288 419 502 519 524 556 576 579 604 630 713 740 774 811 819 829 865 874
24.8407643312 51.84 27 0 2 4 5 5 6 12 12 14 15 18 18 21 26 29 32 33 35 38 39 40 41 45 46 47 48 49 0 0 104 106 156 247 283 307 316 323 390 479 490 544 548 556 623 703 749 750 760 798 844 867 898 956 999
93.8428874735 60.32 27 0 0 1 2 3 3 5 8 9 19 21 22 22 23 27 31 31 34 37 40 42 44 44 44 44 45 49 0 132 175 193 227 308 310 336 369 370 433 439 471 499 564 574 576 659 717 718 758 758 813 832 861 944 957
50.7430997877 44.96 27 0 0 1 2 3 7 8 11 14 15 17 18 21 23 23 24 28 28 29 29 33 35 35 36 41 43 49 0 134 137 240 249 272 276 292 396 423 497 515 544 549 565 567 663 702 754 795 817 825 834 902 935 965 966
52.8662420382 54.24 27 0 1 4 5 6 6 8 11 11 11 14 14 15 16 18 19 23 25 25 29 29 34 37 37 39 42 45 0 103 167 225 228 258 352 363 418 470 477 509 511 559 588 595 705 731 770 787 807 851 907 908 923 941 998
58.1740976645 47.84 27 0 3 6 9 11 12 19 20 22 22 23 23 24 26 26 28 28 29 33 33 36 38 40 43 46 47 49 0 0 180 195 288 317 319 354 392 441 476 494 517 517 561 608 610 615 646 684 699 751 760 760 821 910 939
71.7622080679 54.56 27 0 1 3 4 6 7 8 13 15 18 19 19 22 22 23 24 25 28 29 33 34 34 34 40 40 43 46 0 113 255 263 386 448 491 514 533 534 537 576 591 647 720 725 728 737 808 840 872 895 920 937 939 947 986
78.7685774947 43.2 27 0 0 1 1 2 3 5 6 11 12 15 18 19 20 22 23 25 26 27 28 34 34 43 46 48 48 49 0 113 129 129 137 141 142 192 209 244 260 274 327 343 421 430 453 465 513 555 601 792 795 891 919 950 975
18.8959660297 39.68 27 0 3 4 16 17 18 20 23 26 26 26 30 30 32 35 36 36 38 39 39 39 40 42 45 45 45 49 0 118 185 185 189 191 224 225 230 291 309 376 394 429 448 515 520 521 597 627 634 680 696 875 916 942 956
59.2356687898 40.96 27 0 4 9 10 13 16 16 17 17 18 20 20 22 22 23 31 32 33 36 36 38 41 43 44 44 47 48 0 0 171 202 255 260 263 322 332 332 335 348 352 366 429 431 498 519 544 594 691 707 750 804 851 951 994
68.7898089172 66.56 27 0 2 5 6 6 8 8 15 16 20 21 23 24 26 27 33 34 35 35 35 45 47 48 48 48 49 49 0 126 184 186 285 309 322 388 421 458 520 557 558 576 582 610 701 719 767 791 797 853 863 938 986 988 990
55.6263269639 53.44 27 0 0 4 5 9 13 16 17 17 17 18 18 22 25 26 28 32 35 35 36 39 39 41 43 44 45 49 0 165 295 308 337 359 382 499 517 536 564 600 618 633 638 656 682 683 748 836 850 866 872 884 885 912 944
72.8237791932 41.6 27 0 0 1 3 4 5 14 18 19 19 21 22 24 24 25 28 28 29 31 32 33 34 36 39 43 47 49 0 131 132 219 222 282 285 309 315 322 332 465 586 595 601 612 705 719 786 788 823 833 866 904 936 937 938
30.5732484076 51.2 27 0 2 2 6 6 6 8 11 12 13 16 17 17 23 23 24 27 27 36 37 38 43 44 44 45 46 48 0 108 201 206 251 256 259 266 294 366 475 579 580 656 690 694 712 737 741 752 800 810 822 837 874 966 969
37.5796178344 58.24 27 0 1 1 3 6 9 12 13 15 17 21 22 25 28 28 32 33 33 39 40 40 40 42 44 44 45 48 0 0 179 249 281 291 296 390 394 453 474 566 613 613 623 648 657 661 683 732 751 782 787 797 805 925 948
73.6730360934 52.64 27 0 2 2 2 3 4 4 5 7 8 11 19 20 21 23 23 26 27 30 30 32 35 36 36 39 42 44 0 130 164 223 227 342 400 431 439 445 448 524 540 579 581 583 660 663 711 713 730 784 805 868 955 959 984
11.889596603 56.32 27 0 0 1 1 4 5 5 5 12 17 18 24 27 28 29 33 33 39 40 41 41 41 47 47 47 47 48 0 0 170 176 191 237 299 308 341 381 418 435 483 548 568 653 674 721 737 807 843 854 912 926 933 945 972
41.4012738854 29.44 27 0 2 2 3 6 8 8 8 11 13 22 24 28 28 29 29 31 33 36 36 37 40 43 44 45 46 49 0 172 183 196 198 202 255 316 339 364 378 432 451 509 522 534 600 631 692 735 787 818 836 838 936 990 992
68.152866242 32.32 27 0 3 4 6 7 9 11 14 17 19 21 23 23 25 25 29 29 29 32 35 36 38 38 42 43 43 49 0 0 272 274 305 307 309 327 346 409 474 527 553 596 640 672 673 697 704 706 725 799 834 882 885 888 944
29.9363057325 69.28 27 0 3 7 8 9 10 12 15 16 19 20 22 23 27 28 29 31 31 32 33 34 35 41 43 44 45 49 0 0 127 159 176 187 224 259 471 477 482 504 510 518 532 551 599 728 743 811 885 886 889 948 951 974 977
42.4628450106 32.0 27 0 2 4 4 6 7 7 12 15 20 21 23 26 27 28 29 32 36 37 38 39 41 41 43 46 49 49 0 120 124 168 176 188 222 244 261 264 298 311 412 479 517 575 600 613 721 744 749 783 829 834 874 910 973
34.8195329087 43.04 27 0 0 1 6 6 11 15 17 19 20 21 23 24 26 27 28 29 30 32 37 41 43 44 44 46 48 49 0 216 303 363 364 385 388 413 418 505 572 603 623 625 635 644 660 706 722 734 818 832 868 922 929 935 953
51.1677282378 22.08 27 0 0 1 2 7 10 10 10 15 18 22 25 27 27 28 30 30 32 35 36 36 39 40 41 42 47 49 0 104 171 174 186 323 350 407 420 481 539 592 608 627 696 741 770 786 810 836 844 850 874 926 940 962 992
57.9617834395 67.84 27 0 0 0 1 10 10 12 14 16 16 21 25 26 30 30 30 32 32 32 33 35 38 41 43 46 46 49 0 0 138 153 169 239 283 306 310 386 391 401 412 431 443 461 499 689 724 762 849 867 914 959 960 966 990
26.7515923567 69.28 27 0 0 4 6 8 11 11 11 18 25 25 25 31 34 34 34 35 37 39 40 40 40 42 44 47 47 48 0 119 122 126 161 202 219 252 266 313 317 328 334 337 376 609 632 751 776 791 827 830 862 904 941 962 979
61.9957537155 44.96 27 0 1 4 14 15 15 17 17 18 20 20 20 22 23 23 25 27 28 28 29 29 34 34 34 35 39 41 0 0 152 176 190 203 218 232 238 288 353 363 387 465 474 593 626 636 636 729 809 862 888 895 913 987 993
70.2760084926 42.08 27 0 0 1 3 12 18 19 21 21 21 22 23 24 26 29 30 31 34 37 37 38 38 45 47 48 49 49 0 105 110 130 135 138 160 248 248 287 393 439 511 519 677 686 715 724 725 775 830 831 839 856 864 918 992
23.991507431 44.96 27 0 3 4 5 6 6 8 10 11 12 14 17 23 25 25 25 25 29 30 32 35 40 41 43 45 48 48 0 119 146 149 210 271 334 368 387 396 475 537 553 566 583 655 668 677 683 734 800 875 912 927 939 943 968
76.008492569 18.88 27 0 0 1 4 5 5 9 11 11 21 22 23 25 26 27 32 35 35 36 38 40 41 42 44 44 44 45 0 0 101 152 222 263 299 300 302 315 329 331 350 379 394 515 517 596 654 721 783 805 813 877 920 930 937
31.847133758 39.68 27 0 0 1 2 5 5 9 10 12 15 15 15 15 16 19 21 24 27 31 32 32 32 34 37 37 44 49 0 0 122 188 195 300 349 376 435 455 473 504 531 553 580 581 610 643 656 656 706 718 770 842 857 887 942
44.7983014862 33.44 27 0 1 1 8 9 13 13 15 15 15 23 24 24 27 29 33 37 41 44 45 45 45 47 48 48 49 49 0 103 113 116 250 350 365 367 375 393 396 446 477 491 608 648 723 750 761 777 813 859 862 902 918 951 996
47.983014862 72.32 27 0 1 1 2 2 3 5 6 6 8 10 12 14 14 23 23 24 26 27 27 37 38 39 40 44 44 45 0 0 178 183 195 240 246 247 247 253 278 324 396 481 510 561 585 614 620 679 848 893 913 914 950 951 993
77.0700636943 42.4 27 0 0 2 4 7 8 9 12 15 15 15 17 20 23 26 28 28 29 35 35 38 40 45 45 48 48 49 0 113 181 194 236 241 266 283 320 323 504 516 535 546 568 598 627 721 735 790 823 856 884 916 919 940 948
60.2972399151 35.68 27 0 0 2 2 3 5 5 6 8 10 12 13 14 15 18 19 23 25 29 29 33 37 37 38 40 41 44 0 107 107 201 224 231 304 329 387 434 584 622 629 631 631 667 677 682 715 723 784 787 790 854 891 913 957
47.7707006369 46.72 27 0 1 3 4 5 6 6 7 9 9 9 10 16 18 19 19 20 23 26 27 29 31 36 37 39 43 44 0 0 202 233 236 241 242 266 282 289 320 320 393 431 442 468 547 547 561 589 750 757 796 834 889 903 965
22.7176220807 19.2 27 0 1 5 7 11 13 14 14 15 15 18 22 23 26 26 27 28 28 33 33 35 37 38 40 42 44 45 0 0 138 189 267 306 350 379 402 455 461 532 544 592 611 616 647 666 705 710 732 747 762 830 898 905 979
71.974522293 34.08 27 0 0 1 2 3 5 7 11 14 15 16 18 21 21 22 24 30 31 32 33 35 40 40 40 45 49 49 0 143 148 175 194 250 288 348 364 366 396 417 424 432 501 553 666 695 697 731 812 838 856 863 884 915 976
41.6135881104 81.76 27 0 0 2 8 8 9 15 15 15 20 21 23 26 30 31 31 36 37 37 39 40 42 44 45 46 47 49 0 0 184 259 271 290 306 334 339 440 453 619 668 673 726 736 762 802 807 839 850 925 931 939 942 948 983
43.0997876858 39.2 27 0 1 2 2 3 5 6 10 11 12 13 16 18 20 20 21 26 32 37 38 38 39 41 44 44 45 49 0 100 106 153 159 221 247 300 324 345 357 527 597 608 632 705 715 719 756 809 822 911 942 957 979 982 989
55.838641189 83.36 27 0 1 1 1 2 2 3 7 11 12 12 15 18 19 22 23 23 23 30 30 33 33 34 37 43 44 47 0 234 247 257 261 275 284 294 296 301 305 339 481 530 554 565 673 700 701 702 788 796 807 911 927 938 968
34.8195329087 32.96 27 0 1 4 4 5 9 9 9 11 14 14 16 17 18 22 23 30 31 37 39 42 43 43 44 45 45 48 0 0 190 191 212 252 312 330 331 364 367 370 376 437 511 529 583 597 600 606 625 634 682 723 882 926 995
14.4373673036 61.92 27 0 1 1 6 8 8 9 10 11 12 13 17 18 19 27 32 32 32 34 36 36 38 40 47 49 49 49 0 113 149 162 169 172 182 203 207 308 309 311 384 386 492 493 520 576 602 637 703 790 793 869 887 959 994
79.6178343949 81.76 27 0 2 4 4 5 5 5 5 6 8 9 11 12 14 14 19 22 23 26 31 32 34 35 37 39 41 45 0 0 144 146 152 223 254 300 353 366 387 411 417 428 656 689 697 755 777 780 785 795 802 808 903 965 996
66.2420382166 49.44 27 0 1 2 2 6 11 14 16 16 17 18 18 20 22 26 29 29 30 34 38 43 46 46 48 48 49 49 0 114 131 187 285 332 386 432 458 494 507 539 550 612 656 661 705 728 750 770 823 846 854 941 976 985 993
78.9808917197 18.24 27 0 10 14 14 14 15 16 17 18 23 23 24 25 25 30 32 32 34 35 36 40 42 42 45 45 47 49 0 0 117 121 123 124 215 304 410 487 530 551 623 648 666 678 681 687 699 701 762 787 876 885 887 940 948
48.8322717622 100.0 27 0 0 1 2 8 12 14 15 17 19 22 22 25 25 32 32 36 36 36 37 39 40 41 43 46 47 47 0 142 143 147 237 247 248 308 355 376 385 396 403 485 487 532 576 577 643 684 691 697 744 841 886 915 951
20.3821656051 39.84 27 0 1 5 11 13 15 16 18 20 21 21 22 23 24 24 29 30 32 33 35 37 41 42 44 45 45 46 0 293 341 354 362 375 388 409 413 438 456 470 486 492 533 571 693 718 767 768 782 790 829 916 930 935 982
60.2972399151 46.4 27 0 0 1 1 4 5 8 12 13 14 17 17 17 19 19 20 23 23 23 24 24 27 35 41 43 47 48 0 0 108 119 137 196 325 348 367 411 415 452 490 529 570 599 599 688 714 748 769 777 800 842 875 987 991
58.5987261146 34.56 27 0 0 4 5 9 14 15 18 20 21 24 28 31 33 36 37 37 37 41 44 45 45 46 47 48 48 49 0 104 119 159 227 250 317 346 371 406 441 484 509 526 558 658 676 677 730 733 807 810 881 951 951 962 997
54.1401273885 80.96 27 0 2 4 6 9 9 10 11 11 11 12 16 19 25 27 28 32 34 36 39 40 42 44 44 44 48 49 0 116 123 176 205 252 286 352 435 444 470 479 577 615 622 643 652 660 676 726 752 787 796 909 949 956 984
45.0106157113 27.36 27 0 0 1 5 6 7 8 10 13 15 16 19 25 27 27 27 29 29 32 32 33 37 38 40 46 48 49 0 0 117 184 204 223 231 328 349 363 379 460 466 552 567 570 587 601 639 653 670 779 837 871 931 966 982
7.85562632696 66.08 27 0 0 0 2 2 2 5 5 6 8 8 9 13 16 17 17 18 19 23 29 37 37 37 41 43 47 48 0 0 132 203 216 216 289 328 342 357 365 423 456 471 566 575 604 617 669 672 744 752 766 845 884 887 978
25.9023354565 36.48 27 0 1 4 10 10 11 13 15 17 19 21 22 24 26 28 28 29 37 38 40 44 46 47 48 48 49 49 0 122 176 231 270 299 322 324 330 412 424 476 502 540 565 588 669 753 807 902 909 913 921 938 958 969 973
64.5435244161 49.76 27 0 1 3 4 5 8 8 9 9 10 11 14 17 17 20 23 23 25 33 38 40 40 43 47 48 48 49 0 0 120 122 177 184 186 254 286 319 331 403 423 466 478 555 562 569 712 736 776 813 824 886 933 940 974
44.161358811 52.32 27 0 0 0 3 10 11 14 17 18 18 18 22 24 24 25 27 28 30 37 37 41 42 42 43 43 49 49 0 101 105 205 309 334 335 341 345 385 407 415 428 440 462 488 518 524 535 540 565 583 596 605 612 808 840
53.5031847134 27.84 27 0 6 9 10 13 14 15 16 16 22 26 28 28 33 35 35 36 37 43 43 43 44 44 45 46 48 48 0 132 152 171 209 229 306 353 386 400 401 408 442 492 492 595 669 688 699 713 727 762 821 891 894 913 975
38.8535031847 52.16 27 0 6 7 9 10 10 15 18 18 20 21 28 29 31 32 32 32 33 34 38 39 40 42 42 42 42 47 0 138 166 169 218 231 238 284 387 495 512 517 573 578 643 661 673 704 712 737 750 776 792 845 901 961 967
55.2016985138 67.84 27 0 0 1 4 7 9 12 14 17 19 21 23 23 25 26 28 29 29 32 33 37 38 40 41 44 45 45 0 108 110 114 187 192 196 294 303 304 339 400 441 487 507 513 532 556 560 651 740 745 812 823 828 904 952
75.1592356688 66.4 27 0 0 2 6 6 7 9 12 13 15 18 20 21 26 28 29 30 31 31 34 37 37 38 42 42 44 46 0 106 141 148 157 157 169 198 201 219 242 246 266 361 474 477 571 608 651 700 773 782 797 822 968 974 978
29.5116772824 48.16 27 0 1 6 8 9 9 11 12 14 18 22 24 26 26 27 28 30 31 32 33 33 38 42 44 44 44 48 0 139 224 230 298 311 322 358 367 402 453 503 516 542 544 569 614 655 666 685 726 790 808 869 933 975 997
66.8789808917 56.16 27 0 1 4 7 7 11 12 15 16 17 23 23 27 28 28 29 34 35 37 38 39 40 40 44 44 44 47 0 0 105 108 130 225 237 249 282 297 338 387 429 488 560 643 695 716 727 742 764 833 850 865 870 940 962
58.8110403397 77.28 27 0 1 4 5 7 13 15 18 18 19 19 22 25 27 29 30 31 32 36 36 37 38 41 43 43 44 47 0 0 113 117 180 199 210 242 268 290 374 377 440 449 450 467 541 689 701 705 776 785 846 875 892 896 988
36.7303609342 74.72 27 0 1 1 3 9 15 16 17 19 19 19 19 20 20 28 29 29 32 32 33 33 34 35 38 48 48 48 0 110 116 179 301 340 376 391 419 439 467 468 479 487 516 546 590 631 679 767 851 851 953 957 975 982 985
66.8789808917 36.0 27 0 0 2 5 5 8 11 11 17 21 21 22 23 24 27 31 32 33 37 38 39 41 42 42 45 47 48 0 131 148 163 170 213 216 276 319 326 328 347 367 435 476 574 611 611 638 704 712 780 854 888 937 962 987
60.7218683652 58.08 27 0 2 2 3 3 4 4 4 14 17 17 28 33 34 36 37 38 39 40 42 43 43 45 47 48 49 49 0 113 169 219 249 289 289 327 359 392 397 454 525 529 573 580 640 659 672 688 715 758 765 801 852 938 982
44.161358811 52.48 27 0 1 2 2 2 6 7 9 11 12 16 16 20 24 24 27 28 30 31 33 33 39 44 45 48 48 49 0 0 152 181 210 220 270 309 318 341 380 397 432 450 461 469 497 528 579 599 656 666 727 803 834 872 931
61.5711252654 66.24 27 0 0 1 1 8 10 11 12 14 16 16 22 30 31 31 33 35 36 36 36 37 42 43 44 46 47 48 0 104 118 119 138 143 195 240 336 382 383 390 391 467 499 605 632 646 674 694 734 757 801 840 877 877 916
49.6815286624 48.32 27 0 2 2 3 3 10 14 15 16 17 20 21 21 23 24 25 28 33 35 35 36 37 38 41 45 46 48 0 0 112 123 124 130 152 246 274 279 294 300 389 413 520 530 563 634 651 654 713 724 921 926 929 968 990
42.6751592357 62.88 27 0 5 7 8 8 10 12 14 15 19 25 26 26 28 29 33 33 39 39 41 42 46 46 46 46 47 49 0 100 117 121 178 193 201 241 271 293 373 433 457 502 546 593 718 726 728 748 765 790 794 814 824 873 986
57.1125265393 32.32 27 0 0 1 7 7 8 10 13 18 21 23 23 23 24 26 28 32 36 37 40 41 41 44 45 48 48 49 0 0 176 188 212 249 256 272 281 314 320 344 361 382 424 516 562 581 605 714 757 761 781 890 909 927 982
27.813163482 52.16 27 0 5 6 9 9 10 10 11 14 14 15 15 20 21 23 25 25 26 26 27 27 31 38 42 43 47 49 0 109 212 261 275 279 293 336 373 405 503 513 529 622 638 686 700 716 783 812 820 862 871 985 988 989 998
67.7282377919 50.88 27 0 0 0 2 4 6 7 11 22 24 26 27 27 27 28 28 29 29 29 32 32 34 35 39 40 42 45 0 141 189 191 330 343 347 376 419 449 471 502 504 547 585 641 660 678 733 734 735 795 798 807 836 843 932
56.050955414 50.08 27 0 0 0 2 4 6 8 12 12 14 16 17 21 21 21 27 29 31 32 34 36 39 40 40 42 46 46 0 107 117 187 190 204 214 230 278 300 332 353 363 422 426 439 478 499 524 585 700 701 728 766 884 896 955
66.4543524416 38.08 27 0 0 1 2 7 7 8 12 12 14 18 18 21 24 25 29 32 34 34 39 41 42 42 44 45 45 48 0 126 181 193 201 202 215 255 255 256 291 292 312 331 351 364 372 387 480 489 497 525 537 569 691 770 989
43.0997876858 30.72 27 0 0 3 3 5 6 9 13 16 16 16 16 16 20 22 23 24 26 28 30 32 34 35 38 44 45 46 0 0 147 155 207 211 214 260 379 380 505 579 614 615 677 688 702 710 753 787 815 866 926 936 939 946 990
21.0191082803 29.92 27 0 1 3 7 11 14 16 17 20 21 21 23 25 26 27 31 31 31 37 37 39 40 41 43 47 48 49 0 102 107 123 127 152 179 193 207 242 250 266 282 373 401 537 550 556 578 594 679 758 782 871 944 963 965
26.9639065817 48.16 27 0 1 2 3 4 5 11 12 12 14 18 18 22 23 27 30 31 31 31 34 42 43 43 44 45 46 49 0 103 106 117 140 155 215 273 288 315 368 381 437 468 488 517 537 550 642 738 768 815 818 822 894 906 960
93.8428874735 44.16 27 0 0 1 1 2 6 9 11 14 18 24 25 29 30 31 32 32 34 40 40 43 44 45 45 46 48 49 0 152 162 170 173 285 305 362 447 543 588 588 632 726 739 754 786 803 823 825 828 851 861 861 892 914 922
34.3949044586 27.36 27 0 3 5 7 9 10 11 11 17 19 20 21 27 31 33 33 37 38 39 41 45 46 48 48 49 49 49 0 0 113 128 129 203 207 226 247 247 251 306 380 419 506 530 646 680 689 694 719 766 875 907 952 980 982
45.2229299363 69.76 27 0 0 2 2 6 6 8 8 14 15 16 16 16 21 21 23 29 31 33 35 38 38 38 40 45 46 49 0 118 136 167 175 310 387 396 467 470 476 514 531 612 623 660 662 665 669 700 746 765 781 871 877 929 988
52.016985138 14.88 27 0 0 5 7 13 14 14 17 19 25 25 26 32 33 34 34 36 41 41 41 43 43 45 45 46 47 49 0 134 148 158 199 250 310 372 413 421 485 538 539 546 607 651 661 678 718 727 765 789 814 880 904 907 994
26.5392781316 42.08 27 0 0 0 0 7 9 9 11 11 12 14 15 17 18 20 21 26 31 39 41 42 42 43 45 47 48 49 0 100 128 153 171 199 205 328 400 424 467 492 518 523 575 605 667 694 696 710 718 721 845 861 946 948 964
32.4840764331 35.2 27 0 0 3 4 5 6 6 7 9 10 13 15 16 16 17 17 23 24 24 26 26 35 37 42 43 46 48 0 104 162 218 229 241 242 277 284 286 333 390 392 397 416 439 493 495 513 539 568 573 690 727 752 768 942
62.6326963907 50.72 27 0 1 2 2 3 14 15 16 16 18 21 22 25 30 32 32 35 35 36 37 37 37 39 43 43 48 49 0 106 108 108 242 287 289 296 323 343 386 427 438 457 502 510 567 737 867 874 879 912 931 934 953 970 979
86.6242038217 12.16 27 0 3 4 8 8 11 11 13 19 19 23 23 23 25 27 29 30 33 34 38 38 38 39 39 45 48 49 0 127 176 176 185 197 211 222 254 305 333 372 387 408 437 456 472 500 750 766 780 783 850 878 881 913 921
70.4883227176 10.72 27 0 3 4 9 10 11 13 15 16 16 18 19 23 28 29 29 29 29 30 30 31 34 41 43 44 44 48 0 102 121 125 222 225 248 252 289 355 433 453 485 501 507 559 689 692 708 713 813 862 880 922 929 988 997
56.9002123142 48.0 27 0 2 4 7 7 12 13 14 15 16 16 19 20 22 26 26 27 31 34 36 36 38 42 43 46 48 49 0 0 160 171 249 325 360 370 384 389 458 468 501 556 605 688 697 736 811 847 849 910 912 914 979 983 997
46.0721868365 42.24 27 0 1 3 3 8 10 10 11 12 16 17 17 17 18 19 21 21 27 28 36 38 39 40 40 45 47 49 0 112 143 167 170 378 385 391 450 454 460 494 580 607 618 646 646 703 735 752 809 949 956 963 968 981 988
9.55414012739 31.2 27 0 8 10 10 11 12 12 13 15 17 19 22 23 26 27 28 30 34 34 37 39 39 41 43 48 48 48 0 154 222 233 240 317 469 478 481 514 529 531 545 573 574 612 639 641 670 673 682 746 908 939 946 960 987
60.08492569 48.16 27 0 0 2 3 7 10 11 12 13 14 18 18 23 24 25 25 27 27 32 34 35 36 37 38 41 45 48 0 104 259 269 274 287 291 318 340 390 406 435 454 469 486 538 638 659 729 732 737 752 772 779 807 903 929
77.9193205945 53.28 27 0 0 4 6 8 8 9 9 10 11 12 15 15 16 18 28 28 31 35 39 41 44 46 46 48 49 49 0 148 167 287 316 347 377 379 424 429 452 523 534 580 629 642 651 664 666 702 707 732 732 891 918 934 970
48.4076433121 54.56 27 0 4 5 12 14 15 16 18 18 19 20 21 21 23 23 25 26 26 29 32 34 37 37 41 41 45 49 0 184 261 262 273 293 294 317 369 503 539 549 559 559 559 576 625 631 654 667 672 731 843 850 856 873 980
53.7154989384 35.2 27 0 0 1 3 3 5 12 13 15 16 17 18 19 20 20 27 29 30 34 35 36 37 37 40 45 46 48 0 110 142 197 205 220 235 249 296 343 345 347 357 359 359 368 481 545 589 627 631 633 693 710 778 798 934
62.2080679406 15.68 27 0 3 4 4 4 9 12 13 16 16 17 18 18 20 23 31 32 34 34 38 39 40 41 42 43 44 47 0 0 134 147 170 257 275 301 336 352 357 358 444 457 497 528 532 615 665 726 759 877 879 902 925 934 940
67.5159235669 41.76 27 0 5 5 6 6 9 16 17 18 18 19 20 21 23 24 26 28 29 29 31 31 35 40 44 44 46 48 0 218 249 377 398 443 446 476 508 509 522 585 605 637 677 739 751 787 792 821 848 915 922 948 970 971 994
47.3460721868 31.68 27 0 0 3 4 10 11 13 14 17 23 24 24 24 26 31 31 32 33 33 36 37 38 40 42 42 47 48 0 0 111 134 190 332 339 364 393 433 504 561 586 591 614 628 656 719 736 800 801 852 897 901 965 967 997
32.6963906582 42.88 27 0 0 2 6 8 9 10 10 12 15 20 25 27 30 32 34 34 36 37 37 38 38 40 43 45 45 46 0 0 128 158 246 296 311 319 346 362 462 555 616 670 681 685 700 776 808 906 907 933 940 957 963 973 973
69.6390658174 32.64 27 0 6 8 10 10 14 17 18 20 22 24 24 25 27 33 34 34 35 37 38 41 44 44 46 46 49 49 0 145 172 185 199 248 348 352 355 389 423 447 519 538 592 611 647 650 657 713 714 737 872 886 918 963 987
15.923566879 23.52 27 0 1 7 9 10 11 13 16 19 22 22 24 26 26 29 35 36 38 38 42 42 43 43 45 45 47 49 0 106 149 334 368 379 427 465 485 547 590 592 604 605 622 667 703 714 787 817 851 853 891 898 910 925 984
45.8598726115 44.32 27 0 0 1 5 8 9 10 10 11 11 12 14 16 17 19 20 24 24 25 26 30 31 31 39 39 39 42 0 111 233 241 281 407 411 411 422 431 432 452 474 477 483 502 507 556 569 606 748 775 851 852 913 938 993
54.5647558386 43.52 27 0 3 4 5 7 15 20 21 21 23 23 28 30 30 34 36 37 40 40 42 43 45 46 48 49 49 49 0 126 140 168 211 219 237 267 294 296 489 542 565 602 615 635 645 650 657 717 743 826 829 863 865 930 972
63.2696390658 28.48 27 0 0 1 1 1 5 9 9 12 21 23 27 29 33 33 33 34 36 39 40 41 42 45 45 47 47 49 0 160 268 282 297 346 352 403 413 431 457 499 551 560 593 606 610 612 619 683 686 720 736 781 784 845 995
51.3800424628 91.2 27 0 0 1 1 2 3 6 8 12 14 16 16 16 27 27 30 32 32 39 40 40 42 42 43 43 46 48 0 108 142 194 234 255 268 268 301 399 403 468 482 490 513 519 560 622 759 777 805 817 826 827 834 856 911
39.0658174098 38.4 27 0 4 7 10 11 20 20 20 23 23 23 24 30 31 31 31 32 34 37 40 40 45 45 48 48 49 49 0 106 187 195 197 232 330 351 407 468 477 479 485 531 550 569 586 594 649 661 672 736 759 813 901 942 997
47.5583864119 28.0 27 0 2 10 11 12 13 13 13 14 22 23 26 27 28 30 30 31 31 32 32 42 43 45 46 48 48 49 0 233 290 328 360 378 388 390 487 489 541 543 546 617 680 697 728 734 746 756 801 806 881 907 946 966 998
52.8662420382 29.12 27 0 1 2 6 7 9 9 9 15 24 25 25 25 28 29 34 37 39 41 43 43 44 45 45 47 48 48 0 105 108 112 169 220 247 265 277 292 295 299 313 487 498 619 639 659 674 709 774 817 829 839 889 942 979
65.3927813163 51.36 27 0 2 3 5 6 7 8 8 11 11 11 13 15 17 22 23 24 30 32 35 36 40 45 45 45 48 49 0 124 126 145 148 149 167 174 208 233 245 248 300 415 453 499 505 523 583 585 684 740 756 833 945 976 979
32.059447983 34.24 27 0 0 1 3 4 5 5 6 7 10 11 16 24 24 24 24 25 29 31 34 34 36 38 39 40 47 49 0 118 120 154 154 201 204 215 272 300 384 391 463 487 501 523 543 544 546 665 701 754 769 820 896 962 964
99.3630573248 24.32 27 0 2 2 3 5 9 11 14 15 16 18 26 27 29 31 31 36 37 38 38 39 39 45 45 46 46 47 0 196 213 228 233 275 279 333 357 400 427 496 547 549 610 636 649 750 817 822 850 871 898 904 915 924 954
40.5520169851 32.64 27 0 1 3 3 9 9 11 19 19 21 22 27 28 29 29 33 33 34 35 35 39 41 42 43 43 49 49 0 0 102 107 222 223 239 244 252 295 306 339 349 356 423 436 456 642 697 714 735 739 792 836 837 899 925
68.7898089172 39.04 27 0 0 4 8 8 9 10 11 11 14 17 18 18 19 21 22 28 31 36 38 39 42 42 47 47 48 49 0 0 104 122 149 208 259 277 311 329 435 481 518 624 650 730 742 747 823 841 843 852 883 918 951 973 997
33.9702760085 27.36 27 0 1 4 5 8 9 12 12 16 24 24 25 27 28 28 28 28 31 31 32 33 39 41 43 44 46 49 0 0 153 174 192 251 295 303 385 389 401 407 439 444 557 593 616 659 734 768 774 842 855 883 963 980 988
62.2080679406 21.28 27 0 0 4 8 11 13 15 16 16 17 20 25 25 29 30 31 35 35 38 39 39 40 41 43 44 48 49 0 138 151 191 267 268 294 322 332 369 373 419 502 529 597 619 680 732 776 826 838 849 858 887 919 946 991
48.8322717622 60.8 27 0 0 0 4 4 6 9 12 12 13 15 15 16 17 20 21 22 31 37 38 39 43 45 46 46 49 49 0 0 116 119 160 260 325 339 412 441 542 545 550 610 688 692 705 760 796 798 837 839 851 903 909 912 951
85.3503184713 48.48 27 0 0 5 6 8 8 10 11 12 12 13 14 16 16 20 22 29 30 31 32 32 36 38 38 41 42 49 0 113 158 184 242 245 247 252 280 283 308 341 355 367 452 514 598 600 650 698 759 779 789 797 843 949 968
34.1825902335 46.72 27 0 2 2 7 8 9 20 22 23 25 29 33 35 37 37 39 39 40 41 43 44 44 46 47 47 48 49 0 0 150 236 257 366 391 416 426 427 431 450 499 583 670 684 689 742 806 837 869 877 883 901 902 920 966
61.1464968153 30.88 27 0 0 4 5 10 13 18 19 20 25 25 25 27 27 28 30 30 35 35 37 38 38 39 42 45 45 48 0 103 108 122 133 166 199 213 336 353 388 421 455 498 516 556 557 583 611 612 668 690 741 766 784 811 847
50.5307855626 23.68 27 0 2 4 9 10 11 11 12 14 17 23 27 29 32 34 37 38 38 38 39 39 40 41 42 43 44 45 0 107 120 140 149 157 199 212 246 275 280 312 326 479 578 594 679 718 730 750 778 879 888 930 939 940 973
65.1804670913 32.96 27 0 4 5 6 10 10 15 15 15 17 17 18 21 27 27 29 33 34 36 37 39 43 46 46 47 49 49 0 112 126 129 201 297 328 424 429 447 447 485 539 541 584 605 641 650 685 694 741 792 793 798 808 921 958
59.0233545648 56.8 27 0 0 3 9 9 10 10 11 12 15 16 16 18 20 20 22 23 23 24 25 26 37 37 37 45 45 48 0 124 141 194 223 317 355 376 399 404 412 466 500 530 548 554 620 640 642 713 762 831 921 933 936 936 992
47.983014862 76.32 27 0 0 2 2 3 5 13 14 14 21 21 21 23 25 26 27 28 28 30 32 33 36 39 40 46 47 49 0 104 155 165 227 264 318 392 399 499 504 518 520 572 605 618 634 636 645 652 657 680 737 771 812 961 964
83.2271762208 76.48 27 0 0 3 3 4 6 13 13 16 16 18 21 24 26 28 31 32 33 34 35 36 38 38 39 42 43 44 0 136 145 243 253 264 274 285 320 375 425 463 468 474 488 548 610 644 683 739 800 801 835 873 920 936 945
38.0042462845 42.24 27 0 0 2 5 5 7 12 15 17 21 22 24 27 30 30 31 32 33 35 41 42 42 43 44 47 49 49 0 0 101 122 169 191 213 219 252 304 319 425 433 473 525 529 534 597 663 676 744 749 850 859 875 965 998
76.8577494692 68.96 27 0 0 1 3 5 6 10 13 13 14 17 20 22 27 28 30 33 34 36 39 41 42 42 43 46 47 48 0 0 111 133 192 210 234 266 275 285 337 351 369 372 398 434 446 449 470 532 573 625 716 718 737 818 881
12.7388535032 25.44 27 0 1 1 3 5 6 13 15 18 18 19 20 22 22 23 25 26 26 26 30 30 32 39 40 41 41 47 0 103 115 119 127 131 209 298 326 328 432 471 530 655 725 743 774 780 790 809 834 909 917 943 945 951 991
72.8237791932 17.76 27 0 0 0 5 11 12 13 13 14 15 15 19 20 22 22 28 28 29 29 31 36 41 41 43 45 46 48 0 113 145 161 169 213 259 291 333 370 403 433 476 478 518 554 578 627 628 641 657 691 863 878 885 918 957
30.1486199575 49.44 27 0 0 1 3 3 5 11 14 16 19 21 22 23 23 25 36 36 37 38 38 39 40 40 41 41 43 46 0 120 182 227 246 248 265 278 278 291 326 386 469 568 569 671 672 692 768 788 790 830 838 844 889 926 986
100.0 42.72 27 0 3 3 4 5 7 10 10 11 15 16 19 20 21 24 27 30 30 37 38 40 40 40 43 47 48 49 0 101 161 177 177 288 292 310 385 386 410 449 469 502 512 617 680 711 755 758 770 811 862 900 919 945 973
47.5583864119 47.04 27 0 2 3 4 6 10 13 18 18 18 20 20 22 24 24 26 26 27 31 32 32 43 45 46 46 46 49 0 109 110 253 304 325 326 338 349 355 426 449 454 551 555 586 597 613 622 688 722 775 787 798 809 927 986
41.6135881104 5.44 27 0 0 1 7 7 8 9 11 11 12 13 17 18 19 20 20 22 24 25 28 28 30 32 39 39 44 48 0 0 105 185 259 266 276 277 292 386 388 417 444 459 513 654 674 758 801 809 823 829 833 848 908 913 983
30.3609341826 56.64 27 0 4 6 12 14 15 19 23 23 23 25 26 28 30 31 31 32 34 36 36 36 38 39 42 45 48 49 0 199 238 242 248 274 404 412 483 488 514 519 543 557 568 575 642 644 686 709 740 765 765 863 864 942 969
59.2356687898 25.44 27 0 1 2 7 7 8 11 11 11 12 13 13 17 18 19 21 34 34 34 37 38 38 39 46 48 49 49 0 0 141 144 150 155 174 222 242 316 376 386 493 499 510 531 567 620 824 882 914 919 938 941 942 949 991
40.7643312102 69.44 27 0 0 1 2 6 11 18 24 25 28 29 29 30 30 32 33 34 35 38 38 41 43 43 48 48 48 49 0 0 118 120 159 204 206 207 233 241 244 292 379 391 497 577 633 635 648 832 861 872 894 940 945 961 979
42.0382165605 52.16 27 0 1 1 2 5 5 8 12 13 14 15 17 21 22 25 28 32 33 34 36 37 38 40 43 46 47 48 0 143 260 260 276 284 308 378 407 415 423 439 481 492 526 537 593 602 615 627 646 666 671 708 803 811 932
72.3991507431 36.0 27 0 1 2 2 4 4 4 8 8 15 17 17 19 20 20 23 23 25 27 28 28 28 30 35 35 37 40 0 0 103 122 194 265 279 311 311 346 371 424 452 546 557 562 574 617 666 728 816 856 893 894 918 959 979
64.3312101911 48.96 27 0 2 4 4 5 9 10 10 12 12 16 17 18 22 24 28 29 30 32 34 35 36 37 40 41 44 45 0 114 140 174 199 219 225 342 344 497 552 561 571 619 641 654 658 666 684 752 764 813 828 843 903 931 962
17.1974522293 33.76 27 0 1 1 2 4 6 6 8 8 9 10 16 18 23 24 29 29 31 33 34 34 37 40 40 40 43 49 0 150 165 198 202 254 260 293 360 367 375 381 477 520 546 586 595 627 642 676 694 736 775 831 861 914 999
84.2887473461 30.56 27 0 0 1 1 5 12 14 16 16 17 23 23 26 27 27 31 31 33 34 37 39 40 40 42 43 48 49 0 121 173 176 185 208 245 293 328 338 382 383 404 423 431 621 627 641 690 692 712 716 746 810 927 943 954
38.6411889597 47.04 27 0 0 4 4 6 15 15 17 18 20 21 24 24 26 26 26 27 32 35 40 41 41 42 42 44 46 49 0 0 182 224 228 261 372 382 383 384 413 439 508 513 613 648 655 663 691 701 730 744 783 878 879 906 911
65.8174097665 43.36 27 0 0 2 5 9 12 16 17 19 19 22 23 23 23 23 28 33 37 40 41 41 46 46 46 46 49 49 0 129 149 200 234 403 489 498 588 588 607 661 684 705 743 769 791 827 849 857 875 881 908 916 918 974 985
78.3439490446 32.32 27 0 5 7 8 8 9 10 11 12 13 13 14 16 20 22 25 27 27 30 34 34 34 34 36 38 46 49 0 0 114 217 235 272 306 344 379 385 393 426 459 462 542 659 686 700 702 770 840 864 871 918 944 950 962
20.8067940552 74.72 27 0 0 2 2 4 7 11 12 13 14 16 16 18 18 23 28 29 34 35 37 39 40 40 42 43 45 48 0 110 113 154 166 171 195 209 253 255 265 306 463 514 541 542 612 652 691 717 744 745 747 835 863 955 963
10.4033970276 60.8 27 0 0 1 3 4 5 8 11 13 13 15 21 22 23 23 32 33 35 37 37 39 42 43 46 47 48 48 0 171 204 248 256 292 307 326 367 380 392 419 426 473 487 567 572 636 743 774 785 813 829 831 942 954 976
31.2101910828 45.28 27 0 1 5 6 8 9 10 10 12 12 12 14 17 23 23 24 30 32 33 33 34 37 39 42 45 46 47 0 116 140 153 231 284 294 300 337 382 461 470 481 491 491 496 532 589 591 640 676 684 752 786 801 863 912
70.7006369427 23.04 27 0 1 2 8 9 10 11 11 13 15 23 23 23 23 24 25 26 26 27 27 29 31 42 43 43 47 48 0 0 164 180 199 275 359 424 467 501 524 528 545 561 638 745 757 762 773 777 800 891 898 916 956 968 981
81.3163481953 33.28 27 0 1 3 5 6 9 10 13 15 21 22 23 24 25 26 30 31 33 35 36 37 37 38 38 39 46 46 0 145 156 228 229 234 248 294 338 343 354 440 477 581 593 594 617 658 706 754 776 823 848 853 855 915 997
48.6199575372 53.12 27 0 5 6 7 7 9 11 13 16 17 17 19 20 20 20 27 28 31 33 34 34 39 43 43 45 48 48 0 132 192 197 214 235 238 242 247 278 282 292 309 314 329 351 385 423 438 632 747 773 844 869 875 944 958
79.83014862 37.12 27 0 5 7 8 9 15 16 16 17 19 23 25 27 33 37 38 41 42 44 45 45 47 47 47 48 48 49 0 121 154 177 197 238 306 309 310 334 464 518 574 598 612 632 634 693 700 710 718 727 860 900 958 964 969
63.2696390658 32.0 27 0 0 6 6 8 8 14 18 19 21 23 23 23 24 26 32 33 36 36 37 39 42 44 45 46 46 49 0 131 154 172 248 321 359 366 468 552 569 573 628 636 665 708 722 739 786 797 820 830 858 948 961 972 983
37.1549893843 33.28 27 0 3 4 4 4 6 7 9 9 12 13 17 17 18 19 22 22 23 24 24 28 29 31 31 40 44 46 0 109 132 141 186 191 218 244 329 338 339 368 392 471 483 526 562 590 696 699 702 752 781 785 795 841 979
74.9469214437 68.48 27 0 1 1 9 10 11 12 13 13 17 19 21 22 23 24 26 27 28 29 29 33 42 42 48 48 48 49 0 110 123 148 170 241 256 328 337 380 428 455 474 509 531 563 598 640 653 680 681 706 728 760 830 870 958
35.2441613588 37.44 27 0 2 3 3 5 6 6 12 12 14 15 15 19 20 21 23 23 23 24 28 32 32 43 44 45 45 45 0 0 105 107 172 190 221 227 253 298 299 411 414 429 429 464 486 519 531 555 687 714 717 813 815 839 953
40.7643312102 55.36 27 0 3 6 9 11 12 14 15 16 21 21 21 21 22 23 23 28 35 36 38 42 42 45 45 45 47 47 0 125 137 164 201 219 284 364 405 479 495 527 629 630 637 671 684 697 704 763 776 777 808 840 870 875 917
54.9893842887 43.04 27 0 1 7 8 14 16 16 17 19 20 22 22 23 23 24 26 30 32 33 33 38 39 41 41 43 45 47 0 154 161 179 292 309 411 426 433 464 477 525 572 607 611 678 692 705 713 745 814 827 828 869 913 952 991
51.804670913 26.4 27 0 0 2 2 4 6 9 10 11 11 11 13 16 19 20 21 22 23 25 27 27 30 36 40 42 43 48 0 0 111 117 164 169 314 385 394 407 418 431 437 468 503 535 559 562 576 629 639 651 753 828 853 875 999
55.6263269639 55.84 27 0 6 7 8 11 11 13 13 14 16 16 20 23 26 26 28 30 31 32 33 33 40 44 44 45 47 47 0 112 148 160 219 233 234 274 327 353 356 359 404 427 437 473 551 589 651 797 798 813 838 856 891 941 985
12.3142250531 41.76 27 0 3 5 6 9 9 10 10 10 15 16 17 19 22 22 25 27 29 30 30 31 31 32 34 39 43 43 0 108 146 150 240 258 270 277 344 443 451 473 526 545 591 635 653 681 750 810 825 841 890 895 942 946 968
47.1337579618 34.88 27 0 0 0 3 4 4 9 11 12 12 13 14 15 15 16 17 22 23 25 28 30 31 33 39 39 43 43 0 103 158 318 331 334 441 471 489 502 508 511 569 594 624 625 669 711 734 738 751 757 879 886 923 984 996
389
46.1675579323 28.330206379 4
24.9554367201 50.6566604128 2
66.3101604278 84.8030018762 4
49.5543672014 28.330206379 7
24.9554367201 48.7804878049 3
23.8859180036 63.6022514071 4
32.4420677362 69.4183864916 2
18.5383244207 22.8893058161 1
36.1853832442 70.9193245779 6
31.9073083779 37.8986866792 2
64.7058823529 50.469043152 5
47.4153297683 70.1688555347 4
52.4064171123 33.0206378987 1
60.6060606061 27.9549718574 2
34.4028520499 45.4033771107 7
81.8181818182 52.3452157598 7
54.9019607843 83.6772983114 7
76.6488413547 53.4709193246 5
62.2103386809 30.2063789869 7
41.7112299465 40.9005628518 9
42.4242424242 50.469043152 7
65.7754010695 35.0844277674 5
21.9251336898 18.7617260788 8
25.8467023173 63.4146341463 8
24.064171123 73.5459662289 9
33.6898395722 55.1594746717 4
60.9625668449 1.87617260788 6
100.0 45.7786116323 5
59.7147950089 34.7091932458 5
68.8057040998 39.0243902439 8
49.1978609626 9.56848030019 6
34.7593582888 59.0994371482 8
52.9411764706 56.660412758 5
46.88057041 66.6041275797 2
43.3155080214 51.2195121951 7
47.9500891266 38.6491557223 5
64.8841354724 79.5497185741 1
26.7379679144 70.1688555347 5
70.944741533 60.9756097561 1
68.0926916221 54.9718574109 7
65.9536541889 34.7091932458 1
38.5026737968 28.330206379 2
56.1497326203 61.91369606 9
51.871657754 46.1538461538 3
56.862745098 51.4071294559 1
68.8057040998 72.607879925 3
36.5418894831 41.8386491557 1
56.1497326203 49.9061913696 9
41.7112299465 30.3939962477 8
44.0285204991 59.6622889306 7
57.9322638146 44.277673546 5
76.2923351159 72.2326454034 3
57.9322638146 65.1031894934 7
59.3582887701 42.9643527205 2
29.2335115865 52.9080675422 6
63.6363636364 57.4108818011 8
44.7415329768 52.9080675422 5
55.7932263815 78.4240150094 3
75.4010695187 62.1013133208 5
36.8983957219 45.0281425891 2
7.48663101604 82.5515947467 5
49.9108734403 47.6547842402 5
53.2976827094 54.2213883677 2
59.3582887701 58.5365853659 6
34.5811051693 46.3414634146 9
64.1711229947 58.3489681051 8
47.0588235294 62.4765478424 3
42.6024955437 51.7823639775 9
44.7415329768 57.2232645403 3
37.7896613191 37.5234521576 4
52.5846702317 49.9061913696 9
48.6631016043 20.0750469043 5
70.944741533 56.8480300188 4
61.6755793226 49.1557223265 1
55.614973262 44.8405253283 5
36.8983957219 65.8536585366 6
31.0160427807 48.7804878049 9
26.2032085561 27.5797373358 4
50.2673796791 52.9080675422 5
58.4670231729 44.0900562852 5
52.9411764706 51.2195121951 4
87.5222816399 82.9268292683 4
64.8841354724 47.6547842402 3
41.1764705882 60.0375234522 8
36.1853832442 60.6003752345 1
51.6934046346 58.7242026266 2
43.6720142602 44.6529080675 9
70.944741533 81.9887429644 1
15.1515151515 9.56848030019 2
74.5098039216 42.4015009381 3
28.8770053476 26.6416510319 5
43.6720142602 27.2045028143 9
41.5329768271 49.3433395872 7
71.3012477718 18.3864915572 9
44.7415329768 74.6716697936 6
36.5418894831 32.6454033771 2
44.7415329768 43.5272045028 8
18.1818181818 74.296435272 4
80.0356506239 62.6641651032 7
47.9500891266 13.6960600375 5
41.5329768271 45.2157598499 6
41.5329768271 78.2363977486 3
86.4527629234 48.4052532833 1
43.8502673797 1.5009380863 5
42.4242424242 45.0281425891 5
52.4064171123 42.7767354597 8
16.0427807487 40.1500938086 4
47.0588235294 24.0150093809 8
63.8146167558 44.4652908068 2
49.9108734403 65.478424015 6
32.9768270945 45.4033771107 6
58.6452762923 33.7711069418 5
22.1033868093 43.339587242 2
41.889483066 55.9099437148 3
53.4759358289 77.6735459662 3
52.9411764706 51.5947467167 5
39.3939393939 67.1669793621 2
44.385026738 3.56472795497 8
52.7629233512 45.2157598499 1
16.577540107 16.1350844278 6
51.5151515152 29.0806754221 2
33.3333333333 27.7673545966 7
39.3939393939 43.339587242 3
85.7397504456 46.7166979362 1
47.9500891266 56.4727954972 2
62.7450980392 52.9080675422 5
12.1212121212 25.3283302064 8
32.6203208556 59.8499061914 1
33.3333333333 67.9174484053 5
0.0 29.8311444653 4
72.5490196078 47.4671669794 9
49.0196078431 23.0769230769 7
40.1069518717 44.277673546 8
52.2281639929 44.6529080675 3
31.9073083779 28.7054409006 7
40.1069518717 38.08630394 5
40.8199643494 65.2908067542 6
18.1818181818 33.0206378987 2
45.8110516934 9.75609756098 6
34.5811051693 17.6360225141 5
56.3279857398 65.2908067542 1
61.3190730838 0.0 1
37.6114081996 38.2739212008 6
26.0249554367 39.7748592871 3
62.7450980392 25.8911819887 4
50.4456327986 49.9061913696 1
40.8199643494 34.3339587242 4
55.614973262 51.2195121951 7
51.6934046346 64.7279549719 8
59.3582887701 71.8574108818 8
58.2887700535 71.8574108818 4
29.7682709447 41.6510318949 9
56.5062388592 69.4183864916 3
76.1140819964 57.7861163227 1
12.2994652406 58.1613508443 8
55.4367201426 11.2570356473 6
47.9500891266 30.95684803 6
60.9625668449 5.62851782364 4
47.7718360071 26.6416510319 9
77.0053475936 49.7185741088 5
42.7807486631 51.0318949343 5
47.9500891266 63.7898686679 5
66.3101604278 50.8442776735 7
83.422459893 47.4671669794 5
24.9554367201 21.3883677298 7
35.8288770053 46.7166979362 5
72.5490196078 69.6060037523 7
39.0374331551 39.7748592871 4
52.4064171123 65.8536585366 4
31.9073083779 15.009380863 2
47.2370766488 69.4183864916 6
39.0374331551 40.1500938086 8
45.8110516934 68.8555347092 6
22.4598930481 100.0 8
26.0249554367 29.6435272045 4
76.8270944742 50.469043152 8
48.128342246 69.4183864916 9
47.9500891266 0.562851782364 3
53.2976827094 58.9118198874 5
57.0409982175 50.0938086304 3
30.8377896613 28.7054409006 3
79.5008912656 72.2326454034 3
53.2976827094 59.4746716698 2
46.3458110517 54.2213883677 8
48.8413547237 54.9718574109 3
32.2638146168 47.2795497186 3
76.2923351159 41.0881801126 8
40.9982174688 57.2232645403 7
59.3582887701 63.7898686679 6
16.577540107 50.2814258912 6
51.5151515152 21.5759849906 9
43.137254902 55.722326454 4
66.8449197861 19.1369606004 9
21.568627451 49.1557223265 1
59.8930481283 27.0168855535 8
57.2192513369 40.712945591 1
64.8841354724 69.4183864916 3
43.3155080214 58.5365853659 1
44.5632798574 51.7823639775 4
45.2762923351 42.5891181989 3
45.9893048128 56.0975609756 2
29.2335115865 31.1444652908 2
30.1247771836 90.243902439 9
19.7860962567 55.3470919325 5
50.2673796791 42.0262664165 7
44.0285204991 73.9212007505 6
47.2370766488 81.6135084428 4
20.8556149733 83.1144465291 2
97.1479500891 15.5722326454 7
64.5276292335 72.607879925 5
63.2798573975 63.2270168856 7
15.5080213904 43.5272045028 7
64.3493761141 25.5159474672 7
25.4901960784 34.521575985 6
38.1461675579 17.8236397749 9
53.2976827094 52.7204502814 6
45.0980392157 51.9699812383 6
35.1158645276 55.722326454 8
54.9019607843 49.3433395872 4
54.9019607843 45.5909943715 3
74.1532976827 47.6547842402 8
63.4581105169 48.9681050657 3
40.8199643494 52.9080675422 6
40.4634581105 54.5966228893 2
54.0106951872 43.9024390244 2
58.8235294118 28.8930581614 3
47.7718360071 10.6941838649 5
27.9857397504 53.6585365854 8
52.5846702317 33.5834896811 9
63.6363636364 86.1163227017 3
42.6024955437 45.2157598499 8
85.3832442068 1.5009380863 9
45.8110516934 31.5196998124 1
79.679144385 82.1763602251 6
60.2495543672 68.2926829268 8
49.0196078431 10.3189493433 3
62.7450980392 30.2063789869 9
34.7593582888 61.1632270169 7
51.5151515152 58.7242026266 3
60.0713012478 43.339587242 4
60.7843137255 23.8273921201 6
47.0588235294 51.4071294559 7
30.1247771836 26.2664165103 6
63.9928698752 18.9493433396 2
50.8021390374 68.4803001876 6
34.7593582888 46.5290806754 4
60.4278074866 55.1594746717 2
48.6631016043 11.8198874296 1
71.4795008913 21.3883677298 2
71.1229946524 77.6735459662 4
47.9500891266 72.2326454034 2
40.1069518717 39.2120075047 6
65.7754010695 21.200750469 9
15.3297682709 57.2232645403 2
45.2762923351 69.6060037523 2
62.7450980392 31.3320825516 6
48.4848484848 9.56848030019 4
14.0819964349 39.3996247655 9
33.5115864528 40.3377110694 4
43.6720142602 7.31707317073 8
34.0463458111 26.4540337711 5
52.4064171123 29.0806754221 3
60.4278074866 80.8630393996 2
60.4278074866 84.8030018762 6
45.0980392157 22.5140712946 7
44.5632798574 46.7166979362 2
28.6987522282 41.6510318949 2
53.6541889483 51.9699812383 6
93.0481283422 50.6566604128 1
23.8859180036 61.1632270169 7
52.2281639929 37.8986866792 4
69.5187165775 34.7091932458 1
13.3689839572 45.5909943715 6
26.2032085561 17.4484052533 9
69.1622103387 49.530956848 1
41.1764705882 57.9737335835 5
42.7807486631 56.2851782364 4
20.4991087344 43.9024390244 4
29.5900178253 83.1144465291 9
59.7147950089 72.7954971857 9
30.4812834225 77.1106941839 3
47.0588235294 43.9024390244 2
43.6720142602 79.7373358349 8
70.0534759358 42.9643527205 7
86.2745098039 55.9099437148 7
29.5900178253 42.5891181989 6
53.2976827094 81.9887429644 1
58.6452762923 32.6454033771 7
62.7450980392 54.9718574109 9
35.1158645276 52.1575984991 1
94.8306595365 57.0356472795 8
48.4848484848 42.4015009381 9
60.0713012478 34.3339587242 1
22.4598930481 51.4071294559 6
64.3493761141 56.0975609756 9
66.6666666667 12.0075046904 5
41.1764705882 31.7073170732 5
55.7932263815 75.7973733583 1
41.7112299465 64.5403377111 4
67.3796791444 10.8818011257 8
38.8591800357 27.0168855535 5
28.5204991087 45.2157598499 4
62.2103386809 23.8273921201 5
50.623885918 38.08630394 8
56.5062388592 35.0844277674 5
27.4509803922 61.1632270169 8
42.0677361854 40.5253283302 9
53.2976827094 53.4709193246 9
27.2727272727 31.894934334 9
36.1853832442 38.2739212008 2
18.5383244207 31.7073170732 9
51.5151515152 6.37898686679 8
17.6470588235 60.7879924953 6
21.3903743316 36.2101313321 4
18.3600713012 73.7335834897 9
71.1229946524 36.9606003752 9
58.110516934 65.2908067542 2
68.0926916221 48.2176360225 2
39.2156862745 39.7748592871 7
57.5757575758 38.8367729831 1
85.5614973262 35.2720450281 8
43.3155080214 32.4577861163 7
70.7664884135 54.2213883677 7
67.0231729055 21.9512195122 3
52.0499108734 54.9718574109 1
54.7237076649 37.148217636 7
43.4937611408 53.095684803 4
55.9714795009 68.105065666 4
54.0106951872 12.7579737336 8
57.7540106952 57.5984990619 7
40.8199643494 59.0994371482 5
24.9554367201 31.5196998124 2
46.88057041 51.9699812383 7
16.3992869875 9.00562851782 4
98.5739750446 38.08630394 1
78.431372549 40.5253283302 1
64.7058823529 35.0844277674 9
54.7237076649 55.3470919325 6
35.1158645276 67.7298311445 9
63.6363636364 69.6060037523 8
72.5490196078 43.5272045028 7
54.367201426 69.7936210131 4
55.0802139037 46.3414634146 6
60.9625668449 78.4240150094 1
49.7326203209 48.2176360225 8
33.5115864528 37.7110694184 9
50.2673796791 78.4240150094 1
46.1675579323 35.2720450281 1
50.623885918 50.2814258912 4
51.1586452763 31.1444652908 2
47.2370766488 74.6716697936 2
49.376114082 72.2326454034 8
54.0106951872 58.1613508443 1
44.9197860963 46.904315197 2
59.7147950089 57.2232645403 3
32.0855614973 25.703564728 4
37.0766488414 45.0281425891 5
21.2121212121 69.6060037523 2
43.4937611408 27.9549718574 7
50.2673796791 67.9174484053 7
73.6185383244 86.6791744841 5
34.0463458111 55.1594746717 9
44.5632798574 37.148217636 2
49.9108734403 48.0300187617 2
44.385026738 17.2607879925 7
54.0106951872 55.9099437148 8
92.513368984 34.1463414634 3
66.4884135472 63.7898686679 4
58.4670231729 43.339587242 7
68.0926916221 63.4146341463 5
63.9928698752 32.6454033771 6
53.2976827094 21.0131332083 2
34.7593582888 44.0900562852 9
28.6987522282 54.5966228893 8
59.5365418895 60.0375234522 7
69.696969697 77.1106941839 6
63.4581105169 49.7185741088 3
49.376114082 60.4127579737 1
24.2424242424 46.1538461538 4
39.2156862745 27.0168855535 9
61.6755793226 54.5966228893 6
41.5329768271 37.3358348968 4
59.5365418895 9.00562851782 4
37.6114081996 19.6998123827 7
80.3921568627 55.5347091932 5
46.5240641711 62.2889305816 1
29.7682709447 23.0769230769 2
47.4153297683 46.1538461538 3
37.9679144385 46.3414634146 8
