123
33.8028169014 62.4161073826 33 0 0 2 2 7 8 8 10 10 12 12 13 13 14 14 16 20 21 21 22 22 23 24 29 30 32 35 36 40 42 43 46 49 0 121 161 168 176 218 257 281 287 287 310 412 428 439 451 515 516 542 605 610 623 631 671 743 757 818 884 889 896 902 936 969 978
48.6921529175 79.418344519 33 0 0 0 0 2 3 5 6 6 6 7 7 8 11 13 14 14 15 15 19 24 27 31 31 33 34 35 35 37 38 44 46 48 0 104 139 181 199 229 268 293 307 374 378 417 419 431 469 519 567 569 623 625 627 660 726 727 731 736 799 818 856 857 894 926 974
33.4004024145 48.7695749441 33 0 0 2 4 7 7 7 8 9 10 11 12 13 13 13 14 17 19 22 29 31 33 33 35 36 37 39 41 41 43 45 46 46 0 114 163 165 172 233 234 300 366 372 408 413 430 457 539 570 591 603 620 643 650 676 693 738 770 876 922 926 932 940 988 992 999
72.032193159 31.7673378076 33 0 1 4 6 7 9 11 12 12 13 15 16 16 18 21 24 25 29 29 29 29 32 32 35 35 37 37 41 41 45 45 48 49 0 0 152 155 223 225 327 330 335 337 343 362 373 377 383 427 518 529 559 627 637 643 690 729 756 759 764 779 916 930 954 975 982
58.1488933602 74.9440715884 33 0 0 0 2 3 4 5 6 9 9 10 15 18 18 21 27 28 31 33 34 37 38 38 38 39 39 40 43 44 45 46 48 48 0 101 102 156 187 194 208 219 259 260 278 320 357 381 410 470 558 654 714 714 727 730 753 759 770 787 803 886 950 960 962 980 987
50.9054325956 61.2975391499 33 0 2 3 3 7 11 11 13 14 14 15 15 16 17 19 20 20 21 23 24 25 26 29 29 33 35 38 40 42 45 45 46 47 0 227 229 237 238 277 279 313 315 319 363 410 440 482 495 510 513 576 598 635 650 651 660 684 689 705 752 803 830 832 918 958 986
63.9839034205 58.836689038 33 0 0 1 2 4 7 7 7 8 9 14 16 20 22 24 25 26 26 27 30 31 36 37 38 39 39 39 39 42 42 45 47 49 0 118 131 192 207 255 307 320 328 382 391 429 445 449 460 468 500 524 544 652 653 673 692 783 837 840 866 893 925 936 939 976 981
48.893360161 44.966442953 33 0 6 7 8 9 10 10 12 13 13 13 14 15 16 17 18 24 24 25 26 27 27 29 33 33 37 39 40 43 46 47 47 49 0 165 190 201 205 211 238 280 289 421 436 439 459 480 502 504 519 521 603 622 652 666 670 711 717 735 740 800 874 893 920 970 980
12.676056338 76.9574944072 33 0 2 3 3 4 9 11 11 12 13 16 16 17 21 21 25 25 29 29 30 32 34 35 35 35 38 38 40 43 44 44 46 49 0 121 175 183 190 219 233 233 274 290 363 366 377 392 437 504 546 639 643 650 653 672 673 702 708 752 767 779 788 845 848 851 895
44.6680080483 51.0067114094 33 0 1 1 5 6 11 11 13 14 15 17 17 21 21 22 22 24 25 26 29 30 31 31 31 32 35 35 36 38 39 40 45 48 0 104 156 202 257 263 272 299 309 328 338 353 428 434 442 483 503 515 588 647 666 681 701 706 722 741 828 832 855 899 908 912 938
32.9979879276 76.062639821 33 0 0 1 2 3 3 6 6 6 8 9 10 12 13 13 14 18 20 22 24 25 26 27 27 30 30 31 34 36 38 40 41 43 0 118 122 193 210 225 310 334 400 418 420 528 570 592 599 611 622 632 680 684 689 709 710 751 842 869 871 903 913 926 943 972 976
76.861167002 24.384787472 33 0 4 6 7 7 7 8 8 11 12 13 14 15 15 15 16 22 23 24 26 26 26 27 31 31 32 37 37 40 44 46 46 48 0 140 182 263 275 278 308 341 424 458 487 492 502 508 551 578 610 612 616 631 675 706 726 740 747 758 767 775 789 827 833 848 948
66.800804829 37.807606264 33 0 0 2 6 7 8 11 12 12 12 12 20 20 20 22 24 26 27 30 34 34 36 36 36 37 38 39 40 42 46 47 47 48 0 0 128 144 163 183 262 283 305 366 423 445 450 490 566 605 636 653 656 711 715 728 783 788 831 836 888 902 905 919 928 970 984
47.0824949698 28.4116331096 33 0 0 1 3 5 7 8 10 11 12 13 13 13 13 18 20 21 23 24 27 27 28 30 35 35 37 37 39 40 41 45 47 47 0 100 106 107 181 201 229 278 289 298 300 363 424 442 465 490 584 598 612 658 658 780 789 791 792 792 811 813 837 844 863 933 999
75.0503018109 48.0984340045 33 0 1 4 4 6 7 9 10 11 11 12 15 15 19 19 21 22 23 26 28 28 29 32 42 43 43 43 44 44 44 45 45 49 0 100 115 126 138 142 251 266 321 333 339 356 375 389 422 429 437 449 463 507 536 537 558 560 584 641 708 730 772 791 834 900 987
55.9356136821 45.1901565996 33 0 0 1 1 2 2 3 3 5 8 9 10 12 12 13 14 14 15 15 16 20 21 21 23 24 26 31 31 32 35 43 45 47 0 0 109 143 148 200 205 234 293 314 343 348 358 360 388 406 409 439 471 508 600 616 623 639 644 660 678 694 800 953 962 965 995
29.1750503018 44.2953020134 33 0 0 0 0 0 1 2 2 3 5 7 10 13 16 17 23 24 25 29 30 34 35 37 38 39 40 40 42 43 44 45 49 49 0 114 143 164 200 203 209 215 233 239 250 253 257 321 323 373 398 407 487 512 573 586 646 655 670 720 722 829 831 850 858 863 916
55.5331991952 61.5212527964 33 0 0 2 3 3 6 8 10 11 12 14 14 15 16 18 19 24 25 26 27 29 30 35 36 37 37 37 39 43 45 47 48 49 0 115 130 187 194 222 341 381 422 430 442 445 484 537 567 577 586 606 639 711 720 746 759 781 846 862 868 878 881 921 948 966 976
36.6197183099 60.1789709172 33 0 1 1 2 4 7 8 9 10 16 17 22 22 30 31 31 32 32 33 33 39 39 40 43 43 44 44 45 45 45 46 48 49 0 112 133 140 215 247 252 288 299 325 379 415 462 478 492 536 558 564 625 637 649 755 757 781 792 794 855 920 924 945 956 983 999
20.3219315895 81.2080536913 33 0 5 5 6 8 12 12 13 13 15 15 16 17 19 22 25 25 26 28 29 31 35 36 37 38 41 41 42 42 44 45 45 49 0 110 129 218 225 235 259 267 331 336 343 372 413 441 448 460 479 504 550 643 692 791 834 852 858 874 892 894 932 948 975 981 989
2.61569416499 21.9239373602 33 0 1 2 10 10 10 14 15 15 15 18 18 19 20 20 20 24 24 25 26 27 29 29 30 30 36 39 40 42 43 43 46 49 0 132 160 164 173 175 203 251 260 285 313 337 344 350 400 413 418 424 432 461 473 485 503 551 559 571 606 624 827 840 842 941 981
45.8752515091 66.8903803132 33 0 1 2 2 3 7 7 7 10 10 14 15 21 21 22 22 22 24 25 29 29 35 37 38 38 39 40 41 41 41 42 49 49 0 112 117 121 150 209 232 268 363 372 382 393 409 435 446 455 490 525 542 582 595 621 632 727 779 792 861 862 875 892 913 959 998
37.2233400402 21.2527964206 33 0 1 2 4 8 8 8 9 11 15 15 17 26 27 27 27 27 28 29 31 31 31 33 33 36 38 38 41 41 42 42 44 48 0 141 157 181 181 215 247 258 310 371 379 381 409 558 567 592 607 613 630 644 673 717 753 805 815 824 860 861 888 896 974 978 988
59.9597585513 34.8993288591 33 0 3 5 5 7 7 7 9 10 10 10 14 14 16 21 22 22 23 23 24 27 31 31 32 33 36 37 38 41 42 43 44 46 0 0 108 109 126 175 227 296 308 356 357 380 418 426 444 455 525 533 561 615 643 643 674 677 694 706 712 736 764 771 803 856 919
39.8390342052 66.2192393736 33 0 1 5 6 9 13 14 17 18 18 23 26 27 29 30 31 31 32 33 34 35 38 38 39 40 45 47 47 47 48 48 48 49 0 100 159 164 169 190 206 217 228 349 354 371 413 426 459 461 464 490 515 517 549 630 655 679 681 696 696 728 761 767 813 827 841
32.9979879276 63.7583892617 33 0 0 1 2 7 7 9 13 13 13 13 16 17 19 19 20 22 23 24 27 29 33 34 34 36 37 37 40 43 43 46 48 49 0 0 104 126 134 148 176 193 234 244 277 310 310 362 449 457 511 603 618 619 643 666 680 712 826 837 840 846 869 900 925 959 982
63.1790744467 77.1812080537 33 0 0 1 3 7 10 10 11 11 12 12 15 16 17 18 20 24 24 24 29 33 35 36 36 36 37 39 41 42 47 47 49 49 0 159 176 194 229 229 255 281 360 366 407 423 441 442 445 498 540 559 618 645 687 717 752 798 838 851 868 874 879 906 969 997 999
93.5613682093 51.0067114094 33 0 0 2 4 4 5 6 6 6 9 9 13 13 13 17 17 19 20 21 21 22 23 29 29 31 34 35 39 40 41 42 44 47 0 112 115 269 280 289 311 317 326 329 339 408 410 429 477 488 518 518 595 618 678 691 698 771 837 878 892 898 907 941 947 960 961
70.6237424547 91.2751677852 33 0 7 11 14 15 16 17 20 21 21 22 23 25 27 29 29 31 31 31 31 32 33 35 36 37 38 40 41 43 43 45 48 48 0 150 156 197 201 203 306 318 324 336 353 355 358 362 395 423 428 483 524 545 556 586 601 616 624 687 753 772 886 932 938 964 966
81.4889336016 22.8187919463 33 0 0 0 4 6 6 7 8 9 10 10 11 14 19 19 19 20 21 22 24 25 31 33 34 37 38 39 39 42 43 44 45 46 0 114 200 211 240 255 292 319 337 433 454 469 479 592 646 671 684 706 721 727 735 755 822 852 864 871 874 878 890 933 962 968 991
26.7605633803 34.8993288591 33 0 4 4 5 6 6 7 8 8 9 11 12 12 13 14 14 14 14 16 17 17 17 18 21 29 29 33 33 34 37 38 43 48 0 132 155 178 202 236 354 354 366 377 395 483 518 522 533 598 650 656 670 701 710 719 730 761 800 822 832 839 863 864 919 953 976
47.4849094567 50.1118568233 33 0 1 3 7 8 9 12 12 12 15 19 20 20 21 23 26 27 29 31 33 36 36 36 38 39 39 40 42 43 44 45 46 46 0 115 133 167 204 212 238 249 263 338 356 380 403 444 487 514 520 557 572 576 590 592 605 676 685 709 769 786 800 865 881 951 993
53.3199195171 33.5570469799 33 0 2 4 6 6 7 7 9 10 12 12 15 17 17 17 19 19 26 29 29 29 34 37 37 38 38 38 40 40 44 45 46 47 0 0 140 164 216 233 235 248 291 391 397 415 424 439 473 482 504 566 602 614 680 704 721 749 756 778 789 811 821 876 898 930 997
71.8309859155 42.5055928412 33 0 1 4 4 5 5 6 10 11 12 13 13 14 16 18 19 22 23 25 26 26 27 28 34 36 37 37 41 42 45 47 49 49 0 129 199 217 238 292 294 296 317 324 354 384 385 439 477 506 515 542 614 626 638 687 694 765 776 778 792 814 857 873 900 953 981
42.0523138833 12.7516778523 33 0 0 0 2 2 7 8 8 9 10 11 14 14 15 15 15 17 19 20 20 21 23 26 27 30 33 33 38 40 41 46 47 49 0 111 133 165 177 236 256 260 294 310 329 338 363 372 377 383 393 454 455 475 477 495 507 537 603 670 734 789 859 872 947 972 995
75.6539235412 21.7002237136 33 0 3 4 5 8 9 9 14 15 15 15 16 19 24 24 27 28 29 30 32 33 33 33 34 35 36 38 40 42 43 44 47 49 0 102 131 141 184 251 280 283 298 303 327 390 442 509 558 569 592 592 601 675 679 701 768 795 820 855 860 873 895 919 939 948 968
46.0764587525 32.2147651007 33 0 1 5 5 7 8 9 9 10 10 13 13 14 15 24 25 28 29 30 30 30 31 31 36 39 40 41 41 41 42 45 47 47 0 0 104 116 123 177 181 224 227 304 306 334 350 371 392 400 400 429 481 530 552 605 630 641 778 787 807 810 827 850 882 939 958
77.2635814889 73.1543624161 33 0 1 2 3 7 10 10 12 14 14 14 16 19 20 21 21 24 25 26 30 31 32 34 36 36 43 43 43 44 45 48 49 49 0 123 130 130 151 177 191 202 235 248 356 368 380 380 382 398 433 489 498 511 514 594 597 612 642 657 707 756 780 791 897 924 940
80.4828973843 53.2438478747 33 0 0 0 1 2 6 10 14 14 16 17 20 26 26 28 28 29 31 31 34 34 38 38 40 40 41 41 46 46 47 47 47 48 0 115 181 252 274 292 317 379 388 440 454 522 527 543 578 587 595 603 614 675 712 742 775 802 836 845 855 871 905 921 929 946 968
69.2152917505 50.1118568233 33 0 0 7 9 11 12 15 16 20 20 22 22 24 27 28 29 31 36 36 38 38 40 40 41 43 44 44 45 45 47 49 49 49 0 111 188 207 225 254 320 358 362 374 380 394 401 408 409 410 456 467 515 526 537 596 666 685 702 703 719 728 737 787 829 880 969
84.708249497 66.8903803132 33 0 0 1 5 5 6 6 7 12 13 13 13 15 15 23 26 26 29 30 31 33 37 38 38 38 40 41 41 42 43 43 47 49 0 0 107 171 184 199 202 228 241 331 340 348 361 367 399 400 418 423 456 463 507 562 574 634 640 680 705 767 882 896 901 971 999
69.014084507 59.0604026846 33 0 0 3 5 10 10 11 13 15 18 19 24 28 31 32 35 35 35 36 37 38 38 38 38 38 42 43 44 44 45 45 47 49 0 105 117 147 152 166 190 210 251 259 304 313 328 469 596 610 619 677 687 720 738 757 764 780 788 815 849 862 896 913 923 931 943
59.9597585513 66.4429530201 33 0 0 2 3 3 6 7 11 12 14 22 24 25 26 27 31 33 33 33 34 35 37 38 38 38 39 40 41 43 43 44 45 47 0 131 141 143 156 159 168 188 238 251 254 271 273 283 344 366 396 407 462 485 534 549 553 572 599 609 620 638 696 779 834 889 902
24.3460764588 57.9418344519 33 0 7 9 9 9 11 12 13 14 17 17 19 20 21 24 25 25 26 28 28 28 33 33 33 34 36 38 39 43 45 46 47 49 0 131 148 199 210 211 292 375 392 425 443 458 471 496 523 552 560 592 624 694 721 743 748 813 815 821 825 843 859 878 903 922 953
23.9436619718 45.4138702461 33 0 2 2 3 6 6 10 11 12 13 15 15 17 17 17 18 18 20 22 23 24 25 27 28 32 35 42 42 43 44 45 47 48 0 155 162 233 289 295 341 346 379 464 492 522 534 588 633 637 641 656 710 724 741 780 798 805 813 826 843 845 862 872 924 931 991
87.5251509054 55.7046979866 33 0 1 1 2 3 4 5 12 13 13 16 16 18 22 23 24 26 27 27 32 33 34 35 35 37 38 40 40 42 44 44 45 49 0 0 112 112 154 179 195 209 232 254 301 315 351 365 404 512 524 554 576 588 609 618 621 626 659 717 720 772 811 879 964 980 982
39.6378269618 46.7561521253 33 0 0 0 1 5 6 6 6 7 11 11 11 12 13 15 15 16 19 19 19 21 23 23 23 26 29 33 33 35 39 39 41 47 0 0 124 130 174 202 212 218 248 251 276 307 369 398 444 453 466 470 511 525 554 682 689 716 742 779 785 809 810 826 939 963 988
77.6659959759 55.7046979866 33 0 4 4 6 8 9 13 14 15 16 19 22 23 24 26 26 27 28 28 29 29 32 34 36 36 38 40 42 43 43 44 48 49 0 137 172 176 199 202 232 269 275 284 331 356 388 397 463 489 569 575 594 596 648 674 678 680 694 758 768 826 870 914 936 947 960
44.2655935614 8.9485458613 33 0 1 3 3 3 4 4 6 7 9 10 11 11 11 14 17 22 24 27 27 28 28 31 32 32 34 34 35 36 36 40 47 49 0 0 104 115 126 153 168 242 274 277 302 303 303 305 318 333 380 382 444 453 480 501 531 544 604 628 629 659 691 702 829 835 978
70.0201207243 72.706935123 33 0 0 1 2 3 5 6 6 8 9 11 15 16 17 18 18 18 20 23 23 24 25 26 26 26 27 28 32 34 37 39 41 43 0 130 135 152 165 211 234 261 345 346 351 370 373 400 473 498 560 606 644 652 720 730 736 740 833 833 903 909 932 942 951 992 996
55.1307847082 8.50111856823 33 0 1 1 6 6 10 11 17 17 18 20 20 20 21 21 25 26 27 27 27 27 29 31 34 34 34 36 39 40 42 43 47 47 0 128 148 218 233 244 259 271 292 347 468 498 506 523 546 547 557 586 645 651 674 735 747 753 803 811 814 819 838 897 899 988 989
47.8873239437 34.8993288591 33 0 0 2 2 3 5 7 9 12 14 14 15 15 15 17 18 19 20 21 25 28 28 30 30 31 36 38 40 42 42 46 46 47 0 121 139 238 289 356 357 404 429 464 580 581 588 616 632 691 707 713 737 741 756 800 823 830 862 863 872 874 906 936 968 974 999
63.3802816901 44.966442953 33 0 4 4 6 7 8 8 10 11 13 13 17 18 23 24 27 27 29 29 29 32 32 33 33 35 37 40 40 41 42 43 43 46 0 114 176 178 190 275 288 292 309 330 353 381 399 414 419 431 447 479 511 568 590 616 643 655 724 799 856 881 905 915 924 957 987
45.8752515091 43.6241610738 33 0 3 5 9 11 12 14 14 16 16 17 17 18 20 21 25 26 27 28 29 36 36 36 38 39 41 43 44 45 45 46 46 48 0 107 152 156 173 175 206 232 234 254 334 384 390 398 402 417 437 458 536 569 576 630 681 697 718 723 808 867 873 909 935 940 945
54.5271629779 55.2572706935 33 0 0 1 3 6 7 8 10 10 11 12 16 19 20 28 32 32 34 36 37 37 39 39 40 43 44 44 46 47 47 47 48 48 0 0 120 140 153 182 188 209 239 249 352 374 378 468 514 545 568 577 588 593 659 711 724 728 729 760 782 798 819 883 889 890 948
71.8309859155 61.5212527964 33 0 2 3 3 4 7 7 13 14 14 17 18 19 26 31 32 32 33 33 35 36 38 39 39 40 41 44 44 45 45 46 47 48 0 139 190 228 234 256 258 281 285 349 360 369 390 406 431 457 539 545 563 651 709 710 733 736 742 830 837 847 865 914 929 930 943
62.1730382294 68.6800894855 33 0 0 1 2 4 11 12 13 18 18 19 22 26 27 28 28 32 33 34 35 35 35 40 40 42 43 43 44 44 45 46 48 49 0 0 135 142 205 271 333 380 426 455 490 515 520 576 611 611 614 642 643 673 691 709 715 723 723 761 766 796 881 894 917 921 975
97.1830985915 15.2125279642 33 0 2 5 11 11 12 14 18 18 22 23 24 26 26 26 28 29 29 31 31 35 38 38 39 40 41 42 45 46 46 47 47 48 0 0 161 192 193 206 251 280 293 337 355 383 388 406 487 501 549 572 575 606 629 684 738 779 797 813 816 875 888 923 936 968 974
37.2233400402 57.4944071588 33 0 0 7 11 14 14 15 18 18 19 20 21 22 24 25 27 30 31 37 37 39 41 42 43 44 44 44 45 45 45 47 47 49 0 106 130 165 179 230 232 235 301 322 328 350 389 429 440 491 515 523 560 598 635 637 648 680 684 750 839 863 900 923 946 947 949
38.6317907445 25.7270693512 33 0 0 1 6 7 8 11 12 13 13 14 16 17 17 17 18 19 23 24 25 29 30 32 32 33 34 35 40 41 42 45 45 48 0 0 100 128 228 230 268 286 287 322 346 369 372 380 402 405 572 578 605 643 645 646 667 701 729 800 856 896 908 924 941 947 969
56.338028169 63.7583892617 33 0 2 4 4 6 6 9 10 11 12 13 14 15 20 21 23 23 25 27 30 35 37 37 37 38 40 41 41 43 45 46 48 49 0 147 153 154 173 188 290 330 357 372 390 414 445 449 450 482 492 510 575 589 605 640 667 807 832 833 882 891 907 930 984 990 993
31.7907444668 32.4384787472 33 0 1 2 3 5 5 6 8 13 16 16 16 17 17 19 19 20 21 21 24 24 25 26 30 30 31 34 34 35 38 39 40 49 0 173 212 221 235 248 301 357 357 366 373 393 420 513 522 572 587 591 615 624 641 660 764 766 808 824 922 925 945 946 950 955 980
48.893360161 53.6912751678 33 0 0 0 1 2 4 7 7 8 10 10 11 11 12 16 20 22 24 24 25 27 30 34 37 41 43 43 46 46 46 48 48 48 0 156 172 181 193 197 203 209 240 254 258 302 305 381 394 469 481 549 608 613 653 663 682 687 700 855 884 891 905 957 962 971 989
61.9718309859 49.8881431767 33 0 0 2 3 9 14 14 15 17 19 20 21 21 24 26 28 29 31 32 33 33 35 39 39 40 41 41 42 43 44 46 48 49 0 0 146 161 175 202 256 282 348 368 370 371 376 393 435 469 587 634 640 645 653 726 771 777 800 802 819 835 859 860 952 974 992
74.245472837 51.9015659955 33 0 0 1 4 8 8 9 10 10 13 13 14 14 17 17 18 19 19 21 23 23 24 25 25 28 30 32 36 38 39 40 44 44 0 156 171 174 182 212 217 222 241 272 284 288 303 306 325 390 407 464 465 467 540 545 564 601 627 647 742 753 823 849 866 928 958
30.1810865191 55.9284116331 33 0 2 2 4 5 7 10 14 16 16 17 17 17 20 21 21 22 23 23 23 24 24 26 26 27 29 30 32 34 36 36 47 47 0 0 112 206 224 256 267 270 284 297 329 339 352 358 371 396 397 462 493 526 537 619 652 724 738 769 785 785 790 845 861 901 979
33.6016096579 42.0581655481 33 0 0 1 2 3 6 6 7 7 10 12 16 17 18 22 24 26 29 30 30 31 33 33 33 35 38 39 41 42 42 44 44 47 0 109 110 245 250 256 328 342 371 388 410 450 463 514 528 537 548 558 572 578 586 644 678 690 752 766 781 816 904 937 972 976 978
69.6177062374 100.0 33 0 0 1 2 6 6 7 7 9 10 10 11 12 12 18 19 20 27 29 29 30 30 35 35 36 39 40 42 43 44 47 47 48 0 155 177 194 222 224 237 251 275 311 318 412 459 468 473 490 507 508 609 626 629 661 665 683 749 793 841 883 884 965 974 989 991
40.4426559356 65.7718120805 33 0 0 3 7 8 10 11 12 13 14 20 20 21 24 27 28 29 30 30 31 35 35 39 40 42 44 45 45 46 48 48 49 49 0 109 115 183 224 234 238 239 289 358 360 363 388 412 430 495 565 569 586 597 598 604 610 632 691 708 709 735 741 777 872 912 915
50.1006036217 40.0447427293 33 0 1 4 5 7 8 12 12 13 14 15 18 19 20 20 21 23 24 25 29 30 34 34 36 37 38 38 40 42 43 44 46 48 0 116 158 200 237 245 272 281 328 339 364 453 488 492 547 602 616 620 625 634 650 656 704 706 739 752 813 823 861 931 953 975 987
39.4366197183 87.9194630872 33 0 1 2 7 7 9 14 14 17 19 19 20 20 21 22 22 23 23 23 24 29 30 32 35 35 38 40 41 42 43 43 46 47 0 0 124 151 165 186 186 216 229 230 238 276 277 293 362 448 480 510 535 537 599 710 755 775 816 825 851 872 915 940 954 956 990
74.6478873239 87.2483221477 33 0 0 2 3 6 6 6 6 6 9 13 13 15 17 17 19 20 23 23 27 28 29 30 31 35 35 35 37 39 41 42 42 48 0 134 146 154 219 225 255 282 325 327 335 363 378 383 409 434 465 490 540 550 589 600 609 660 669 747 752 754 755 796 802 908 911
42.6559356137 81.2080536913 33 0 0 0 4 6 7 10 10 10 13 14 15 16 17 18 18 19 20 23 29 34 35 36 36 36 39 40 41 41 43 47 49 49 0 110 115 154 202 210 237 327 340 341 344 360 375 435 545 546 576 596 607 633 663 674 746 815 867 869 890 956 969 985 989 991 991
34.6076458753 83.6689038031 33 0 1 1 3 6 7 7 9 13 14 16 18 20 23 23 25 26 27 29 31 31 31 32 33 36 36 38 41 41 42 42 44 46 0 0 164 179 183 187 188 192 215 240 271 274 310 381 386 424 427 463 482 529 535 555 638 653 665 686 707 784 798 846 851 918 977
15.4929577465 44.0715883669 33 0 1 1 2 5 5 6 7 8 9 10 14 17 19 19 21 21 23 24 26 29 33 34 34 35 35 37 38 38 42 43 48 48 0 141 210 230 275 296 317 337 389 415 420 423 453 488 491 495 529 551 565 577 632 646 716 719 761 762 775 895 897 922 939 942 990
54.5271629779 48.5458612975 33 0 0 1 1 2 3 9 11 14 14 15 16 16 17 21 24 24 25 29 30 31 33 35 36 37 37 38 39 40 41 42 48 49 0 120 127 197 198 215 270 281 309 383 406 428 463 483 489 541 584 623 662 696 708 711 719 721 853 872 883 893 900 912 937 981 982
65.3923541247 49.8881431767 33 0 0 4 5 6 6 7 7 10 10 10 14 15 22 23 25 26 28 30 30 31 32 32 38 38 39 39 41 43 45 45 47 47 0 121 134 144 181 215 249 334 338 373 392 424 459 494 506 534 581 583 603 610 674 684 696 743 753 793 816 824 895 910 955 973 977
39.0342052314 5.59284116331 33 0 0 4 6 15 19 20 20 21 22 25 25 27 27 28 28 31 32 32 33 35 35 39 40 40 40 40 42 45 46 46 47 49 0 146 146 176 180 205 211 234 281 296 298 386 399 403 457 463 561 562 584 589 591 629 697 698 777 797 803 852 870 881 884 926 959
45.0704225352 73.6017897092 33 0 1 2 5 6 6 11 11 12 13 14 18 19 19 22 24 24 25 25 25 25 29 30 33 35 38 41 42 45 47 47 48 49 0 0 115 126 134 136 137 148 195 268 338 417 438 442 488 520 545 559 606 613 640 662 707 711 736 821 862 884 895 901 919 941 962
92.152917505 58.836689038 33 0 0 3 5 11 13 16 17 18 19 23 23 24 24 27 28 29 30 32 33 34 34 34 36 36 39 40 43 43 44 44 48 49 0 0 109 176 209 289 299 318 354 465 502 510 512 528 603 619 634 658 664 679 706 733 761 762 774 811 829 844 885 906 926 955 986
0.0 88.1431767338 33 0 2 4 9 12 12 13 13 15 16 16 17 17 20 23 24 25 25 28 29 30 30 31 32 33 39 40 41 42 44 44 47 48 0 108 111 133 134 144 200 236 253 311 331 374 384 497 504 570 575 577 584 611 620 628 688 728 734 747 785 829 842 880 889 904 964
36.2173038229 29.5302013423 33 0 1 3 4 10 13 15 18 19 21 21 21 24 24 26 28 29 30 31 31 33 34 36 39 39 42 42 43 43 44 45 47 48 0 111 117 119 137 149 172 208 212 346 401 433 469 476 513 519 545 568 573 598 601 645 691 711 739 824 830 832 880 911 946 952 977
50.3018108652 37.5838926174 33 0 0 0 1 1 1 5 7 8 12 13 14 14 19 22 23 23 24 24 28 32 32 33 34 35 36 36 37 37 40 41 44 49 0 100 133 150 160 207 226 245 275 332 334 433 438 465 514 530 545 549 594 624 693 704 715 732 756 787 788 811 822 838 896 968 997
43.2595573441 41.163310962 33 0 0 1 3 6 6 7 7 8 9 10 13 14 15 16 16 17 18 22 24 25 27 30 32 32 33 34 38 38 41 44 44 45 0 111 113 209 259 280 303 323 367 402 477 493 530 597 632 657 664 688 705 727 730 747 756 771 775 776 793 846 850 881 890 951 995
24.9496981891 52.7964205817 33 0 0 1 1 1 4 5 5 10 10 11 13 16 18 20 20 29 30 30 32 36 38 40 40 42 42 43 43 45 45 46 47 49 0 104 121 125 175 204 244 271 313 335 465 473 512 540 575 577 590 591 591 604 631 631 648 658 762 804 816 834 866 889 896 943 951
42.4547283702 68.4563758389 33 0 3 3 4 7 9 9 10 11 11 11 15 17 21 22 23 24 25 27 28 29 30 30 32 32 32 34 39 39 42 45 48 48 0 150 153 164 177 190 208 241 273 276 278 299 428 503 548 553 625 645 731 732 743 775 837 860 867 900 905 907 908 909 931 951 968
57.5452716298 35.5704697987 33 0 7 8 8 9 10 13 13 16 17 18 20 21 21 21 24 24 26 26 28 31 33 36 38 39 39 39 42 43 46 47 49 49 0 173 198 224 235 247 299 338 341 355 365 435 504 509 525 578 610 610 684 690 727 742 748 790 809 822 840 888 894 915 966 967 976
70.4225352113 54.3624161074 33 0 2 4 6 8 8 9 10 10 11 11 12 18 20 21 25 27 29 32 33 34 35 36 38 38 38 40 41 45 45 46 48 49 0 0 105 117 151 166 170 177 185 202 279 317 429 448 452 459 468 487 521 523 547 580 584 588 605 629 703 786 816 841 881 976 988
36.4185110664 32.6621923937 33 0 0 3 4 4 4 9 12 14 19 19 20 21 23 23 27 30 31 33 33 34 36 36 37 38 40 44 44 45 48 48 48 49 0 120 124 154 164 235 261 261 278 288 319 329 377 397 557 561 570 686 693 734 748 755 777 780 812 851 890 902 944 960 964 967 997
49.0945674044 79.6420581655 33 0 1 2 2 4 4 4 8 15 16 16 18 18 20 22 23 27 28 29 31 32 35 36 36 37 40 41 43 43 44 46 48 49 0 0 158 172 202 226 274 310 314 328 339 376 393 414 445 455 478 578 584 594 607 712 789 795 820 883 887 894 937 953 956 961 989
15.6941649899 4.02684563758 33 0 2 3 6 6 9 10 11 11 12 12 14 18 19 22 23 24 24 25 26 26 29 30 31 34 37 39 39 43 44 45 46 47 0 0 122 191 231 238 267 303 309 425 446 465 515 534 553 605 608 632 642 667 687 721 780 854 854 858 900 902 920 946 948 974 999
36.6197183099 46.0850111857 33 0 0 1 3 3 9 11 13 14 15 16 16 17 19 21 21 22 23 26 26 26 28 32 32 32 33 34 35 36 40 41 41 45 0 0 109 157 164 233 296 319 323 358 360 360 420 470 509 554 570 584 615 615 624 634 732 762 785 859 892 899 909 921 952 957 968
54.5271629779 66.8903803132 33 0 0 2 3 6 13 18 19 20 21 22 22 22 23 26 28 29 31 34 36 36 37 40 40 42 43 43 45 46 47 48 48 49 0 108 112 114 153 217 265 290 304 325 337 383 429 430 444 485 494 526 536 562 592 600 610 696 750 778 808 838 866 882 926 942 978
65.1911468813 61.5212527964 33 0 0 1 1 2 7 7 8 9 10 24 27 27 27 29 30 30 30 31 31 38 40 41 43 44 45 45 46 47 48 49 49 49 0 143 160 215 224 297 302 316 319 346 388 407 462 494 537 549 600 607 632 660 688 688 689 714 727 771 774 781 831 838 867 931 933
95.3722334004 66.2192393736 33 0 0 1 3 4 9 10 14 16 21 21 21 21 22 26 27 29 32 32 34 34 35 38 40 40 41 42 43 44 45 45 46 49 0 0 106 109 161 216 221 269 271 301 323 351 355 386 417 440 448 504 540 555 606 616 627 647 648 663 673 688 700 736 793 844 988
71.4285714286 69.7986577181 33 0 4 5 8 9 11 14 17 17 19 20 20 22 26 27 28 29 32 32 32 34 36 37 37 38 38 40 42 44 44 45 49 49 0 0 146 164 305 309 355 407 428 436 439 454 509 519 548 557 563 586 590 604 610 614 670 704 725 730 756 775 799 851 860 861 948
38.0281690141 66.8903803132 33 0 0 1 3 7 8 10 10 12 13 15 15 18 20 24 27 29 30 30 33 33 35 36 37 38 39 41 41 42 43 46 48 49 0 107 120 182 200 215 223 250 256 300 302 348 375 403 404 432 433 509 559 572 601 642 652 671 677 698 793 847 864 876 880 912 962
47.0824949698 50.5592841163 33 0 1 2 3 5 5 8 12 13 15 17 23 24 25 26 26 27 27 28 29 30 34 34 35 35 36 42 43 44 46 46 47 47 0 0 111 120 251 256 286 327 397 419 423 437 438 455 469 469 477 492 529 538 587 592 602 657 731 747 784 795 833 880 924 952 966
32.7967806841 42.0581655481 33 0 1 2 4 5 6 9 9 13 15 17 18 19 20 20 20 20 20 21 22 29 29 33 36 36 37 37 39 44 46 46 47 47 0 114 256 313 320 411 422 434 478 497 511 516 543 552 587 615 651 658 700 730 760 763 782 798 858 886 921 933 942 944 970 974 986
100.0 68.4563758389 33 0 0 1 1 1 5 6 11 12 12 12 13 16 17 17 18 20 21 22 27 27 28 30 30 31 31 33 34 39 40 41 46 48 0 133 141 179 255 267 297 306 372 412 448 449 477 505 509 541 553 577 577 579 581 605 606 614 661 663 728 747 775 824 884 905 955
46.277665996 32.8859060403 33 0 1 2 3 4 10 11 11 12 14 14 14 16 17 22 23 23 28 29 29 29 31 33 34 34 36 37 38 42 45 45 46 48 0 103 116 163 179 188 235 265 289 311 314 374 423 428 452 458 480 481 534 580 597 599 611 675 680 737 746 787 816 822 835 903 983
89.1348088531 47.2035794183 33 0 0 1 4 6 7 9 9 11 12 12 13 13 14 19 19 19 19 21 22 24 28 30 31 32 35 42 42 45 46 47 47 49 0 126 130 132 140 185 194 249 332 409 437 462 463 467 476 506 515 522 526 684 701 709 731 805 815 841 866 868 882 895 929 964 965
59.7585513078 59.9552572707 33 0 0 1 1 2 4 4 5 6 11 12 13 14 15 19 24 26 26 31 33 35 35 38 41 42 43 43 43 44 44 45 48 49 0 0 100 124 149 184 200 233 241 242 293 305 356 439 495 513 592 628 658 726 736 740 759 771 782 785 827 845 851 879 887 947 993
68.0080482897 46.9798657718 33 0 0 0 0 1 3 7 7 8 9 11 12 13 14 15 17 21 22 23 23 25 32 32 32 35 37 38 39 39 40 43 47 48 0 119 185 196 210 218 229 229 260 262 284 295 323 336 337 355 404 464 470 550 551 560 656 681 692 720 742 756 815 825 903 922 950
38.2293762575 42.2818791946 33 0 0 1 1 2 5 5 11 11 12 14 15 15 15 16 16 17 17 19 19 28 30 31 33 33 35 35 37 39 41 43 43 49 0 163 182 184 203 245 264 275 291 313 327 330 331 333 403 405 432 453 509 511 520 539 609 661 703 715 788 793 822 823 877 969 974
61.569416499 64.8769574944 33 0 1 1 2 4 4 7 9 10 17 18 18 18 18 18 19 19 19 20 24 25 27 28 28 30 31 31 32 36 39 41 41 48 0 109 178 185 185 197 208 247 249 263 276 277 300 331 352 355 408 421 447 471 478 488 535 538 563 785 835 841 845 872 927 945 959
22.9376257545 49.6644295302 33 0 0 2 2 3 3 7 10 11 11 18 18 20 20 21 26 27 28 32 33 35 36 37 37 37 39 40 40 41 42 48 48 48 0 114 141 176 183 193 204 255 307 333 346 359 434 435 439 456 493 493 537 544 605 614 639 682 725 726 799 838 843 880 957 973 989
56.1368209256 86.5771812081 33 0 1 1 3 5 7 8 10 11 13 17 17 21 22 22 24 26 27 29 30 32 32 32 33 34 35 36 36 37 42 42 44 47 0 111 117 119 123 137 148 170 175 197 199 251 257 332 378 381 393 432 478 524 526 540 543 598 599 616 665 799 818 863 909 953 964
8.24949698189 24.1610738255 33 0 4 4 5 7 8 10 11 13 14 15 16 18 18 19 20 23 23 25 29 34 34 35 35 38 38 39 41 43 44 45 48 48 0 100 148 157 269 298 317 385 390 392 435 435 455 462 505 515 542 548 607 609 629 660 679 732 755 760 765 776 779 836 866 934 972
62.9778672032 20.8053691275 33 0 0 6 7 7 7 8 8 9 9 12 13 15 15 16 23 24 27 30 33 37 39 40 41 43 44 45 45 46 47 47 49 49 0 147 159 196 206 265 334 348 405 439 457 484 537 561 605 606 612 634 659 723 758 780 814 820 823 841 877 880 910 918 940 989 999
41.8511066398 72.4832214765 33 0 0 1 3 5 5 9 10 13 16 17 18 22 23 24 25 26 26 27 30 37 38 38 38 40 43 43 45 46 48 48 49 49 0 104 125 168 185 191 219 249 311 356 375 376 381 385 386 408 427 433 454 472 528 536 545 590 605 680 687 724 787 825 928 928 989
28.5714285714 34.6756152125 33 0 0 0 1 7 9 11 11 15 16 16 17 19 20 22 22 24 30 31 32 34 34 35 36 39 41 47 47 47 48 48 49 49 0 0 125 138 198 243 256 303 314 378 396 399 410 435 438 457 498 529 589 608 612 638 668 779 787 846 856 910 946 952 970 982 985
18.7122736419 84.1163310962 33 0 3 4 6 8 11 18 18 20 22 23 23 23 23 24 24 33 33 34 37 39 39 40 41 42 42 43 44 45 47 48 48 49 0 115 148 174 199 219 283 294 341 375 389 400 407 415 463 467 474 539 602 664 666 725 767 774 798 808 827 836 870 871 938 974 998
45.2716297787 56.8232662192 33 0 0 6 6 6 8 9 10 11 12 13 13 15 15 18 21 22 22 22 22 22 23 24 24 24 25 25 32 33 38 38 42 49 0 104 106 118 145 259 265 267 299 305 343 348 454 501 504 514 518 540 553 564 662 721 758 789 798 803 816 848 868 919 933 954 957
18.1086519115 0.0 33 0 1 5 9 11 11 13 14 17 18 20 23 24 24 24 25 25 26 26 27 28 30 30 31 37 39 40 42 42 44 47 49 49 0 140 217 316 320 322 368 375 380 396 445 449 449 460 547 549 557 567 591 609 657 659 674 695 706 732 753 774 782 809 883 985 992
52.3138832998 82.1029082774 33 0 1 5 7 11 16 16 17 17 19 20 21 23 24 25 26 28 30 31 31 34 35 36 36 37 38 41 41 42 46 46 47 48 0 103 124 146 156 157 158 193 234 248 323 333 360 388 413 457 509 568 590 646 701 806 830 867 868 893 896 899 915 915 918 936 981
46.277665996 95.3020134228 33 0 2 3 6 7 9 9 9 12 12 17 20 21 21 22 22 23 24 24 26 28 28 28 32 32 33 34 43 43 44 47 48 48 0 118 141 156 170 195 203 223 266 302 303 329 335 343 383 425 434 516 538 542 560 577 660 671 752 776 784 827 845 866 890 940 968
64.185110664 35.7941834452 33 0 1 4 5 6 6 6 7 8 9 9 10 10 15 17 22 22 23 24 24 25 29 31 32 37 40 42 43 44 45 45 46 48 0 119 155 201 215 217 249 328 331 358 418 432 437 613 648 659 704 730 765 769 771 788 806 848 866 869 871 878 907 916 940 964 990
36.0160965795 56.5995525727 33 0 2 4 4 5 5 6 8 9 9 10 12 12 13 13 16 16 18 19 20 21 22 23 24 25 27 34 36 36 38 39 44 46 0 159 161 171 185 188 205 214 228 267 296 329 337 394 403 465 501 526 549 704 717 735 743 779 820 832 850 852 860 912 924 977 989
68.2092555332 86.5771812081 33 0 1 1 2 3 4 6 6 6 9 10 13 15 19 26 26 27 28 32 32 33 33 34 37 38 40 40 42 43 46 47 48 49 0 114 140 164 182 242 282 300 316 321 329 384 386 434 547 600 605 622 624 628 646 682 725 754 768 775 792 856 870 905 912 977 995
12.8772635815 43.8478747204 33 0 0 5 8 11 13 22 24 25 25 26 29 29 30 32 32 32 34 34 34 35 35 36 36 38 40 43 45 46 46 47 47 49 0 153 157 196 204 284 289 291 303 303 390 434 450 479 484 511 533 592 606 623 668 670 692 693 704 799 860 895 904 926 948 983 992
27.7665995976 63.9821029083 33 0 1 1 3 3 3 6 12 15 16 17 17 18 19 19 27 27 28 28 30 30 31 31 33 36 38 38 40 44 45 46 48 49 0 0 141 170 181 188 214 224 234 278 287 299 373 380 428 439 446 550 566 623 630 635 696 720 796 797 817 826 831 864 896 919 959
55.5331991952 50.7829977629 33 0 2 6 7 7 8 9 11 13 14 15 18 20 23 23 24 25 26 28 28 28 29 35 35 37 41 41 41 43 43 47 47 47 0 154 180 184 190 193 227 274 303 308 408 415 419 429 464 485 487 501 553 558 569 599 618 644 656 662 745 788 804 842 872 950 999
216
46.7741935484 60.8163265306 8
49.3548387097 94.693877551 3
34.0322580645 69.1836734694 5
15.8064516129 61.6326530612 9
65.8064516129 25.7142857143 5
43.2258064516 2.24489795918 4
40.1612903226 100.0 8
84.0322580645 77.1428571429 8
20.3225806452 60.612244898 1
20.9677419355 63.2653061224 3
42.2580645161 84.8979591837 6
51.7741935484 35.7142857143 1
69.6774193548 58.1632653061 9
83.3870967742 57.5510204082 8
100.0 33.0612244898 7
45.6451612903 73.6734693878 5
54.6774193548 76.9387755102 4
22.4193548387 59.387755102 4
63.2258064516 53.8775510204 6
62.5806451613 49.387755102 4
56.6129032258 46.1224489796 6
71.2903225806 54.693877551 2
59.8387096774 66.9387755102 5
39.6774193548 48.9795918367 6
40.6451612903 43.6734693878 3
59.3548387097 41.4285714286 9
29.6774193548 43.2653061224 1
37.5806451613 42.8571428571 8
78.3870967742 82.8571428571 2
65.1612903226 73.4693877551 6
73.5483870968 40.8163265306 7
31.4516129032 30.4081632653 1
45.8064516129 38.7755102041 6
40.3225806452 40.4081632653 1
36.7741935484 67.9591836735 6
31.2903225806 71.0204081633 9
43.064516129 79.5918367347 6
63.5483870968 34.2857142857 3
45.9677419355 59.387755102 4
80.8064516129 44.4897959184 4
53.8709677419 49.7959183673 6
35.8064516129 77.1428571429 5
47.7419354839 39.387755102 4
32.4193548387 44.8979591837 7
65.0 82.4489795918 5
48.5483870968 79.5918367347 2
55.3225806452 56.3265306122 3
31.935483871 43.2653061224 2
27.9032258065 15.9183673469 4
67.2580645161 28.9795918367 4
36.7741935484 26.1224489796 3
43.3870967742 37.9591836735 9
39.0322580645 61.4285714286 9
72.0967741935 61.8367346939 8
60.3225806452 12.0408163265 6
56.935483871 55.9183673469 1
46.935483871 60.8163265306 7
68.2258064516 80.8163265306 8
8.38709677419 0.0 3
43.3870967742 63.8775510204 7
51.1290322581 38.1632653061 1
43.064516129 51.6326530612 5
38.7096774194 83.0612244898 2
59.3548387097 35.9183673469 5
52.0967741935 37.1428571429 3
55.0 78.9795918367 2
60.6451612903 58.9795918367 4
55.4838709677 57.5510204082 8
40.1612903226 46.5306122449 2
35.8064516129 58.9795918367 1
23.8709677419 81.6326530612 8
50.0 60.0 7
58.8709677419 44.8979591837 4
52.2580645161 62.2448979592 3
34.1935483871 60.612244898 1
42.5806451613 31.4285714286 1
33.5483870968 84.2857142857 7
31.4516129032 27.9591836735 6
41.1290322581 78.1632653061 5
21.4516129032 46.3265306122 7
65.3225806452 17.7551020408 6
42.7419354839 83.4693877551 5
42.7419354839 48.1632653061 9
58.5483870968 40.0 7
40.0 52.8571428571 6
51.7741935484 76.3265306122 6
39.3548387097 45.5102040816 3
61.1290322581 85.5102040816 4
44.0322580645 48.1632653061 1
37.5806451613 25.1020408163 4
43.064516129 56.3265306122 9
0.0 54.2857142857 4
42.9032258065 44.693877551 2
17.0967741935 28.3673469388 2
58.3870967742 56.1224489796 9
65.4838709677 60.8163265306 8
61.7741935484 24.2857142857 5
7.09677419355 54.4897959184 6
58.8709677419 20.612244898 4
24.3548387097 22.4489795918 8
44.6774193548 53.6734693878 9
26.2903225806 61.0204081633 3
44.1935483871 83.8775510204 3
43.3870967742 55.9183673469 6
26.6129032258 90.4081632653 2
74.8387096774 60.0 3
37.4193548387 70.612244898 4
49.8387096774 38.1632653061 1
21.6129032258 65.5102040816 7
57.5806451613 79.7959183673 9
56.935483871 48.7755102041 5
33.7096774194 69.387755102 6
59.3548387097 49.7959183673 5
65.9677419355 69.7959183673 9
58.5483870968 67.3469387755 2
60.0 59.5918367347 7
34.6774193548 31.4285714286 4
18.3870967742 62.0408163265 6
28.064516129 44.4897959184 5
7.41935483871 68.9795918367 9
58.064516129 37.9591836735 1
19.0322580645 23.0612244898 7
7.74193548387 61.2244897959 1
51.2903225806 38.3673469388 5
5.8064516129 26.9387755102 7
76.7741935484 37.9591836735 8
79.0322580645 49.5918367347 2
47.0967741935 78.9795918367 6
28.8709677419 67.3469387755 3
33.7096774194 87.1428571429 4
61.6129032258 60.612244898 1
56.4516129032 29.387755102 4
31.1290322581 32.6530612245 9
60.6451612903 67.1428571429 5
50.4838709677 69.7959183673 3
65.1612903226 24.4897959184 2
40.3225806452 61.6326530612 5
51.4516129032 35.7142857143 6
42.5806451613 65.7142857143 5
67.7419354839 25.9183673469 4
42.5806451613 57.5510204082 8
41.935483871 78.1632653061 1
55.0 56.3265306122 6
57.2580645161 73.0612244898 5
34.8387096774 48.3673469388 3
48.2258064516 42.2448979592 1
43.3870967742 58.5714285714 1
51.6129032258 2.44897959184 6
55.3225806452 54.8979591837 7
75.9677419355 50.2040816327 5
57.5806451613 77.3469387755 8
64.1935483871 59.387755102 7
80.4838709677 63.2653061224 1
19.6774193548 25.1020408163 9
47.7419354839 47.3469387755 1
92.0967741935 27.9591836735 4
28.7096774194 93.0612244898 3
75.0 79.7959183673 3
65.9677419355 9.38775510204 1
39.3548387097 43.4693877551 1
45.4838709677 9.18367346939 2
54.5161290323 66.5306122449 1
19.3548387097 61.0204081633 7
48.5483870968 69.387755102 4
54.3548387097 43.6734693878 6
44.8387096774 44.693877551 2
34.6774193548 60.8163265306 2
62.0967741935 66.1224489796 2
73.064516129 61.4285714286 5
49.5161290323 80.0 7
63.7096774194 63.2653061224 6
31.7741935484 26.9387755102 8
54.0322580645 62.6530612245 5
56.2903225806 50.0 1
30.3225806452 38.1632653061 1
39.5161290323 25.1020408163 7
67.9032258065 71.4285714286 1
43.2258064516 40.8163265306 8
88.5483870968 68.9795918367 9
53.2258064516 47.1428571429 8
40.9677419355 68.3673469388 2
36.6129032258 97.3469387755 5
43.2258064516 29.1836734694 7
53.8709677419 92.6530612245 2
64.3548387097 41.0204081633 4
60.0 46.1224489796 2
58.3870967742 41.0204081633 3
23.064516129 50.4081632653 5
65.3225806452 31.4285714286 6
52.5806451613 57.5510204082 3
48.8709677419 52.6530612245 2
42.0967741935 44.0816326531 2
42.0967741935 28.3673469388 8
66.4516129032 17.3469387755 5
39.8387096774 12.0408163265 3
53.7096774194 51.0204081633 7
12.5806451613 72.8571428571 9
65.6451612903 46.5306122449 6
58.064516129 59.7959183673 1
33.2258064516 73.4693877551 5
28.8709677419 65.1020408163 9
54.0322580645 20.612244898 3
28.5483870968 76.3265306122 4
62.9032258065 85.7142857143 2
50.4838709677 17.7551020408 8
47.0967741935 61.8367346939 8
24.6774193548 93.8775510204 9
53.3870967742 37.7551020408 3
55.9677419355 34.4897959184 2
33.2258064516 58.9795918367 2
62.0967741935 48.5714285714 8
42.7419354839 42.0408163265 5
50.4838709677 45.1020408163 8
27.2580645161 14.4897959184 3
55.1612903226 36.5306122449 4
38.5483870968 57.5510204082 8
