57
56.4102564103 43.9024390244 10 0 4 8 11 22 27 30 35 35 46 0 0 418 465 498 639 657 719 749 985
54.4378698225 0.0 10 0 4 12 16 17 19 22 23 24 41 0 0 359 378 409 617 626 691 746 768
24.6548323471 71.5447154472 10 0 1 1 8 13 18 23 30 40 44 0 139 139 512 567 588 619 649 744 997
17.5542406312 87.6016260163 10 0 6 9 9 10 10 28 31 31 49 0 108 212 223 240 385 626 746 941 963
48.1262327416 56.9105691057 10 0 6 16 19 24 35 38 41 48 48 0 0 244 312 552 554 687 849 905 981
47.5345167653 75.6097560976 10 0 4 9 12 19 29 31 35 40 49 0 355 451 460 544 725 832 902 927 942
7.69230769231 58.1300813008 10 0 9 13 32 36 37 46 46 46 46 0 127 132 222 306 430 642 672 859 954
41.0256410256 23.1707317073 10 0 1 4 19 19 32 37 44 45 46 0 137 251 301 656 706 754 769 910 925
39.0532544379 62.3983739837 10 0 3 5 16 16 29 31 33 39 43 0 0 203 252 379 582 584 719 923 956
28.4023668639 57.5203252033 10 0 4 17 17 24 30 39 39 43 45 0 147 204 243 509 516 615 646 752 803
60.157790927 52.4390243902 10 0 4 5 11 11 20 24 30 45 47 0 110 198 255 410 503 526 669 684 865
62.5246548323 92.2764227642 10 0 4 9 9 23 28 31 36 41 47 0 253 277 568 635 655 684 733 829 971
31.1637080868 75.0 10 0 8 11 11 16 19 33 40 42 49 0 451 473 488 508 754 796 963 966 973
38.6587771203 55.2845528455 10 0 4 21 21 26 39 42 45 46 47 0 107 153 203 255 445 631 636 710 828
23.4714003945 63.6178861789 10 0 2 12 15 31 38 41 48 48 49 0 128 317 370 394 420 484 512 570 930
42.9980276134 28.4552845528 10 0 10 10 14 17 23 26 47 48 49 0 285 430 449 461 526 686 971 985 989
22.2879684418 51.6260162602 10 0 4 5 20 20 22 28 34 42 46 0 126 231 394 580 661 706 758 852 890
100.0 38.0081300813 10 0 3 7 7 18 26 29 33 40 49 0 168 188 322 424 496 501 533 585 605
34.1222879684 56.0975609756 10 0 9 9 9 24 27 30 35 47 49 0 157 172 256 286 290 347 434 495 850
59.1715976331 70.7317073171 10 0 10 14 22 22 23 25 31 37 40 0 145 187 240 273 374 490 891 911 974
61.932938856 51.4227642276 10 0 3 3 4 7 32 33 36 38 45 0 142 239 248 282 417 512 656 696 700
33.1360946746 87.8048780488 10 0 11 12 19 23 23 25 40 44 44 0 103 113 184 272 330 430 749 767 799
66.6666666667 100.0 10 0 2 9 10 22 24 28 37 42 49 0 252 330 377 395 409 548 674 810 831
51.6765285996 78.2520325203 10 0 1 2 6 23 28 41 47 48 48 0 258 415 461 579 712 738 893 916 947
46.5483234714 42.2764227642 10 0 7 16 19 23 27 33 35 36 41 0 237 297 366 456 457 551 641 932 960
14.0039447732 48.7804878049 10 0 1 7 11 16 20 21 21 32 38 0 0 236 257 333 349 404 442 630 666
58.1854043393 71.5447154472 10 0 9 13 15 26 27 29 39 43 47 0 0 284 473 515 551 558 745 864 971
40.6311637081 17.6829268293 10 0 1 12 19 25 25 29 38 42 47 0 178 256 574 591 616 632 717 831 925
50.4930966469 37.1951219512 10 0 2 3 6 14 20 24 34 39 42 0 114 526 613 708 847 881 913 970 982
23.6686390533 62.3983739837 10 0 2 19 19 28 29 29 30 42 48 0 176 267 418 444 456 580 688 915 942
16.3708086785 44.512195122 10 0 3 8 13 14 32 39 40 42 49 0 160 231 234 252 282 476 663 960 966
49.5069033531 64.2276422764 10 0 19 22 29 30 32 32 36 40 48 0 0 103 120 221 679 699 817 853 928
64.6942800789 35.9756097561 10 0 6 9 19 22 24 25 35 41 42 0 0 294 452 539 549 676 684 910 927
44.5759368836 70.5284552846 10 0 1 14 19 25 34 34 45 45 47 0 0 131 275 317 583 618 805 875 902
0.0 81.0975609756 10 0 3 3 5 18 26 33 36 39 45 0 0 108 124 166 370 418 621 772 945
48.7179487179 36.7886178862 10 0 6 24 27 28 30 35 35 40 48 0 170 172 210 458 617 681 800 994 997
53.6489151874 52.6422764228 10 0 5 8 9 12 14 18 43 44 44 0 137 204 440 533 565 585 737 842 888
69.8224852071 43.0894308943 10 0 8 10 11 11 13 20 21 23 29 0 0 189 278 329 378 515 709 736 786
71.9921104536 47.3577235772 10 0 4 12 13 15 27 29 33 41 41 0 0 141 153 412 603 710 719 943 945
58.382642998 50.406504065 10 0 3 8 13 18 26 29 31 37 41 0 192 418 522 583 696 723 748 808 920
66.8639053254 37.1951219512 10 0 16 21 21 22 31 32 36 37 43 0 148 153 181 303 465 594 670 696 883
39.842209073 38.6178861789 10 0 2 18 18 22 27 31 31 37 48 0 143 237 354 395 481 486 600 620 810
63.708086785 53.4552845528 10 0 0 5 16 17 24 24 26 45 47 0 195 215 232 472 546 591 679 912 921
42.2090729783 51.6260162602 10 0 5 6 9 17 20 29 32 45 49 0 464 517 575 594 612 712 715 803 858
27.41617357 85.162601626 10 0 9 15 15 17 18 20 29 29 42 0 414 448 503 551 590 751 809 817 824
35.8974358974 53.4552845528 10 0 0 5 9 12 13 24 24 30 41 0 207 267 305 313 398 399 489 670 853
59.1715976331 56.0975609756 10 0 2 5 8 18 19 25 38 43 48 0 0 113 176 487 512 546 554 612 639
9.07297830375 61.9918699187 10 0 4 18 23 23 29 31 35 39 45 0 114 229 259 374 441 603 647 683 999
57.0019723866 90.4471544715 10 0 10 13 14 22 23 27 28 32 48 0 216 245 276 320 446 613 627 729 732
25.8382642998 35.162601626 10 0 14 33 34 34 38 40 44 46 47 0 0 111 268 420 431 518 632 686 773
22.090729783 66.8699186992 10 0 0 14 15 19 24 28 32 44 48 0 251 448 491 522 598 719 727 734 901
38.8560157791 49.1869918699 10 0 1 3 10 12 17 22 25 46 47 0 126 203 243 274 365 406 541 560 825
15.7790927022 23.9837398374 10 0 0 2 6 20 24 43 43 48 48 0 0 235 238 243 248 470 809 925 971
43.1952662722 52.2357723577 10 0 14 19 23 29 30 30 36 48 48 0 0 148 441 465 539 834 862 903 982
65.2859960552 64.4308943089 10 0 13 21 21 29 38 39 45 45 49 0 0 101 129 308 484 555 606 641 698
37.6725838264 53.6585365854 10 0 0 8 18 23 29 29 39 40 47 0 172 194 257 692 784 914 965 993 995
24.2603550296 79.4715447154 10 0 1 3 4 7 8 18 41 44 48 0 215 442 446 516 533 544 568 635 964
82
33.1081081081 53.6203522505 7
52.4774774775 68.2974559687 3
11.2612612613 67.1232876712 5
65.7657657658 0.0 7
26.5765765766 24.4618395303 9
66.2162162162 52.446183953 6
50.0 4.50097847358 6
67.7927927928 34.2465753425 8
11.7117117117 52.6418786693 5
16.8918918919 100.0 7
55.8558558559 65.5577299413 4
67.1171171171 51.0763209393 9
36.7117117117 46.771037182 3
42.5675675676 59.4911937378 4
20.9459459459 79.6477495108 9
40.7657657658 43.4442270059 6
23.6486486486 94.324853229 9
56.7567567568 52.8375733855 8
46.3963963964 49.9021526419 9
39.6396396396 34.0508806262 5
69.5945945946 73.9726027397 4
70.045045045 77.8864970646 3
22.7477477477 65.1663405088 6
78.1531531532 55.5772994129 4
0.0 49.1193737769 3
21.3963963964 80.626223092 5
13.2882882883 44.4227005871 1
26.1261261261 69.6673189824 8
24.7747747748 61.0567514677 7
68.018018018 60.6653620352 5
45.2702702703 39.3346379648 3
14.8648648649 61.6438356164 9
21.6216216216 81.8003913894 9
32.4324324324 68.1017612524 8
69.5945945946 33.85518591 9
15.0900900901 73.5812133072 3
54.5045045045 88.2583170254 3
100.0 36.3992172211 2
54.2792792793 62.8180039139 3
56.0810810811 43.4442270059 8
15.5405405405 36.9863013699 6
70.9459459459 85.7142857143 5
50.4504504505 40.5088062622 7
74.7747747748 21.7221135029 3
50.6756756757 45.4011741683 5
36.036036036 67.9060665362 2
21.8468468468 23.6790606654 9
72.7477477477 38.9432485323 2
25.0 64.3835616438 4
52.7027027027 38.747553816 7
33.5585585586 79.060665362 2
35.5855855856 52.2504892368 7
44.8198198198 64.5792563601 5
42.3423423423 46.5753424658 2
37.6126126126 48.7279843444 5
71.8468468468 55.7729941292 8
35.1351351351 41.8786692759 5
41.2162162162 90.0195694716 9
33.3333333333 79.4520547945 8
67.3423423423 47.1624266145 7
32.4324324324 43.2485322896 6
34.009009009 43.0528375734 9
55.4054054054 25.831702544 1
46.3963963964 30.7240704501 7
46.1711711712 21.3307240705 2
31.3063063063 51.6634050881 5
23.1981981982 22.1135029354 8
14.8648648649 78.8649706458 6
35.3603603604 72.4070450098 4
58.3333333333 46.5753424658 8
31.7567567568 18.9823874755 9
38.963963964 67.1232876712 2
40.7657657658 43.8356164384 9
28.8288288288 40.9001956947 8
23.6486486486 68.2974559687 4
46.6216216216 56.9471624266 7
39.1891891892 59.8825831703 4
50.4504504505 71.8199608611 4
34.4594594595 58.1213307241 4
57.4324324324 73.7769080235 6
29.0540540541 46.9667318982 1
54.7297297297 43.4442270059 2
