139
38.2867132867 51.9823788546 34 0 2 7 11 12 12 13 16 16 16 19 20 20 20 22 22 27 27 28 28 29 32 35 38 38 39 39 41 41 42 42 47 47 48 0 0 121 143 158 173 203 236 237 252 261 263 288 303 308 325 392 452 520 554 555 598 703 780 838 842 846 851 853 875 882 891 906 944
36.5384615385 4.40528634361 34 0 2 3 5 5 6 7 11 13 14 14 15 18 18 19 20 20 21 22 24 24 27 28 32 35 37 37 37 38 38 42 45 49 49 0 112 131 136 181 187 198 227 243 299 300 317 356 388 410 410 461 513 594 644 645 672 673 674 786 793 801 805 827 831 912 980 985 999
17.8321678322 51.5418502203 34 0 0 1 3 4 4 8 8 9 9 12 12 15 16 16 17 17 18 19 26 26 27 28 33 34 37 40 43 44 46 46 47 49 49 0 0 146 149 191 246 250 257 300 309 335 360 363 369 383 396 404 420 444 449 459 512 533 582 599 639 732 765 780 802 832 891 899 916
27.4475524476 3.74449339207 34 0 1 1 2 3 4 6 9 9 10 11 15 15 17 20 22 22 23 27 29 30 31 31 32 33 34 37 39 42 43 44 45 47 48 0 0 122 137 143 160 181 230 232 275 315 356 366 377 432 440 491 514 525 534 575 608 636 657 660 722 799 818 828 834 853 873 963 966
9.96503496503 1.32158590308 34 0 1 5 5 7 8 8 10 11 12 12 14 15 16 22 23 25 27 28 32 36 37 37 37 39 41 41 43 44 44 46 47 47 48 0 100 142 152 157 158 182 187 249 292 300 310 310 321 333 340 361 373 381 399 473 478 538 637 659 682 766 840 846 852 919 943 967 971
41.4335664336 28.4140969163 34 0 1 1 1 4 5 9 11 13 14 16 17 19 19 21 21 22 24 24 26 26 28 31 32 33 34 34 35 40 41 42 45 45 48 0 117 135 139 178 198 201 216 263 264 289 304 410 429 437 438 454 465 499 537 582 627 670 702 709 734 736 743 789 831 876 966 970 974
2.62237762238 30.3964757709 34 0 0 3 5 7 8 13 19 19 20 22 22 22 23 28 28 29 32 32 33 35 38 39 40 40 40 40 41 41 41 42 45 47 49 0 144 185 187 214 217 257 304 317 342 410 412 422 432 433 492 575 584 586 588 666 694 738 796 808 815 829 850 865 882 905 957 962 982
40.2097902098 52.2026431718 34 0 2 4 4 6 6 7 7 10 12 13 16 16 17 18 18 19 22 23 26 27 28 29 34 34 36 38 39 39 40 44 44 49 49 0 0 143 153 155 217 242 262 288 304 357 371 379 411 468 486 510 521 558 562 574 615 650 669 745 771 786 912 931 953 979 981 984 994
49.6503496503 90.9691629956 34 0 1 1 4 4 8 10 11 14 14 16 17 18 18 18 20 22 22 24 25 27 28 29 29 29 29 33 40 42 42 45 48 49 49 0 0 145 188 204 232 236 259 307 318 374 384 420 440 446 509 546 596 599 652 654 669 677 686 729 757 811 826 878 884 911 934 984 990
34.6153846154 64.7577092511 34 0 0 1 2 2 3 4 6 8 9 10 11 11 12 14 14 15 16 18 19 20 21 24 24 27 32 33 34 35 37 37 42 45 46 0 108 124 139 155 184 232 310 315 328 346 348 368 411 466 481 489 520 537 539 580 595 668 697 697 774 811 825 861 864 915 918 943 948
33.041958042 51.5418502203 34 0 0 1 3 6 10 11 11 12 12 13 15 17 23 24 26 27 28 28 29 32 32 33 34 36 37 37 38 39 40 43 45 46 48 0 0 134 157 158 180 182 220 230 236 287 312 322 322 340 353 410 431 440 484 498 536 546 576 585 588 647 672 701 737 760 867 879 922
11.8881118881 42.5110132159 34 0 1 3 4 5 5 9 11 11 16 18 22 23 24 24 24 25 25 26 28 29 33 34 35 35 38 38 41 41 44 44 46 47 48 0 102 103 176 188 200 201 217 230 265 277 337 355 428 459 498 507 526 583 595 614 638 735 770 804 806 808 820 834 847 913 913 953 954
0.0 49.7797356828 34 0 0 0 0 3 4 6 8 10 11 14 16 16 17 18 19 20 20 22 24 26 26 28 28 31 33 35 37 39 40 42 43 44 46 0 130 142 163 198 267 268 339 359 390 394 443 455 471 481 482 491 540 547 549 591 651 662 674 684 700 768 811 813 827 888 907 926 936
36.8881118881 62.9955947137 34 0 0 1 4 5 7 9 9 9 11 11 12 13 17 18 20 23 23 23 23 24 28 28 28 28 32 36 39 40 42 44 46 47 48 0 0 150 217 222 260 290 321 334 355 364 411 494 496 499 501 517 555 610 646 656 669 686 732 798 815 844 864 890 930 937 947 952 990
41.4335664336 28.4140969163 34 0 2 2 3 4 7 7 7 7 8 9 10 14 17 18 20 21 21 23 23 25 29 31 35 36 38 39 42 43 43 43 46 48 49 0 0 124 131 131 200 201 227 295 315 387 415 504 510 545 555 609 669 700 738 749 766 820 833 843 844 889 897 924 937 959 968 970 989
9.09090909091 38.1057268722 34 0 0 1 2 2 3 5 6 13 14 15 15 17 19 20 21 21 22 23 23 27 30 32 32 33 35 35 37 37 38 38 39 39 47 0 0 108 145 188 203 229 231 240 253 259 272 305 371 521 550 556 604 608 618 696 710 736 761 772 778 780 787 788 829 911 947 947 995
52.6223776224 71.3656387665 34 0 0 0 2 5 6 7 7 7 8 10 10 11 13 14 17 18 23 23 24 25 25 26 28 29 30 33 34 34 35 37 44 46 49 0 0 109 120 175 184 286 303 307 321 321 323 335 367 429 434 438 530 579 611 628 628 637 686 745 747 790 808 814 817 854 859 918 981
50.1748251748 30.3964757709 34 0 0 0 1 2 2 2 3 4 5 5 5 7 12 14 16 19 19 19 24 25 26 33 34 35 35 36 36 42 44 47 48 48 49 0 148 159 173 297 311 360 364 383 401 443 460 493 516 579 597 621 655 659 685 712 727 764 790 811 816 864 909 915 924 927 932 946 959
20.6293706294 60.5726872247 34 0 0 4 5 6 6 7 7 7 11 11 11 11 14 15 15 16 16 17 23 25 25 26 26 27 29 30 31 33 33 35 36 48 49 0 103 107 128 131 208 225 239 252 318 334 375 378 380 386 417 430 437 438 474 496 498 590 618 678 710 746 767 780 835 976 980 995 997
22.7272727273 2.64317180617 34 0 5 8 11 11 12 13 14 14 15 17 17 19 19 19 23 23 25 25 26 27 31 32 36 38 40 40 40 43 44 45 45 46 48 0 0 178 216 225 236 251 323 337 351 355 388 410 414 416 426 433 457 497 539 541 551 563 656 692 731 788 823 833 866 951 956 967 997
62.0629370629 35.2422907489 34 0 3 6 6 7 7 7 9 9 9 11 15 15 21 21 21 21 25 26 28 29 29 29 34 39 42 42 43 45 45 45 45 47 48 0 122 135 166 189 191 202 225 305 311 376 383 415 438 438 472 492 517 557 564 609 610 625 639 656 686 708 760 769 820 855 858 929 968
42.1328671329 64.0969162996 34 0 1 6 9 10 10 13 15 16 16 16 17 18 19 22 27 29 31 34 34 35 35 36 36 37 38 38 39 40 41 43 44 46 48 0 150 183 200 205 228 240 294 297 344 352 360 476 486 495 588 622 633 638 721 732 743 782 800 839 849 865 886 907 925 952 984 986 992
32.1678321678 33.7004405286 34 0 0 1 3 4 4 5 6 7 8 9 11 15 15 21 22 23 24 25 27 30 35 35 36 39 40 41 42 43 44 46 46 49 49 0 109 129 161 175 203 218 222 250 272 323 394 448 475 517 546 620 656 663 672 698 698 756 781 792 821 844 852 879 886 962 964 968 990
26.3986013986 36.563876652 34 0 1 3 4 5 6 9 12 13 15 18 18 18 19 21 22 24 26 29 31 33 34 34 36 38 38 38 40 40 40 42 42 42 42 0 0 141 176 223 234 236 245 269 292 321 350 445 461 558 568 614 633 652 664 719 725 750 754 759 806 900 901 918 937 954 990 994 996
47.3776223776 23.3480176211 34 0 0 0 3 7 8 8 9 12 13 16 18 20 21 22 24 24 26 26 27 30 32 32 35 36 38 40 41 41 42 44 44 46 49 0 103 126 138 143 148 149 189 189 196 202 221 228 297 331 395 397 443 460 475 545 574 581 589 619 628 690 806 813 815 819 870 956 991
36.013986014 41.6299559471 34 0 0 2 2 7 8 11 11 12 12 12 13 15 16 17 18 20 25 29 30 31 36 36 37 37 38 39 41 42 43 46 46 48 49 0 119 146 178 181 187 193 206 222 245 300 321 335 376 398 411 472 501 612 644 662 674 692 704 716 758 827 837 859 883 903 951 953 994
37.9370629371 27.5330396476 34 0 0 1 2 2 5 8 9 9 9 10 12 13 15 17 20 20 26 27 27 28 30 31 32 33 36 36 36 37 37 39 43 47 48 0 180 237 254 271 288 309 352 356 420 425 449 495 514 529 540 547 580 603 610 653 674 680 717 736 750 754 778 810 825 920 921 939 961
55.9440559441 81.4977973568 34 0 0 2 2 4 4 6 6 7 7 7 7 8 11 12 12 13 15 16 18 18 18 20 22 27 28 29 30 30 32 32 33 39 44 0 183 216 230 293 300 315 327 335 358 367 389 400 438 473 480 483 489 494 579 590 653 658 704 707 732 741 752 758 831 833 842 913 999
3.14685314685 78.4140969163 34 0 1 2 3 3 3 6 6 7 10 10 20 22 23 23 23 24 27 27 31 32 34 37 37 38 40 40 41 45 45 46 48 49 49 0 0 105 113 116 136 147 196 213 274 297 308 340 386 416 475 491 506 517 567 663 686 688 688 697 718 842 889 893 905 916 955 969 985
37.7622377622 56.1674008811 34 0 0 2 2 4 7 8 9 11 12 13 16 17 17 20 22 23 24 25 26 26 27 27 30 30 31 32 33 37 42 43 46 48 49 0 142 163 280 316 324 330 341 369 406 416 428 445 476 483 513 530 550 550 552 560 601 635 682 687 707 787 822 836 842 877 898 976 996
50.0 29.295154185 34 0 0 0 0 1 3 4 4 4 4 7 8 8 11 12 16 16 18 18 19 19 23 26 27 32 34 34 35 39 39 41 42 44 44 0 122 125 146 176 180 220 237 364 371 378 381 416 515 566 567 594 598 657 685 704 706 716 775 779 784 814 816 827 915 929 933 941 953
44.2307692308 33.7004405286 34 0 2 3 4 7 8 10 11 14 15 17 17 18 18 18 20 20 22 22 22 24 26 26 27 27 35 35 41 45 46 48 48 48 49 0 126 140 234 288 304 318 371 378 396 484 500 502 515 523 544 546 557 590 647 689 725 730 740 769 772 781 788 834 943 963 964 977 983
32.8671328671 18.7224669604 34 0 0 5 7 10 11 14 16 17 19 20 21 21 22 23 25 25 25 27 29 31 32 32 34 34 36 42 43 44 44 45 45 46 46 0 100 156 159 183 221 255 298 305 316 318 372 423 432 463 538 545 584 608 608 627 647 669 692 695 704 709 801 836 890 899 907 974 980
30.9440559441 87.0044052863 34 0 0 0 3 3 5 7 14 15 17 20 21 21 21 24 24 25 25 26 29 31 32 33 34 34 37 38 39 39 40 43 49 49 49 0 102 105 157 172 205 225 230 236 237 254 258 285 317 352 357 364 386 418 465 468 516 520 566 721 736 748 801 805 812 861 868 898 935
25.1748251748 40.0881057269 34 0 0 1 4 8 8 8 9 11 13 15 17 19 19 19 22 23 27 34 34 35 36 40 40 40 41 44 44 45 47 48 48 48 49 0 181 198 210 215 225 290 327 339 384 431 436 445 454 461 519 530 533 544 560 639 670 684 760 778 786 787 811 812 862 885 887 935 941
1.22377622378 35.9030837004 34 0 1 5 9 12 20 21 22 24 24 26 27 28 28 31 33 33 34 35 37 38 39 39 39 41 41 41 42 43 45 45 47 47 48 0 0 142 170 170 223 284 287 329 389 459 488 539 550 572 602 654 655 668 700 751 781 789 800 824 827 875 881 900 906 921 943 964 977
40.7342657343 64.3171806167 34 0 2 7 11 11 13 15 15 16 17 18 18 18 21 24 27 27 27 29 32 32 32 35 36 38 40 42 43 44 45 46 47 47 48 0 103 124 142 167 176 228 308 318 333 346 351 450 518 527 530 538 595 595 603 605 657 678 697 697 741 840 846 847 854 882 942 967 980
26.2237762238 51.9823788546 34 0 1 2 2 5 9 11 14 14 15 16 18 18 20 24 24 26 32 34 36 36 37 38 39 39 40 42 42 43 47 48 48 48 49 0 141 189 199 206 233 251 312 326 355 371 375 428 438 449 450 558 558 584 623 625 633 649 688 691 693 714 737 778 786 844 847 906 932
27.7972027972 60.5726872247 34 0 0 1 4 4 6 6 7 8 9 11 14 18 18 22 23 27 28 29 31 32 32 33 34 34 38 39 41 42 43 44 45 47 48 0 130 139 171 184 199 218 235 238 242 251 257 275 282 305 309 313 342 390 459 516 556 593 597 626 632 680 703 755 789 824 896 980 987
4.02097902098 75.1101321586 34 0 3 5 5 5 6 9 10 13 15 16 16 17 17 18 20 25 25 26 29 31 31 31 32 33 35 37 38 41 42 44 45 45 48 0 137 162 180 243 267 281 376 379 396 415 449 524 547 566 599 607 657 668 699 729 743 758 768 775 852 866 875 911 915 933 937 989 996
33.9160839161 34.140969163 34 0 0 0 0 1 1 3 6 7 10 10 14 14 16 17 18 19 19 20 22 26 27 27 30 34 36 37 40 40 42 42 42 48 49 0 0 128 131 161 163 168 193 225 240 245 269 300 315 325 353 424 438 462 537 570 578 590 594 668 689 703 801 823 925 926 971 980 983
23.0769230769 43.8325991189 34 0 0 0 2 3 4 5 6 7 10 10 13 13 13 16 20 21 22 24 24 24 34 35 35 35 39 40 41 41 44 45 46 47 48 0 103 110 150 231 267 327 341 347 365 387 397 417 438 491 592 603 605 660 661 673 680 731 743 744 784 817 832 860 912 921 948 951 952
15.9090909091 64.0969162996 34 0 0 1 1 1 3 6 8 9 12 13 14 15 16 19 19 22 23 25 25 27 28 28 29 32 40 40 41 42 43 46 48 49 49 0 209 260 269 282 332 332 370 405 407 421 506 518 595 613 624 648 656 676 680 682 694 720 735 737 788 801 812 872 877 910 928 936 953
61.7132867133 22.0264317181 34 0 1 2 5 6 7 9 10 14 15 16 16 17 17 18 18 18 19 21 27 29 30 31 31 32 32 34 38 40 40 45 47 49 49 0 115 144 200 212 277 292 296 314 330 342 426 454 518 535 545 547 563 588 598 612 628 668 681 742 807 815 841 852 859 887 906 944 996
44.2307692308 56.8281938326 34 0 2 4 5 5 6 6 11 12 12 13 14 15 16 16 17 18 19 20 22 23 24 25 27 27 28 29 29 30 33 34 35 45 49 0 0 105 126 174 175 187 235 239 383 396 408 420 458 484 504 537 556 565 580 596 644 709 721 737 793 811 819 855 897 936 939 962 966
7.51748251748 17.8414096916 34 0 0 0 1 3 4 6 6 9 9 10 12 12 12 15 23 25 28 28 29 33 33 34 39 41 41 42 42 42 44 44 46 47 49 0 103 132 139 159 169 259 268 282 286 287 289 313 444 449 460 469 522 579 592 607 609 622 646 660 704 722 776 833 907 931 937 944 960
57.3426573427 20.4845814978 34 0 0 3 5 7 8 8 13 13 13 15 15 15 16 17 26 27 28 28 29 30 32 33 35 37 39 41 44 44 44 46 46 47 48 0 0 175 199 251 361 422 446 447 492 494 506 564 565 572 616 636 641 669 674 687 703 788 790 811 811 828 833 841 896 924 934 970 993
38.1118881119 59.0308370044 34 0 5 6 8 9 12 13 13 14 14 15 17 20 20 22 22 23 23 25 27 28 29 29 29 32 32 36 37 38 42 43 43 45 46 0 0 174 214 220 243 263 269 275 287 296 358 419 422 494 494 557 573 584 643 711 726 728 743 745 787 855 930 936 952 963 985 988 994
19.4055944056 81.9383259912 34 0 4 7 9 9 11 11 12 13 13 14 14 15 16 17 17 21 22 25 31 31 32 33 35 41 41 42 46 46 46 47 48 48 48 0 162 181 188 189 195 237 281 318 340 360 371 401 407 408 424 464 496 535 549 555 573 591 623 670 737 750 776 871 888 915 928 947 996
24.1258741259 11.6740088106 34 0 0 0 5 5 5 6 7 8 8 9 10 12 13 15 16 18 19 19 20 24 25 32 35 37 38 40 43 44 45 45 45 45 46 0 121 124 195 261 263 270 318 322 322 325 346 354 357 377 377 393 416 418 538 540 614 671 694 694 716 797 810 892 893 905 907 911 936
14.1608391608 69.3832599119 34 0 0 0 0 0 1 2 3 8 8 9 10 10 11 21 21 23 23 26 27 29 30 32 39 39 39 40 44 45 45 47 48 48 48 0 112 153 190 208 213 226 260 271 284 307 315 338 452 479 484 514 580 651 673 766 786 793 827 839 872 904 914 932 945 958 969 976 994
16.0839160839 51.9823788546 34 0 0 1 2 3 3 3 6 7 11 11 15 16 17 17 18 19 19 19 22 24 24 25 25 33 33 34 37 40 40 41 45 47 49 0 179 216 242 247 255 258 275 310 329 351 377 390 397 466 552 587 605 607 646 647 671 725 743 751 769 784 806 822 831 898 940 978 993
58.9160839161 59.4713656388 34 0 0 1 3 3 6 6 9 10 10 12 12 13 13 14 14 16 18 18 24 29 29 30 32 33 35 36 36 37 37 38 40 47 48 0 0 164 197 216 228 266 269 285 325 347 392 433 470 518 533 541 542 549 595 599 624 657 755 770 829 829 864 890 898 913 966 976 989
13.2867132867 46.0352422907 34 0 0 3 4 7 7 7 9 11 12 12 13 17 17 17 18 18 19 21 22 30 33 33 36 37 37 38 38 39 41 44 45 48 48 0 0 128 132 149 163 171 223 297 370 409 415 433 447 459 465 546 555 558 644 665 679 712 775 778 846 876 884 903 922 970 975 989 991
42.1328671329 42.5110132159 34 0 0 0 2 2 3 4 5 8 8 9 15 17 18 19 21 22 22 25 26 27 28 31 32 33 33 34 35 40 44 44 48 48 49 0 100 203 209 212 235 252 259 272 282 315 315 330 338 577 602 614 634 666 668 677 695 705 720 724 752 766 816 832 880 933 954 972 982
12.9370629371 48.0176211454 34 0 2 3 4 4 5 7 8 13 13 13 16 18 19 20 21 22 23 26 26 27 28 29 30 31 33 35 37 38 42 44 45 46 48 0 128 155 166 192 207 218 296 322 330 331 349 360 396 406 419 441 480 491 529 575 585 596 612 615 771 773 789 818 873 880 902 919 975
37.7622377622 41.8502202643 34 0 0 5 8 9 14 15 15 15 20 21 21 22 24 26 28 29 32 32 33 34 35 35 36 36 37 38 39 39 40 43 44 46 46 0 0 119 156 156 163 171 176 224 262 267 284 295 326 376 431 441 480 492 504 523 667 676 722 733 737 745 786 797 817 847 906 933 950
55.4195804196 34.5814977974 34 0 0 2 3 3 7 9 12 12 14 15 16 17 20 21 22 25 27 28 28 29 29 31 36 37 37 37 38 44 45 47 49 49 49 0 0 109 115 123 136 187 194 205 219 287 303 304 327 368 374 433 440 476 515 556 568 605 615 627 683 690 707 743 829 896 933 971 990
37.2377622378 100.0 34 0 0 4 5 13 14 14 16 18 22 23 23 23 25 26 26 26 27 28 29 29 33 35 36 38 40 42 43 44 44 46 47 47 49 0 115 116 133 142 145 181 220 232 256 273 274 287 316 343 378 385 416 465 508 508 526 541 577 590 600 624 632 657 800 862 910 912 971
44.7552447552 27.9735682819 34 0 0 3 4 5 5 6 7 7 12 14 16 18 20 23 23 24 27 27 28 30 34 35 36 36 37 42 44 46 49 49 49 49 49 0 169 172 183 221 269 283 287 321 322 337 388 432 440 446 460 481 545 547 616 658 674 680 691 731 739 765 835 859 896 905 906 975 975
41.4335664336 20.4845814978 34 0 0 1 5 6 7 13 15 17 18 18 19 19 20 23 24 28 29 30 30 33 33 35 36 36 38 39 41 43 43 47 47 49 49 0 115 131 136 162 167 174 188 206 226 232 277 280 363 382 390 394 421 424 434 483 499 526 556 608 668 741 775 829 885 889 923 923 998
39.5104895105 26.872246696 34 0 4 4 6 9 11 11 16 16 17 18 19 23 25 28 28 28 30 31 32 38 38 42 42 43 43 43 46 46 47 47 48 48 48 0 145 160 185 196 261 265 296 305 352 376 382 412 449 532 557 559 563 590 648 651 749 764 772 784 795 832 880 894 906 908 914 914 988
41.0839160839 45.154185022 34 0 0 1 2 4 4 5 6 9 9 9 10 15 15 15 16 21 21 22 23 24 25 25 27 27 27 33 35 39 40 44 44 47 47 0 0 133 141 191 314 346 350 418 419 426 456 463 465 467 554 557 600 635 639 643 675 692 717 767 768 796 808 815 896 958 960 964 968
41.958041958 43.3920704846 34 0 2 3 4 6 7 7 8 10 12 13 14 16 20 22 23 24 24 25 28 28 31 32 38 39 40 41 42 42 43 45 46 47 49 0 169 169 255 298 349 350 361 367 377 386 466 472 494 498 568 587 623 640 663 684 704 738 764 766 780 798 863 935 936 960 961 962 971
36.013986014 49.1189427313 34 0 1 2 5 6 10 11 15 16 18 18 18 19 20 20 21 23 23 24 25 28 35 38 38 39 39 40 43 43 44 46 46 48 49 0 125 127 205 216 247 275 283 312 316 345 349 369 417 447 524 545 567 585 596 643 655 657 680 681 700 713 780 796 798 816 819 895 989
24.6503496503 88.5462555066 34 0 2 3 3 5 5 6 8 13 16 16 18 19 19 19 19 21 21 22 22 23 29 30 32 33 35 36 39 43 43 46 46 47 49 0 106 128 130 132 162 172 191 233 254 257 321 322 326 379 418 423 491 509 526 535 541 581 597 617 639 700 738 793 865 898 960 979 991
44.9300699301 55.7268722467 34 0 0 2 3 4 10 13 15 15 15 18 20 22 23 25 26 27 28 29 30 30 32 33 35 35 35 35 38 41 45 45 45 48 49 0 0 114 120 160 163 186 203 220 241 286 344 394 398 436 469 482 508 510 515 582 607 633 680 685 698 718 736 750 762 764 768 856 986
0.524475524476 54.1850220264 34 0 2 6 7 8 8 8 10 10 11 12 13 14 17 17 17 18 20 22 28 29 31 36 38 39 39 39 40 42 44 47 47 49 49 0 150 152 181 244 259 260 341 348 362 429 444 480 531 540 548 629 635 691 709 725 738 796 807 809 823 839 852 864 890 912 950 985 999
26.3986013986 61.2334801762 34 0 4 4 6 7 7 8 10 11 11 12 14 15 15 15 16 18 24 25 25 25 28 35 36 38 38 40 41 43 43 45 45 48 49 0 0 144 164 173 174 182 208 224 226 238 244 256 256 275 424 432 481 531 548 605 614 705 753 766 795 802 820 837 840 846 908 961 992
55.7692307692 65.4185022026 34 0 2 6 6 8 8 8 9 13 13 15 17 19 19 19 21 22 26 28 28 33 34 34 34 37 40 42 43 45 46 47 48 49 49 0 128 140 224 267 281 288 386 402 436 436 442 445 495 502 514 524 565 601 610 621 631 654 659 711 734 749 788 878 920 939 981 994 995
43.006993007 24.6696035242 34 0 1 2 4 5 6 7 8 9 9 13 16 16 19 19 19 19 21 23 24 24 24 25 26 26 26 26 32 32 33 36 40 41 46 0 0 119 172 188 244 250 298 342 349 356 374 380 381 391 394 449 463 554 586 615 629 658 680 685 728 761 844 846 863 884 926 945 980
52.4475524476 77.9735682819 34 0 2 3 6 8 8 10 11 12 14 14 15 15 15 17 17 18 20 24 25 25 27 27 27 28 30 34 35 35 36 39 40 41 45 0 0 131 132 133 150 189 225 290 400 430 449 456 466 480 501 517 586 604 612 619 644 665 700 702 703 726 832 885 921 925 966 979 987
26.5734265734 90.3083700441 34 0 5 6 7 7 9 10 10 11 11 14 16 18 23 24 30 32 32 33 33 34 34 37 38 39 39 40 41 43 43 44 47 49 49 0 0 122 144 195 212 245 253 263 270 307 322 371 376 380 395 407 407 441 486 529 587 642 644 660 739 758 769 792 888 920 925 965 971
41.4335664336 32.3788546256 34 0 0 2 4 6 6 10 11 12 12 19 20 20 20 21 24 24 24 25 25 29 30 39 40 40 41 42 43 44 45 45 47 49 49 0 126 150 165 185 236 243 288 321 330 337 358 374 375 403 420 428 492 589 614 618 632 666 683 720 765 781 785 878 899 904 951 993 994
26.5734265734 32.3788546256 34 0 1 1 1 4 4 7 8 9 10 10 11 11 11 11 12 16 17 18 19 21 21 26 28 29 33 34 35 37 39 39 41 44 47 0 0 143 183 188 201 202 227 251 254 261 274 339 343 349 385 386 416 439 443 444 448 499 508 571 636 649 690 699 723 742 807 945 965
52.2727272727 68.5022026432 34 0 0 1 2 4 8 11 11 15 16 17 18 18 19 19 20 23 24 31 31 34 37 39 40 40 42 43 44 46 46 46 47 48 48 0 0 108 120 123 144 149 188 220 229 264 329 397 403 520 532 539 556 580 613 613 652 666 668 684 739 749 802 827 847 854 854 984 985
45.4545454545 25.7709251101 34 0 1 2 3 9 11 11 12 16 17 18 18 20 22 23 23 24 27 29 30 33 34 36 36 38 40 40 43 44 47 47 47 47 48 0 0 123 144 149 150 173 284 290 340 350 360 367 374 378 395 395 399 437 443 447 556 560 589 591 626 639 657 679 729 796 874 888 975
4.02097902098 55.5066079295 34 0 1 3 4 9 12 13 13 15 15 16 17 20 20 21 21 22 23 24 26 28 30 32 34 36 36 38 39 39 42 42 44 45 47 0 0 112 153 215 232 274 304 331 332 424 425 434 480 488 488 529 544 565 606 615 664 681 689 707 723 759 795 834 852 881 911 957 991
65.5594405594 59.4713656388 34 0 3 4 7 7 8 8 8 12 12 14 15 17 18 18 19 22 22 22 22 24 28 29 29 29 36 37 37 37 38 39 40 41 42 0 138 166 215 221 231 251 261 303 351 355 394 413 421 449 451 455 461 492 515 540 641 649 672 710 736 739 765 805 816 871 887 907 931
31.993006993 77.7533039648 34 0 0 2 2 3 3 3 3 7 8 8 9 12 13 14 21 24 24 26 27 29 30 34 35 36 37 39 39 44 45 46 48 48 49 0 0 130 130 164 266 321 326 390 402 447 493 508 523 536 583 598 617 619 631 642 659 682 705 725 732 740 786 791 793 876 876 940 955
79.7202797203 80.1762114537 34 0 3 4 4 6 6 6 7 7 7 9 10 13 14 14 15 18 19 29 30 31 32 32 32 33 33 36 36 38 39 42 45 45 46 0 103 168 193 200 209 216 236 269 275 283 341 357 361 371 373 375 458 463 475 520 547 619 620 621 665 668 830 860 868 890 892 894 928
54.1958041958 51.3215859031 34 0 0 6 6 6 8 9 10 10 10 12 16 17 17 18 20 22 22 24 28 29 30 31 36 38 40 40 40 41 45 45 46 48 49 0 107 108 152 189 275 306 335 336 358 386 392 400 453 503 539 553 616 653 668 691 692 710 735 737 768 799 831 835 845 851 873 883 935
28.1468531469 22.6872246696 34 0 0 1 1 6 8 9 10 10 11 15 16 17 18 18 20 20 23 24 25 25 29 30 30 36 38 42 42 43 46 46 47 47 49 0 105 154 367 409 441 463 470 481 493 517 566 574 578 613 625 645 681 741 754 756 790 793 848 858 879 888 895 954 954 955 973 985 992
11.013986014 54.4052863436 34 0 1 3 4 5 7 10 10 10 11 15 15 16 16 17 18 21 21 21 22 25 28 30 31 33 33 35 40 40 41 42 44 47 49 0 142 169 170 202 236 245 249 269 303 412 439 455 459 463 468 590 598 626 679 702 711 755 786 826 830 838 840 902 913 966 988 993 993
31.4685314685 5.94713656388 34 0 2 5 5 7 7 8 12 13 14 16 17 18 18 20 20 23 24 25 26 30 30 33 34 37 40 41 45 46 47 48 48 49 49 0 215 230 243 266 274 283 297 317 346 348 413 475 478 514 516 519 522 584 590 625 658 707 728 730 749 760 793 837 839 861 894 946 994
55.0699300699 34.140969163 34 0 1 2 5 6 7 7 8 10 11 11 15 16 18 18 23 24 25 25 27 28 30 31 34 34 34 35 36 42 43 47 48 48 49 0 0 126 161 195 209 254 262 278 282 329 333 337 355 457 533 608 616 645 677 684 727 729 729 754 803 826 830 882 896 911 920 923 954
65.2097902098 36.7841409692 34 0 0 2 4 6 7 9 10 10 10 14 17 17 17 18 19 20 20 24 26 28 29 30 34 35 36 37 39 40 41 42 44 48 49 0 152 196 204 228 305 314 357 372 380 389 399 440 458 469 480 486 519 558 570 573 585 595 620 620 726 758 767 792 819 823 831 840 846
20.979020979 67.6211453744 34 0 2 3 4 4 5 5 6 6 6 7 10 11 12 13 14 15 21 26 32 33 33 33 34 34 36 38 38 39 41 43 45 45 45 0 112 156 168 173 185 189 215 229 237 241 273 325 329 338 339 359 392 392 475 491 640 668 688 747 775 816 816 841 846 875 947 956 965
50.0 41.6299559471 34 0 1 1 1 6 6 8 9 11 13 15 16 19 20 21 21 24 25 28 30 31 31 32 33 36 39 40 42 43 45 46 46 47 49 0 119 127 212 214 218 227 249 275 288 323 343 349 463 509 535 572 579 605 606 699 713 746 748 788 820 826 833 877 905 920 944 966 987
38.8111888112 63.2158590308 34 0 1 2 4 6 6 8 9 10 17 17 18 19 20 23 24 27 28 29 30 31 34 37 37 38 38 41 47 48 48 48 49 49 49 0 132 181 183 184 187 189 241 287 288 349 378 381 386 386 398 483 560 615 637 651 715 719 720 762 774 792 819 830 835 875 901 957 984
42.1328671329 51.3215859031 34 0 1 1 2 5 8 10 11 13 15 16 16 18 18 19 21 24 28 29 30 31 33 38 38 39 42 42 42 44 44 45 46 47 48 0 130 162 204 225 230 231 235 295 373 393 451 455 513 519 526 545 546 551 588 592 625 671 791 799 811 822 842 908 965 969 976 976 983
82.6923076923 75.3303964758 34 0 0 0 4 5 5 6 6 9 11 15 15 15 17 18 18 21 26 26 28 29 32 32 33 36 37 38 38 40 40 40 40 41 42 0 0 100 149 205 230 245 255 256 259 281 290 299 392 408 439 449 491 527 537 583 663 675 688 701 710 718 729 782 824 849 855 898 907
58.3916083916 88.986784141 34 0 1 2 10 10 11 15 16 17 18 19 21 21 22 24 26 26 26 29 30 30 34 34 37 38 38 38 39 41 42 42 43 44 45 0 156 204 206 214 229 258 306 309 350 363 380 385 393 496 507 653 703 738 751 752 754 761 768 785 797 811 819 831 837 865 906 921 959
25.8741258741 32.8193832599 34 0 0 0 1 3 7 8 8 12 13 15 16 18 18 19 20 21 22 23 27 30 30 30 31 32 36 38 42 42 45 46 46 46 49 0 0 140 147 148 174 248 260 275 280 292 386 407 421 423 429 434 442 464 513 551 553 599 671 675 693 713 798 852 856 888 972 978 988
33.5664335664 56.1674008811 34 0 0 4 5 12 12 12 13 16 16 17 18 18 19 19 22 22 23 27 29 29 29 30 31 33 34 35 35 35 36 39 41 43 46 0 121 176 205 297 312 316 400 428 466 487 501 546 555 564 601 604 632 635 639 667 680 717 769 814 814 842 848 850 854 915 925 945 946
29.8951048951 0.0 34 0 0 0 0 2 5 5 5 7 10 12 15 16 17 22 26 27 28 30 33 33 34 35 35 36 36 37 40 43 44 45 45 48 49 0 0 149 154 203 260 261 262 271 323 384 436 440 440 547 550 555 581 593 602 626 634 646 676 705 706 715 737 767 857 881 894 957 999
38.6363636364 31.9383259912 34 0 0 1 1 3 3 6 8 9 11 14 15 18 19 19 22 22 23 25 26 28 28 29 32 33 35 35 37 39 42 44 44 47 49 0 0 107 157 196 247 290 311 313 349 439 459 503 516 517 561 583 586 637 674 681 682 702 721 764 868 888 924 949 949 953 977 978 996
65.2097902098 50.4405286344 34 0 0 1 1 1 4 4 8 10 12 12 13 15 15 18 20 21 23 26 27 28 29 30 30 30 31 31 32 33 33 36 40 42 46 0 119 143 159 189 248 313 316 429 432 480 521 525 544 600 604 625 652 671 684 718 781 808 812 823 855 859 892 899 934 937 950 959 969
57.5174825175 37.0044052863 34 0 0 0 2 5 7 10 10 11 11 14 15 15 19 22 25 28 32 33 35 35 36 39 41 41 42 42 44 45 45 46 46 49 49 0 153 199 208 223 224 235 239 261 301 308 310 316 391 404 431 433 441 443 501 505 509 517 539 568 580 659 733 777 791 826 872 922 982
54.020979021 11.4537444934 34 0 2 7 10 13 14 16 19 20 21 22 22 23 23 24 24 29 30 32 34 37 37 38 38 39 42 43 44 44 46 46 47 47 49 0 0 115 128 136 170 211 259 294 348 401 419 482 518 540 548 561 578 630 696 704 722 729 740 770 776 784 848 874 877 878 948 952 978
71.1538461538 19.6035242291 34 0 0 1 3 5 8 9 9 9 10 19 21 22 23 24 25 25 27 28 29 33 36 36 37 38 38 39 42 44 45 46 46 48 49 0 144 151 165 170 173 231 247 258 314 328 342 345 416 457 458 466 493 574 579 592 599 622 700 703 762 780 785 815 836 880 881 924 994
47.027972028 68.7224669604 34 0 1 1 3 4 5 5 7 7 12 13 14 22 23 24 25 27 27 29 29 30 32 33 33 35 35 36 40 43 43 44 44 49 49 0 108 121 122 129 199 239 246 268 280 333 383 386 452 530 549 551 615 624 635 698 713 755 758 772 782 829 850 853 900 910 916 943 964
26.5734265734 65.4185022026 34 0 0 4 4 7 8 8 9 16 17 18 18 19 21 22 22 23 23 26 27 30 31 33 33 34 35 38 44 45 46 46 47 48 49 0 152 169 186 217 238 318 329 332 344 391 404 425 486 503 517 520 539 560 590 635 720 737 740 805 832 854 866 877 904 904 914 992 998
32.8671328671 32.1585903084 34 0 3 4 4 4 4 4 5 9 9 9 9 12 17 19 20 21 23 26 28 29 29 29 30 30 32 32 33 35 40 40 40 45 48 0 136 150 156 157 160 202 211 212 262 275 361 388 540 561 565 582 590 601 651 671 682 722 740 844 857 902 940 943 955 955 984 994 997
36.5384615385 51.3215859031 34 0 3 4 6 7 8 10 11 13 13 13 14 15 15 16 17 19 19 23 23 26 27 27 29 31 32 36 38 38 39 40 41 48 48 0 120 133 142 181 230 245 254 289 301 322 358 411 466 492 526 534 534 538 599 609 680 716 759 783 786 787 807 816 828 899 944 966 997
40.034965035 49.7797356828 34 0 1 2 5 5 8 9 12 13 13 14 19 21 22 23 25 26 27 32 33 34 34 37 38 38 39 43 43 43 44 45 47 49 49 0 119 124 131 134 148 161 185 190 217 234 239 260 288 308 404 417 436 479 535 539 562 583 617 627 660 694 740 766 808 836 867 873 950
34.2657342657 64.3171806167 34 0 0 3 5 5 6 6 9 11 11 11 13 24 25 26 28 30 30 31 32 33 37 38 40 41 41 42 42 43 43 45 47 48 49 0 109 135 143 176 179 184 239 241 321 356 366 422 430 439 456 527 538 540 541 618 637 639 642 699 729 762 815 821 857 872 907 950 955
52.0979020979 6.16740088106 34 0 0 1 1 5 8 10 10 11 13 18 18 19 20 21 21 22 23 24 26 28 28 28 32 33 33 35 41 42 43 44 47 49 49 0 109 124 158 171 253 321 331 492 502 519 544 552 555 557 560 565 625 710 742 752 755 773 778 779 802 832 853 875 876 904 939 993 994
44.9300699301 48.2378854626 34 0 3 4 8 15 18 21 21 22 22 23 23 25 25 27 28 28 31 33 33 34 35 37 40 41 41 42 42 44 45 46 46 48 48 0 104 216 219 228 251 279 280 288 308 309 331 354 368 372 398 399 452 453 463 480 499 501 512 652 676 705 762 773 872 927 929 952 957
42.4825174825 66.9603524229 34 0 0 0 1 3 5 8 9 10 11 13 15 16 18 19 20 21 22 24 25 25 27 28 29 32 32 35 35 35 39 41 42 42 48 0 0 197 204 214 235 255 268 321 383 386 407 451 453 464 466 492 508 521 534 549 575 634 640 662 684 761 801 833 850 852 929 973 977
50.5244755245 59.9118942731 34 0 0 1 1 2 5 8 9 10 10 10 10 11 12 13 17 19 20 21 21 28 32 36 38 40 40 42 45 46 46 46 47 47 47 0 0 111 128 147 152 153 155 155 249 256 320 344 358 426 455 455 467 485 485 497 498 511 531 658 663 674 675 788 829 881 888 895 969
31.8181818182 41.6299559471 34 0 0 4 6 9 11 12 13 13 13 13 14 16 18 19 19 20 21 24 25 27 28 28 29 30 35 35 37 39 41 41 44 47 48 0 0 123 137 139 155 166 216 241 264 319 322 322 333 336 344 351 406 467 514 523 554 574 734 786 789 798 806 810 827 850 909 921 968
33.5664335664 20.0440528634 34 0 2 4 5 7 8 8 8 12 13 13 13 18 20 20 21 25 26 26 27 28 29 30 34 35 38 41 44 44 46 46 47 47 49 0 0 113 122 137 284 342 352 367 401 402 532 573 601 610 613 620 640 660 687 805 809 838 844 845 870 881 919 931 939 966 992 998 999
68.3566433566 53.0837004405 34 0 0 3 3 3 6 6 7 8 10 13 13 16 17 17 18 21 22 23 25 29 30 32 39 40 41 41 42 44 44 46 47 49 49 0 107 120 196 201 218 219 290 314 351 372 378 397 437 482 487 513 545 609 617 691 715 716 729 743 776 832 836 913 913 930 949 958 975
35.6643356643 50.2202643172 34 0 2 2 5 8 12 14 15 16 16 18 18 18 21 24 27 28 29 29 29 33 33 39 39 39 40 41 41 42 42 44 47 49 49 0 0 131 148 207 225 257 310 320 327 350 413 442 458 480 491 549 561 573 581 598 609 628 683 769 787 790 819 822 824 837 850 879 959
45.1048951049 35.9030837004 34 0 0 6 6 6 7 8 8 12 13 14 15 17 21 23 25 31 32 32 34 34 40 40 41 42 42 42 44 46 46 46 47 47 49 0 114 155 170 175 227 231 233 348 414 435 468 497 514 527 530 532 534 626 646 655 676 695 702 714 746 806 838 842 886 888 893 962 974
100.0 46.4757709251 34 0 0 1 2 2 2 3 4 5 8 9 10 11 13 19 19 20 20 23 23 25 29 30 30 32 32 33 41 41 42 44 47 49 49 0 113 117 175 228 261 292 293 293 297 394 406 431 472 557 576 588 653 656 660 668 671 734 750 765 792 845 867 882 882 910 918 924 926
7.86713286713 26.6519823789 34 0 1 1 1 5 5 7 10 12 15 17 18 22 22 24 28 29 29 33 35 37 39 41 41 41 42 44 45 45 46 47 48 48 49 0 110 113 141 142 148 182 199 206 348 476 510 541 541 566 583 594 605 652 663 711 735 753 783 808 823 854 858 883 884 912 924 924 995
12.4125874126 66.9603524229 34 0 0 3 4 5 6 9 9 9 11 12 12 14 22 22 25 27 27 30 31 31 32 33 33 34 36 38 40 42 44 45 47 48 49 0 135 148 183 205 247 283 300 322 334 367 375 475 504 506 528 539 553 579 579 598 618 623 680 691 718 773 825 829 831 853 893 954 969
26.9230769231 26.872246696 34 0 0 1 1 3 4 8 10 11 11 12 12 14 15 16 17 20 21 21 23 26 26 30 33 33 33 36 37 39 45 47 48 49 49 0 150 150 157 209 253 290 340 340 363 388 394 414 420 459 460 468 485 514 523 539 570 585 665 741 756 780 781 784 815 830 866 887 906
52.972027972 76.2114537445 34 0 3 4 4 6 9 13 15 15 21 22 23 23 25 26 26 26 27 28 28 29 29 30 30 31 32 33 40 42 42 43 44 46 47 0 0 103 123 201 211 213 260 296 315 355 360 377 383 436 450 527 539 545 553 582 594 598 622 657 686 806 808 827 842 849 879 880 941
61.3636363636 29.7356828194 34 0 0 1 2 4 4 6 7 10 14 15 16 18 21 21 23 24 26 26 27 28 31 32 35 36 39 41 41 43 44 45 45 45 47 0 0 127 168 226 239 245 253 265 294 314 359 372 408 437 460 465 470 556 564 568 592 621 632 643 656 663 717 785 849 872 908 931 958
16.2587412587 19.8237885463 34 0 0 1 1 5 5 8 8 8 9 11 15 16 16 21 21 21 22 22 23 25 25 26 28 28 32 35 35 36 40 41 42 44 45 0 0 104 130 168 219 231 255 258 324 442 507 518 549 560 576 627 682 691 714 728 761 771 791 803 818 849 859 905 909 924 942 946 991
37.2377622378 62.9955947137 34 0 2 2 6 8 8 10 13 14 14 15 18 20 21 21 22 23 26 27 28 30 30 31 32 32 33 37 37 39 40 42 42 44 49 0 0 102 194 217 227 280 283 297 306 385 390 426 493 524 554 600 650 665 670 679 692 709 730 733 848 856 883 890 943 957 965 971 997
24.1258741259 42.5110132159 34 0 1 2 4 4 7 8 10 11 13 15 16 16 16 16 17 17 19 21 23 24 28 30 32 34 35 37 38 40 41 41 42 45 47 0 0 157 229 256 326 330 333 400 406 416 422 446 486 489 522 550 579 667 667 670 722 730 731 754 762 781 790 807 833 858 894 947 956
36.1888111888 42.0704845815 34 0 0 3 4 5 5 6 10 11 11 12 14 17 17 19 19 20 20 20 23 23 26 28 28 34 37 38 39 40 42 43 45 46 48 0 0 110 126 151 174 259 290 353 368 379 380 399 411 427 492 499 572 585 595 609 671 701 703 736 743 756 763 775 785 792 830 863 918
43.1818181818 34.3612334802 34 0 0 0 2 3 4 11 12 12 13 13 15 18 19 20 21 23 26 27 29 31 34 34 36 40 40 40 41 43 46 46 47 49 49 0 109 129 130 152 165 182 233 308 352 369 425 435 440 464 471 509 515 544 570 600 669 736 743 752 769 777 785 793 868 923 930 943 969
24.8251748252 41.1894273128 34 0 0 2 2 8 9 9 10 12 13 15 17 18 18 20 23 23 26 28 29 29 30 31 31 33 34 34 39 41 42 42 44 48 48 0 0 101 136 136 157 158 290 298 314 392 403 411 491 501 554 555 573 586 673 692 694 715 737 759 779 791 797 840 841 871 909 942 945
65.5594405594 42.5110132159 34 0 0 1 4 5 8 9 10 11 11 11 11 12 12 19 21 23 24 27 27 29 30 32 35 35 36 39 40 41 41 42 45 46 46 0 0 106 135 305 315 324 409 410 421 427 460 493 504 508 557 574 582 615 621 673 742 774 822 847 869 877 899 899 932 934 937 955 965
52.4475524476 48.4581497797 34 0 1 1 1 2 2 3 5 6 7 7 9 9 14 16 17 23 24 24 24 25 25 27 33 34 34 34 38 38 38 39 41 42 45 0 111 123 163 191 195 223 286 297 300 307 312 318 367 368 369 391 537 566 568 587 588 622 674 686 705 729 834 899 921 925 931 942 982
59.6153846154 39.4273127753 34 0 1 1 2 6 6 7 8 8 8 8 9 13 15 17 20 24 25 27 27 31 32 33 34 34 35 37 39 41 44 45 45 47 48 0 103 160 162 180 233 254 318 328 386 411 413 425 425 469 477 494 525 569 592 607 627 650 676 693 738 766 769 802 805 855 896 930 991
20.8041958042 48.6784140969 34 0 2 4 5 5 6 7 12 15 15 17 17 18 18 22 25 27 32 35 36 38 39 41 42 43 43 43 44 44 45 45 46 48 49 0 0 171 209 210 256 295 313 329 332 335 347 401 450 480 558 579 585 593 615 632 634 677 679 733 753 766 767 806 911 955 963 976 998
39.1608391608 20.4845814978 34 0 0 1 5 6 6 7 10 12 14 15 15 16 17 18 19 20 20 22 27 28 28 28 30 30 31 36 36 37 38 39 44 47 48 0 130 166 193 195 233 245 272 274 280 308 354 383 408 443 456 507 510 518 523 583 597 633 634 657 678 721 756 842 872 884 893 907 945
23.0769230769 9.25110132159 34 0 0 1 3 4 6 6 6 9 12 12 14 22 23 24 25 26 26 29 30 30 32 35 36 37 39 40 42 43 44 45 48 49 49 0 125 141 153 162 207 258 321 338 363 371 416 426 452 465 490 509 534 539 566 597 598 623 625 670 694 709 712 806 905 916 917 935 989
8.56643356643 34.5814977974 34 0 0 2 2 4 5 6 6 8 9 10 10 11 13 16 17 22 23 24 26 29 30 32 36 37 39 39 40 40 44 47 48 49 49 0 0 103 123 232 251 299 327 369 409 419 447 447 496 499 549 562 579 587 599 599 605 635 653 670 730 756 835 842 858 911 918 931 993
56.8181818182 35.0220264317 34 0 0 1 1 1 2 3 6 6 8 12 12 14 17 17 18 18 20 21 23 25 25 26 29 30 30 31 35 36 36 38 39 40 46 0 0 106 153 161 185 206 207 293 305 314 335 437 506 554 594 737 738 786 810 827 844 861 876 882 894 899 902 902 904 920 947 974 981
36.7132867133 68.5022026432 34 0 1 1 4 5 6 7 9 9 11 12 13 13 15 19 20 20 24 25 28 29 30 30 30 30 33 35 35 43 43 45 45 48 49 0 0 132 145 149 181 183 209 233 259 296 312 341 359 367 368 376 391 443 447 471 479 528 618 626 630 632 636 646 757 785 811 849 916
53.4965034965 64.0969162996 34 0 1 2 2 4 7 9 13 13 13 16 17 20 23 24 25 25 29 31 32 32 33 33 34 35 37 39 42 43 46 47 48 48 49 0 116 126 204 227 263 265 294 311 312 313 352 352 362 412 427 434 491 522 564 587 661 672 719 781 795 809 825 840 846 915 982 990 998
3.67132867133 43.6123348018 34 0 0 0 1 2 2 3 4 6 7 7 9 9 10 10 12 12 12 14 17 18 20 23 28 33 33 36 36 36 40 46 47 48 49 0 0 139 219 223 239 242 248 262 264 275 366 377 382 402 467 480 501 510 559 563 585 604 614 638 668 764 813 889 907 910 912 958 974
208
97.7198697068 40.1041666667 2
50.325732899 51.3888888889 3
54.7231270358 65.4513888889 3
85.342019544 46.875 4
43.9739413681 70.1388888889 9
32.4104234528 39.2361111111 3
29.9674267101 57.2916666667 2
35.342019544 69.2708333333 4
50.4885993485 47.9166666667 3
42.996742671 48.4375 1
26.3843648208 65.2777777778 1
11.5635179153 70.4861111111 3
51.4657980456 57.9861111111 4
42.996742671 90.7986111111 7
43.32247557 76.7361111111 2
41.5309446254 25.0 5
52.6058631922 60.2430555556 9
39.4136807818 65.1041666667 9
49.1856677524 61.8055555556 3
42.996742671 49.3055555556 3
59.6091205212 70.3125 8
69.7068403909 42.5347222222 8
49.674267101 69.7916666667 8
56.5146579805 27.2569444444 5
43.1596091205 28.4722222222 8
51.6286644951 45.1388888889 2
68.0781758958 51.0416666667 4
32.4104234528 74.1319444444 9
76.0586319218 45.8333333333 9
63.5179153094 92.0138888889 4
54.7231270358 42.8819444444 9
34.3648208469 10.2430555556 4
36.4820846906 41.3194444444 7
12.2149837134 57.2916666667 7
32.4104234528 24.4791666667 6
19.0553745928 63.5416666667 5
66.2866449511 41.8402777778 3
59.6091205212 75.6944444444 3
44.2996742671 35.7638888889 5
63.8436482085 25.1736111111 3
57.4918566775 21.3541666667 9
48.2084690554 0.0 5
40.5537459283 12.8472222222 7
39.7394136808 33.6805555556 4
40.2280130293 45.6597222222 7
100.0 37.3263888889 3
40.0651465798 54.5138888889 1
46.2540716612 73.4375 8
51.7915309446 66.4930555556 3
67.7524429967 57.6388888889 1
51.1400651466 71.5277777778 2
57.4918566775 35.9375 5
23.4527687296 40.1041666667 5
50.8143322476 57.1180555556 4
57.4918566775 63.8888888889 7
68.4039087948 23.4375 1
25.7328990228 52.2569444444 5
65.9609120521 53.6458333333 4
46.9055374593 96.1805555556 6
74.1042345277 39.9305555556 9
31.5960912052 44.0972222222 2
59.1205211726 67.5347222222 4
22.6384364821 46.5277777778 7
62.8664495114 46.0069444444 3
38.4364820847 49.1319444444 2
49.1856677524 30.2083333333 7
74.9185667752 52.6041666667 1
73.6156351792 28.4722222222 9
38.9250814332 31.25 9
53.7459283388 40.9722222222 3
46.7426710098 48.6111111111 4
75.0814332248 48.9583333333 3
63.0293159609 18.0555555556 9
47.3941368078 41.8402777778 1
55.2117263844 45.3125 8
57.003257329 75.8680555556 1
55.0488599349 62.3263888889 8
51.1400651466 51.3888888889 8
42.0195439739 76.5625 4
84.3648208469 25.8680555556 1
0.0 38.1944444444 4
37.4592833876 44.4444444444 7
61.0749185668 50.0 3
44.1368078176 76.5625 9
19.8697068404 44.9652777778 6
45.4397394137 54.5138888889 7
50.0 48.0902777778 9
52.9315960912 54.3402777778 5
77.6872964169 58.6805555556 9
55.7003257329 79.6875 1
57.003257329 22.7430555556 6
39.0879478827 57.9861111111 7
20.1954397394 57.1180555556 6
25.4071661238 5.55555555556 5
59.9348534202 44.4444444444 4
49.674267101 68.9236111111 7
71.8241042345 69.0972222222 4
53.2573289902 45.6597222222 5
31.7589576547 64.5833333333 8
71.1726384365 21.0069444444 8
43.4853420195 20.8333333333 1
45.4397394137 58.5069444444 8
28.664495114 40.4513888889 5
34.5276872964 86.9791666667 5
52.2801302932 83.1597222222 5
50.325732899 31.5972222222 1
40.8794788274 53.2986111111 6
65.6351791531 23.7847222222 6
37.2964169381 62.5 4
59.2833876221 33.5069444444 2
58.1433224756 48.9583333333 5
59.7719869707 71.5277777778 2
26.2214983713 60.9375 3
37.6221498371 44.7916666667 5
34.6905537459 56.0763888889 7
17.2638436482 100.0 4
64.006514658 76.2152777778 9
44.4625407166 21.1805555556 1
27.8501628664 80.3819444444 9
42.5081433225 80.0347222222 2
17.1009771987 50.0 2
68.8925081433 38.8888888889 6
61.4006514658 46.1805555556 8
50.4885993485 82.4652777778 1
56.0260586319 3.29861111111 7
42.0195439739 77.4305555556 4
43.8110749186 73.0902777778 8
60.5863192182 58.1597222222 8
48.2084690554 13.8888888889 7
41.0423452769 56.0763888889 7
59.6091205212 36.1111111111 6
47.8827361564 40.9722222222 8
46.2540716612 66.1458333333 2
50.325732899 64.0625 3
48.6970684039 19.0972222222 9
78.338762215 70.6597222222 3
30.2931596091 70.1388888889 8
24.7557003257 45.8333333333 1
67.5895765472 73.2638888889 8
26.8729641694 72.5694444444 7
41.2052117264 36.6319444444 4
32.0846905537 67.5347222222 2
21.4983713355 56.5972222222 2
28.338762215 44.6180555556 1
41.6938110749 60.5902777778 6
85.342019544 69.7916666667 1
69.8697068404 55.9027777778 1
42.996742671 37.5 9
45.2768729642 41.1458333333 4
61.8892508143 37.6736111111 6
32.5732899023 18.75 5
64.8208469055 47.3958333333 2
38.9250814332 48.4375 4
60.2605863192 33.1597222222 7
73.9413680782 70.4861111111 8
72.4755700326 38.7152777778 5
10.9120521173 63.8888888889 3
70.3583061889 65.7986111111 4
64.4951140065 19.6180555556 3
64.006514658 27.7777777778 1
52.7687296417 55.5555555556 1
59.6091205212 37.6736111111 9
42.8338762215 61.4583333333 8
41.8566775244 45.6597222222 6
73.6156351792 44.0972222222 9
74.4299674267 10.4166666667 7
73.9413680782 19.4444444444 3
91.2052117264 30.9027777778 9
93.9739413681 70.3125 5
39.2508143322 18.5763888889 4
67.1009771987 37.3263888889 6
45.6026058632 33.5069444444 7
42.8338762215 40.2777777778 8
86.1563517915 47.9166666667 2
67.9153094463 48.7847222222 2
52.7687296417 19.6180555556 7
58.1433224756 60.4166666667 3
49.348534202 22.5694444444 7
57.654723127 43.0555555556 5
50.8143322476 37.3263888889 6
29.1530944625 53.125 5
60.0977198697 65.4513888889 7
36.6449511401 3.125 8
34.5276872964 41.3194444444 3
49.5114006515 35.2430555556 1
53.2573289902 37.1527777778 7
51.1400651466 37.1527777778 3
42.345276873 34.0277777778 1
62.0521172638 35.7638888889 1
52.6058631922 78.8194444444 9
49.0228013029 69.2708333333 4
77.3615635179 51.3888888889 1
61.0749185668 43.9236111111 6
26.7100977199 67.1875 8
45.2768729642 53.6458333333 6
46.5798045603 43.0555555556 7
23.7785016287 81.4236111111 3
55.5374592834 54.6875 6
50.9771986971 24.6527777778 2
85.993485342 46.3541666667 4
41.6938110749 58.3333333333 5
36.6449511401 35.9375 4
28.1758957655 17.3611111111 9
68.5667752443 42.5347222222 7
38.1107491857 53.4722222222 3
78.013029316 58.1597222222 9
97.5570032573 35.0694444444 7
32.8990228013 40.9722222222 5
