149
19.4726166329 53.889943074 37 0 3 5 7 8 8 8 9 9 13 15 16 17 18 19 21 21 27 28 29 31 31 33 34 34 34 35 35 37 38 39 41 42 44 44 47 48 0 136 144 251 257 313 349 374 404 430 442 453 456 473 508 522 543 557 594 665 705 719 724 777 793 827 827 843 874 875 901 909 910 916 972 986 987
48.4787018256 45.3510436433 37 0 0 2 2 2 3 5 6 9 10 10 13 13 15 20 22 22 23 24 25 26 28 28 29 31 33 34 35 36 38 39 41 44 44 45 47 49 0 109 121 147 156 162 176 207 284 303 329 336 352 388 406 471 489 504 506 547 551 565 591 627 634 668 676 708 790 805 808 817 869 901 913 976 995
49.6957403651 52.5616698292 37 0 0 1 1 1 1 2 4 4 6 9 9 11 12 12 13 15 16 16 18 20 21 22 23 30 33 33 35 36 38 41 43 44 45 45 47 47 0 167 174 196 210 211 224 237 262 262 271 298 307 338 371 416 420 421 432 468 506 574 608 615 615 714 726 747 757 762 766 780 856 884 887 945 988
37.9310344828 49.3358633776 37 0 2 3 3 6 6 7 9 10 10 11 13 14 14 18 18 20 22 23 24 26 26 27 29 29 30 31 32 37 38 40 41 42 44 48 49 49 0 0 103 121 139 168 230 243 325 333 387 418 425 443 466 467 474 502 543 545 595 611 630 641 675 702 720 736 798 848 861 867 897 913 963 967 979
42.5963488844 41.7457305503 37 0 2 3 3 5 6 7 8 8 10 10 13 15 15 16 19 19 20 20 22 22 22 22 25 27 29 32 33 38 40 42 43 47 47 48 49 49 0 0 149 222 283 321 365 366 373 383 404 404 437 460 469 475 485 488 515 557 560 576 602 647 669 697 715 757 770 802 806 816 844 845 927 972 980
64.7058823529 30.3605313093 37 0 0 1 1 1 6 8 8 10 11 14 15 16 18 19 22 24 26 27 29 31 32 37 38 38 40 40 42 42 44 44 45 45 48 48 48 48 0 157 164 196 205 205 272 293 302 367 391 403 460 476 507 537 544 609 621 653 663 681 720 727 727 731 733 740 760 846 850 871 929 931 945 979 982
52.3326572008 73.2447817837 37 0 2 4 6 6 6 7 9 10 14 16 16 17 19 20 21 21 22 22 23 24 24 25 28 28 29 32 34 36 36 37 40 41 41 47 48 49 0 122 124 155 201 235 286 291 298 307 315 323 341 360 372 417 426 446 451 470 473 485 490 507 523 542 570 603 680 683 717 797 865 897 916 925 967
62.4746450304 42.8842504744 37 0 6 8 10 10 11 13 14 14 17 18 19 21 21 23 25 25 26 27 28 28 32 32 36 37 37 38 38 40 40 41 42 43 43 43 44 47 0 137 196 201 207 221 222 252 265 336 418 441 441 446 456 488 493 511 545 549 584 604 608 611 629 656 677 777 825 879 886 924 944 951 963 969 985
38.5395537525 66.0341555977 37 0 0 2 3 3 6 7 8 9 11 13 13 15 15 15 15 19 19 26 28 28 29 31 31 31 32 34 35 36 37 39 39 40 41 44 45 48 0 140 196 205 233 236 270 293 320 354 448 472 475 505 505 507 507 515 552 554 558 563 624 637 689 703 706 710 748 800 816 819 821 851 919 942 984
61.2576064909 27.5142314991 37 0 0 0 2 3 5 5 6 6 7 7 11 11 12 13 13 18 23 23 24 25 26 27 28 29 29 29 33 33 34 36 36 40 40 43 46 49 0 0 117 165 175 212 223 307 313 339 358 402 509 543 556 575 584 593 613 619 652 653 706 719 743 765 769 769 774 777 805 853 909 945 956 962 982
27.38336714 77.229601518 37 0 1 1 2 5 6 7 7 7 8 8 9 9 10 14 14 15 15 17 18 20 21 24 28 28 29 29 32 35 35 37 40 40 41 42 45 49 0 0 100 135 163 209 218 246 252 269 290 291 295 331 345 425 462 479 548 558 569 615 748 759 778 784 801 832 879 900 942 944 948 954 958 972 976
53.752535497 61.2903225806 37 0 1 5 9 11 12 13 16 18 19 19 19 21 22 23 24 24 25 26 26 27 27 27 31 32 33 33 34 35 35 35 35 39 39 41 43 43 0 0 103 109 135 142 143 159 163 188 214 299 308 318 364 374 506 530 540 541 547 557 582 597 650 658 686 687 713 783 834 859 878 884 902 909 993
23.5294117647 47.4383301708 37 0 0 2 3 4 5 7 9 13 14 15 18 20 21 21 22 23 23 25 26 28 30 30 31 33 37 37 40 41 42 43 45 46 47 48 49 49 0 109 120 233 257 280 282 294 339 361 410 438 453 462 463 472 486 503 671 709 711 721 724 728 728 729 736 750 802 824 898 899 914 973 974 983 992
58.215010142 47.6280834915 37 0 0 0 3 3 5 6 7 7 8 10 12 15 16 17 19 22 23 25 27 27 28 28 30 32 32 34 35 35 36 36 38 40 44 45 47 48 0 106 108 117 129 147 229 230 237 261 287 295 319 321 353 404 465 469 485 506 523 542 552 595 602 623 700 717 784 787 816 856 871 875 878 953 973
12.7789046653 24.8576850095 37 0 0 4 5 9 9 9 12 16 18 22 23 24 25 26 27 27 29 30 33 33 34 34 35 35 35 36 36 40 42 44 47 48 48 49 49 49 0 106 130 141 243 380 396 402 451 456 463 464 487 539 558 573 583 591 591 617 658 659 673 686 723 740 759 825 827 831 885 901 911 944 978 980 988
23.7322515213 41.3662239089 37 0 3 3 5 7 8 8 9 10 11 11 11 12 13 13 14 15 17 19 19 20 22 25 27 31 32 34 35 39 39 40 40 41 42 42 48 49 0 0 175 186 248 255 298 299 310 318 321 364 397 413 417 424 444 484 495 510 541 613 614 664 705 721 728 729 741 793 848 854 877 919 920 925 998
51.3184584178 51.0436432638 37 0 3 4 5 5 7 7 8 10 14 14 16 17 23 25 27 27 28 28 29 29 29 30 33 36 37 38 38 39 39 40 44 44 44 45 47 47 0 106 133 136 137 156 189 228 243 252 296 310 324 364 425 438 474 483 495 567 668 683 691 697 703 747 766 768 770 792 886 901 907 924 938 971 990
53.5496957404 35.6736242884 37 0 0 1 4 7 8 9 11 11 11 14 15 17 18 19 19 19 21 24 25 27 29 31 32 34 39 40 41 41 41 42 43 44 44 46 48 49 0 101 174 218 221 232 240 280 339 344 362 376 407 434 459 467 474 476 483 532 565 576 685 752 772 798 810 831 842 934 953 956 961 961 988 998 998
53.3468559838 69.8292220114 37 0 1 1 2 3 4 5 5 5 5 8 8 9 9 10 11 13 14 15 16 16 17 18 19 19 21 21 21 25 27 30 34 37 39 45 47 47 0 109 131 150 161 181 216 223 237 238 262 271 292 310 320 353 387 397 401 439 503 518 541 552 569 597 612 674 713 744 784 836 879 901 940 990 992
46.247464503 36.8121442125 37 0 4 5 5 6 6 7 8 9 11 11 12 15 15 16 18 19 19 20 20 23 25 26 27 30 30 31 32 32 32 34 37 37 38 41 47 48 0 0 139 154 159 244 329 372 398 409 496 511 516 547 617 661 669 699 712 715 717 748 749 753 779 785 827 853 856 863 872 898 905 937 946 959 985
12.3732251521 58.8235294118 37 0 4 8 8 9 10 11 12 12 13 13 13 13 17 18 19 23 25 29 30 31 32 33 36 39 40 41 41 43 44 45 45 45 46 47 48 49 0 139 157 163 189 201 227 289 297 357 360 377 436 504 516 532 557 593 622 661 667 670 710 715 729 748 813 828 861 872 887 915 930 968 985 990 995
46.8559837728 71.7267552182 37 0 4 5 5 6 7 8 8 11 14 14 14 14 14 15 18 19 19 19 20 21 21 23 25 26 27 28 31 32 33 36 39 44 44 45 47 48 0 112 121 124 135 146 148 183 204 216 227 239 272 281 335 450 456 460 522 580 582 638 638 721 750 771 781 782 789 807 823 826 842 851 880 924 997
20.6896551724 39.2789373814 37 0 0 0 1 2 3 6 7 7 10 10 12 12 14 15 17 18 18 23 24 24 25 28 30 31 31 39 41 43 44 44 44 45 45 45 48 48 0 0 113 125 134 214 230 234 274 284 290 330 333 343 367 370 405 406 421 513 523 545 548 584 640 654 703 710 768 768 790 825 830 886 936 947 983
31.845841785 24.2884250474 37 0 1 3 4 6 8 8 10 10 11 12 14 14 15 15 16 17 17 19 21 28 28 31 35 39 40 41 42 43 45 45 47 47 47 49 49 49 0 176 187 239 239 245 263 328 351 363 364 367 376 410 444 444 495 507 548 551 562 584 642 676 691 705 763 802 805 806 822 828 849 866 880 916 959
67.3427991886 25.6166982922 37 0 1 4 5 9 14 14 14 15 15 16 16 19 23 24 28 28 28 29 29 29 32 34 35 38 38 38 40 41 44 45 45 46 47 48 48 48 0 117 129 138 138 182 196 212 246 258 279 345 366 375 383 392 395 402 423 430 456 554 606 615 636 639 671 709 713 817 833 868 888 893 936 978 988
71.1967545639 80.4554079696 37 0 0 0 0 3 3 3 5 9 11 11 12 12 12 16 18 18 18 19 20 20 22 22 24 34 34 35 36 38 39 46 46 46 47 47 48 48 0 125 138 147 152 179 235 255 262 288 295 379 400 418 423 431 459 472 472 500 572 596 597 615 670 692 723 728 802 809 828 836 851 858 877 906 954
38.9452332657 50.0948766603 37 0 0 1 2 3 3 3 3 5 6 7 8 11 13 13 14 14 20 21 24 25 25 26 26 31 32 33 33 37 37 38 39 40 48 48 49 49 0 116 122 133 148 255 277 310 357 370 377 394 396 430 455 458 467 468 474 488 489 507 513 516 526 534 539 662 721 736 775 853 892 919 965 965 999
73.630831643 38.330170778 37 0 2 3 4 5 5 8 10 12 14 15 16 16 19 20 21 24 25 27 29 33 35 36 36 37 37 38 39 43 43 44 47 47 47 47 48 48 0 142 175 224 296 301 301 304 305 355 367 379 383 456 460 502 513 521 545 561 572 582 607 617 631 637 659 678 683 732 805 909 946 958 960 965 967
20.0811359026 53.1309297913 37 0 1 4 5 5 5 5 5 6 7 7 7 8 10 15 15 20 20 20 26 26 26 33 34 34 34 34 37 38 38 38 39 40 42 47 48 49 0 111 125 161 176 206 210 243 256 265 270 284 301 306 349 351 359 427 433 433 440 456 502 510 542 570 572 632 633 780 836 861 863 926 926 953 990
88.0324543611 37.1916508539 37 0 0 1 5 6 7 8 9 9 9 10 11 11 12 14 15 16 17 22 22 22 26 26 27 29 30 31 34 36 41 43 43 43 44 44 44 48 0 0 105 144 149 174 197 219 265 275 285 292 303 340 362 382 419 439 479 480 493 495 505 542 547 630 656 697 715 722 731 737 761 789 889 955 963
64.7058823529 60.3415559772 37 0 1 1 2 3 5 6 8 9 10 12 13 13 16 16 17 17 18 21 22 22 23 23 24 25 27 27 29 30 30 36 40 43 43 44 45 48 0 100 114 130 153 166 166 175 207 209 217 223 268 293 326 359 368 400 417 419 445 460 479 520 533 550 575 606 663 684 707 710 713 802 815 883 912
93.7119675456 59.0132827324 37 0 0 2 4 4 4 4 6 9 11 12 12 14 17 18 18 19 22 23 24 25 25 26 27 28 29 31 31 35 38 38 39 41 43 44 47 47 0 110 140 143 194 198 229 234 339 349 393 407 526 557 577 619 675 677 682 686 694 701 760 769 772 784 817 842 849 868 893 894 920 954 971 980 995
3.44827586207 36.6223908918 37 0 0 1 2 4 7 8 10 11 11 15 19 19 19 23 27 27 30 32 34 37 37 40 41 42 43 43 43 45 46 46 47 47 47 48 49 49 0 105 155 162 179 184 186 188 204 231 246 262 267 284 355 421 452 455 487 496 523 575 627 630 637 642 669 683 741 763 772 848 867 868 892 894 918
57.8093306288 88.9943074004 37 0 0 1 4 10 13 15 16 17 18 18 21 21 24 24 27 27 29 30 30 32 33 34 35 36 37 39 39 39 40 40 42 47 47 47 48 49 0 105 106 131 168 171 189 195 239 251 281 289 341 342 372 390 414 426 467 475 486 492 493 498 585 586 670 765 847 851 862 866 885 890 934 944 967
43.6105476673 54.6489563567 37 0 1 3 5 5 6 7 7 14 16 18 18 19 19 20 21 25 25 27 32 32 33 34 35 35 38 38 38 39 42 44 45 45 46 48 48 48 0 119 128 151 185 187 249 252 276 279 282 305 310 322 350 409 477 509 571 581 591 610 619 627 662 667 719 764 822 827 836 870 871 910 914 920 946
44.2190669371 62.6185958254 37 0 0 0 3 4 5 8 11 12 13 14 14 15 17 22 22 24 26 26 26 26 28 31 32 33 33 35 35 35 37 39 40 43 43 46 47 48 0 0 130 181 205 208 232 256 265 358 367 379 382 391 426 430 435 492 494 527 553 570 585 603 608 630 767 813 822 861 887 916 919 947 947 994 995
79.9188640974 100.0 37 0 0 1 5 7 8 9 9 10 13 14 15 16 21 21 22 23 26 29 29 29 33 34 34 37 39 42 42 42 42 43 44 44 45 46 47 49 0 174 188 240 266 268 308 355 370 396 426 476 534 534 542 580 599 624 664 723 741 749 757 781 817 844 847 851 884 897 915 929 958 962 977 985 986
10.7505070994 50.6641366224 37 0 0 1 1 2 4 5 7 8 8 11 12 13 14 15 20 22 25 29 30 32 32 33 34 36 37 37 38 39 39 41 41 42 43 44 47 49 0 109 125 146 164 198 243 314 324 325 344 352 413 413 456 469 494 496 501 572 614 628 694 726 740 776 800 806 832 855 877 890 902 934 971 982 990
63.69168357 68.5009487666 37 0 6 6 8 9 11 12 12 16 16 17 18 19 19 20 21 24 24 26 27 27 27 29 32 33 34 35 36 37 38 38 39 39 43 45 45 46 0 123 128 148 168 176 194 216 292 397 397 414 428 440 449 461 492 508 510 610 709 721 739 746 752 756 853 855 859 860 872 876 885 903 912 918 980
40.3651115619 15.1802656546 37 0 0 2 3 5 5 5 8 8 9 10 12 15 16 17 17 18 20 21 22 23 24 25 28 28 29 30 34 35 37 43 43 43 45 46 48 49 0 101 104 106 118 124 124 165 176 257 299 333 361 364 389 428 439 539 542 601 612 641 657 657 667 682 684 746 815 861 863 903 915 944 961 971 971
34.0770791075 51.9924098672 37 0 1 4 5 5 6 6 14 15 18 20 21 22 22 24 25 26 26 27 30 32 34 35 35 35 36 37 39 40 41 41 41 44 44 44 47 48 0 110 117 146 186 198 205 238 263 303 306 341 347 349 351 357 399 432 432 487 537 621 657 670 777 777 784 791 826 868 928 940 966 980 984 985 991
33.4685598377 8.15939278937 37 0 0 2 5 6 6 6 6 7 7 11 12 13 15 16 16 17 21 21 23 24 27 29 31 34 35 35 36 37 38 38 38 43 44 44 46 47 0 0 101 113 124 151 156 178 179 187 203 219 222 241 294 308 369 373 375 385 422 424 563 601 620 650 700 731 768 829 867 875 912 933 954 990 995
26.7748478702 51.9924098672 37 0 0 1 4 4 6 7 8 8 10 11 11 12 14 14 19 21 22 23 23 25 25 29 32 32 34 35 36 38 38 42 43 44 44 45 48 48 0 165 168 234 290 309 340 352 357 369 389 393 431 512 536 554 577 597 635 704 716 718 737 765 767 817 851 858 859 873 885 890 897 916 940 984 996
19.2697768763 57.1157495256 37 0 0 1 1 3 4 5 6 7 8 10 12 15 15 15 16 19 22 23 24 24 25 28 28 29 33 33 33 34 35 36 40 41 42 42 45 49 0 133 141 143 155 159 198 202 230 264 298 310 379 432 441 471 500 510 519 574 612 625 625 681 708 750 760 768 810 878 889 895 900 900 921 930 971
56.5922920892 27.5142314991 37 0 0 2 3 4 5 6 6 6 7 9 10 12 14 15 16 20 20 21 22 22 24 26 27 30 31 33 35 38 38 39 39 39 41 44 49 49 0 101 107 155 172 173 204 267 372 404 406 419 452 536 609 613 652 658 702 734 748 750 751 786 786 794 812 848 856 870 882 910 946 954 965 970 996
47.4645030426 45.5407969639 37 0 0 0 2 4 4 4 5 6 7 8 8 12 13 13 13 17 18 20 21 23 27 29 30 32 35 36 36 37 39 40 41 45 46 47 47 47 0 106 135 143 145 154 255 323 338 377 377 405 407 411 431 454 461 518 544 588 589 604 630 632 667 668 679 706 762 774 778 783 796 808 832 835 971
72.61663286 60.3415559772 37 0 2 4 5 5 7 7 9 15 16 16 19 21 21 22 22 25 26 28 29 30 31 33 33 34 34 35 35 38 38 39 39 40 44 45 45 49 0 113 123 145 158 210 212 235 243 287 318 345 404 419 427 553 556 560 568 575 603 625 647 672 687 703 719 767 798 821 828 846 920 945 949 980 989
29.4117647059 48.5768500949 37 0 6 7 7 8 8 9 9 9 11 13 13 13 16 17 18 23 25 28 29 31 32 32 33 33 37 38 40 40 41 44 46 48 49 49 49 49 0 113 138 153 193 217 286 287 289 434 440 471 490 499 591 594 634 647 663 674 684 691 740 753 761 771 786 788 823 824 850 858 905 917 961 967 986
42.5963488844 42.3149905123 37 0 3 3 4 4 4 5 5 6 6 6 8 10 11 13 17 17 19 20 22 23 24 29 30 37 38 40 41 43 44 46 46 47 48 48 49 49 0 128 165 190 191 230 232 286 289 383 393 469 470 491 493 496 504 515 541 547 554 565 571 575 600 661 676 728 735 750 753 758 766 778 786 793 986
55.3752535497 67.3624288425 37 0 0 2 3 3 6 7 8 11 13 15 17 20 21 22 23 24 24 28 31 36 37 37 38 38 40 41 43 43 43 44 44 45 46 47 48 49 0 136 152 160 182 225 250 259 287 340 359 368 385 394 395 441 489 497 519 526 536 554 578 606 651 678 694 755 781 793 840 857 875 877 902 903 919
43.4077079108 65.4648956357 37 0 1 3 5 7 8 8 8 9 11 11 17 17 18 20 23 23 24 25 26 29 30 32 33 33 35 37 39 39 40 40 41 42 42 43 44 45 0 124 144 145 163 177 238 259 279 289 318 329 361 410 448 466 478 525 527 532 535 555 572 587 601 613 618 623 663 682 689 716 722 800 891 918 924
44.0162271805 91.6508538899 37 0 1 1 9 10 11 16 17 19 20 21 22 24 24 25 26 26 28 29 30 31 32 34 34 36 37 37 37 39 40 41 41 42 46 48 49 49 0 138 161 205 209 218 257 263 274 280 305 320 325 331 335 377 380 392 464 465 483 488 500 554 627 630 646 665 705 720 750 765 774 787 877 928 980
18.6612576065 73.624288425 37 0 0 2 9 12 14 15 16 17 22 22 22 22 23 23 26 26 28 30 31 32 33 36 38 39 40 40 41 41 42 43 43 44 45 45 49 49 0 116 137 139 152 168 181 194 246 248 262 268 333 349 366 387 396 442 484 499 540 594 610 652 659 687 728 768 782 784 824 839 839 878 917 919 982
6.49087221095 74.5730550285 37 0 0 1 4 4 4 5 7 13 14 15 15 15 16 16 21 24 24 25 27 27 27 32 33 35 36 37 39 40 40 41 43 43 45 45 47 48 0 115 128 134 204 208 223 230 252 269 301 301 308 312 317 357 407 409 434 447 455 465 525 564 568 618 642 651 660 678 793 795 819 892 902 928 949
66.1257606491 46.679316888 37 0 0 0 1 3 3 4 6 6 6 8 8 9 9 10 10 11 11 11 12 16 17 19 21 21 22 24 26 27 29 32 35 36 41 42 47 49 0 122 156 222 227 347 368 400 440 443 453 482 483 505 516 540 544 545 545 588 595 614 652 661 685 713 780 797 825 863 869 894 902 951 985 987 998
66.9371196755 18.4060721063 37 0 2 2 5 6 7 14 15 17 17 18 20 20 21 21 22 24 24 25 27 27 27 29 31 35 36 36 38 39 41 42 42 42 43 45 47 48 0 137 157 181 214 262 294 322 342 351 374 384 424 444 468 522 523 526 528 569 572 617 643 644 658 666 692 743 772 816 856 922 931 941 945 984 991
55.9837728195 43.0740037951 37 0 0 1 3 5 6 8 9 12 14 14 14 14 15 17 17 18 19 22 24 26 28 30 32 32 32 36 39 39 40 41 41 44 44 45 46 48 0 0 150 160 203 212 274 297 298 359 407 428 456 459 475 482 484 522 568 621 632 638 664 717 761 780 797 854 859 867 869 873 899 903 907 968 996
74.8478701826 18.9753320683 37 0 0 1 2 2 4 6 7 8 12 13 14 14 15 16 16 17 19 22 22 22 23 26 26 27 28 28 29 29 33 34 35 35 38 43 44 48 0 203 238 264 269 281 282 309 395 403 416 446 465 541 551 562 572 588 604 614 658 664 737 782 785 845 850 909 945 950 955 968 980 983 984 985 987
31.2373225152 25.2371916509 37 0 2 4 5 7 9 10 11 12 14 15 15 16 17 20 23 24 25 28 31 32 34 35 35 35 35 41 41 42 42 42 45 46 47 47 48 49 0 114 203 217 252 264 277 279 336 342 363 366 370 400 422 434 451 463 501 502 540 541 628 633 707 728 749 754 759 774 820 833 878 878 935 966 979
100.0 30.9297912713 37 0 0 0 2 2 3 4 5 6 8 8 8 9 13 13 15 16 17 20 23 31 32 34 35 35 38 38 39 41 42 44 46 46 46 48 48 48 0 129 139 205 293 295 371 391 400 422 422 431 449 481 488 573 575 576 596 609 633 639 678 725 729 771 783 805 822 844 887 888 893 925 925 941 949
43.6105476673 36.0531309298 37 0 1 3 3 3 3 8 8 9 11 11 11 12 14 15 15 15 16 16 17 18 18 20 22 23 24 30 30 31 33 35 38 44 44 45 45 47 0 103 111 111 160 196 196 209 271 279 294 295 384 400 406 426 443 451 467 484 500 507 546 565 568 573 599 628 668 679 706 826 876 886 922 926 931
38.5395537525 0.0 37 0 2 4 5 5 6 6 8 8 11 11 11 12 14 15 17 18 19 21 22 23 27 29 30 32 34 36 36 39 40 41 42 42 43 44 46 49 0 0 105 145 160 171 180 211 305 319 339 352 397 399 402 429 433 451 506 547 596 642 656 711 716 796 807 816 873 879 903 915 955 965 971 978 996
38.5395537525 54.2694497154 37 0 2 2 5 6 7 7 8 8 9 11 14 15 16 16 17 17 19 25 27 28 29 30 31 32 32 35 36 36 37 39 40 41 43 45 47 48 0 0 107 126 160 163 186 208 239 239 250 263 328 382 384 406 419 425 430 431 545 574 695 707 719 767 769 778 787 797 806 818 866 870 897 903 999
56.3894523327 38.5199240987 37 0 3 4 5 5 5 5 8 10 10 11 15 16 17 19 21 21 23 24 24 28 28 29 33 34 34 36 36 36 38 38 40 40 41 42 49 49 0 102 105 106 115 120 130 138 163 169 170 320 385 451 453 460 483 528 531 561 604 627 648 648 691 695 711 747 760 791 820 829 867 876 877 929 963
69.7768762677 28.0834914611 37 0 1 1 1 2 2 2 4 4 5 5 5 7 10 11 12 12 12 14 17 18 26 26 27 28 32 33 34 36 38 40 40 40 42 45 47 47 0 135 164 168 184 197 229 233 234 274 281 330 330 365 378 402 410 469 496 513 529 551 568 748 766 768 772 805 845 848 872 873 900 901 927 935 940
80.9330628803 53.1309297913 37 0 0 2 3 4 6 9 11 11 12 14 16 17 18 19 20 20 24 25 27 29 29 31 36 37 37 39 40 40 41 41 42 42 44 49 49 49 0 153 168 187 207 207 214 254 268 269 305 327 339 349 360 396 429 440 463 475 493 592 604 639 661 706 716 765 819 831 848 884 887 898 915 935 995
80.7302231237 42.6944971537 37 0 1 3 4 5 5 5 6 10 12 13 14 14 14 14 15 17 17 21 22 23 23 24 25 27 28 31 32 39 39 39 42 42 42 45 45 49 0 110 112 162 198 200 202 217 223 248 249 250 292 307 314 335 366 377 439 472 494 525 559 608 634 731 742 758 840 849 887 903 905 907 919 987 994
64.0973630832 91.0815939279 37 0 1 1 2 4 5 5 7 9 11 11 13 15 15 18 20 20 21 22 22 23 23 24 25 26 28 32 32 33 34 34 34 35 42 43 43 48 0 194 230 233 243 246 261 280 319 386 392 403 416 417 420 491 533 556 580 598 619 723 733 733 735 736 793 812 816 833 861 872 873 895 905 911 920
63.4888438134 24.0986717268 37 0 1 3 3 3 6 9 10 11 13 14 15 17 18 18 19 22 24 25 25 26 30 34 38 39 39 39 40 40 41 44 45 45 46 47 48 48 0 0 114 130 177 202 302 311 360 373 388 425 428 445 461 469 486 492 515 519 532 541 588 600 713 718 738 752 768 808 833 859 939 954 954 957 989
56.9979716024 45.9203036053 37 0 0 0 6 7 7 10 11 11 12 12 14 21 21 25 25 25 27 28 30 30 32 33 34 35 35 38 40 41 43 43 43 45 46 47 48 48 0 132 177 179 184 210 213 255 278 280 308 315 359 373 419 426 450 467 488 496 501 508 537 620 663 668 698 714 759 792 836 863 880 881 944 945 992
0.0 42.1252371917 37 0 0 0 2 3 3 4 5 7 10 11 13 14 15 16 16 24 25 26 26 27 29 30 31 32 32 40 40 43 45 46 46 46 48 49 49 49 0 102 149 161 215 246 267 278 306 324 401 453 487 507 513 561 590 601 610 612 685 691 694 725 734 753 770 773 779 781 807 855 856 887 896 949 996
30.0202839757 81.5939278937 37 0 0 0 2 3 3 3 7 9 13 13 13 14 14 15 18 19 22 23 23 23 24 25 33 33 33 34 36 36 38 38 41 42 43 44 47 47 0 168 183 215 215 274 289 293 321 366 397 412 436 492 520 539 562 570 591 642 643 650 678 700 719 725 730 806 831 836 862 862 892 892 905 962 977
63.4888438134 66.4136622391 37 0 6 8 10 12 12 13 15 15 15 16 20 21 23 24 26 27 27 27 28 30 31 32 33 34 34 34 35 36 38 39 42 42 44 46 46 49 0 100 108 121 126 154 217 233 247 263 264 268 280 286 302 302 319 391 438 439 448 474 585 587 606 606 633 650 786 793 816 817 911 942 942 960 972
20.0811359026 26.944971537 37 0 0 0 0 0 0 2 2 3 4 5 8 8 11 11 12 12 13 14 16 16 18 19 25 26 28 31 31 32 34 37 38 40 45 46 47 49 0 151 204 234 308 343 358 380 401 404 416 428 491 507 519 522 625 679 702 716 723 726 741 779 795 799 808 833 863 868 894 902 912 956 979 988 996
63.2860040568 71.1574952562 37 0 0 5 7 8 8 13 14 15 16 17 17 19 20 20 21 24 26 29 29 31 32 34 35 35 36 36 38 39 39 40 41 43 45 45 45 49 0 172 209 242 258 285 308 341 354 375 414 430 432 495 556 569 588 599 602 609 622 622 624 632 733 738 773 775 780 818 823 925 939 947 959 964 967
62.2718052738 64.5161290323 37 0 1 3 3 4 9 10 12 14 14 14 15 16 16 17 19 19 20 22 25 27 30 32 34 36 37 37 38 39 39 41 42 43 44 45 45 47 0 0 109 117 140 201 204 235 267 272 287 300 338 340 375 378 388 408 431 497 523 530 552 557 574 591 618 663 663 669 693 708 773 811 818 838 947
40.5679513185 75.5218216319 37 0 1 1 4 10 10 12 16 16 18 18 21 22 22 22 24 25 27 28 29 32 34 36 39 39 41 41 42 42 42 44 44 44 45 46 47 48 0 113 146 151 155 157 177 247 281 283 299 315 358 370 409 431 463 487 521 524 575 614 618 682 694 696 719 759 789 789 853 854 883 933 934 978 987
20.6896551724 45.3510436433 37 0 0 1 2 3 3 5 8 8 9 9 10 13 14 15 15 17 18 19 20 21 26 27 29 31 33 33 33 33 37 38 39 41 41 47 48 49 0 103 149 176 200 221 237 268 268 270 339 344 453 478 493 500 510 512 532 542 565 575 624 634 675 675 681 692 698 727 765 776 823 838 863 869 947
36.5111561866 30.55028463 37 0 2 3 6 7 8 9 10 11 12 14 16 16 16 18 18 18 19 20 22 24 25 26 26 27 27 27 28 34 35 41 42 42 42 42 43 49 0 161 177 204 212 232 235 255 261 263 271 278 290 363 402 518 533 553 554 595 633 658 666 685 707 713 728 753 766 795 817 827 922 930 977 985 997
12.1703853955 56.3567362429 37 0 0 4 7 8 8 8 8 9 9 11 12 13 18 20 22 23 23 24 24 27 30 31 34 36 37 38 39 41 43 44 47 47 47 48 48 49 0 116 145 168 174 182 238 245 265 290 296 333 335 376 411 472 478 484 548 551 642 654 657 744 793 800 827 847 856 861 867 877 877 906 906 955 959
34.4827586207 54.0796963947 37 0 3 3 5 5 7 9 9 10 10 10 12 17 17 18 19 20 21 22 25 29 31 33 33 34 35 37 39 40 41 42 43 43 45 47 49 49 0 149 164 196 223 245 273 278 325 344 379 400 401 416 491 501 523 527 532 541 547 684 697 733 733 752 759 786 815 818 818 836 841 890 943 969 977
59.0263691684 46.110056926 37 0 0 0 0 1 2 4 4 9 10 10 11 14 15 16 16 17 19 21 23 24 24 28 29 30 31 32 32 34 35 41 41 42 43 44 46 46 0 182 188 197 223 233 244 269 277 283 298 308 325 357 386 388 410 416 447 471 483 536 608 638 681 727 732 784 800 803 811 828 829 841 896 995 997
27.5862068966 79.1271347249 37 0 1 1 6 7 9 10 14 15 15 17 17 17 21 22 22 24 25 25 28 29 30 30 31 34 34 38 40 44 44 45 46 48 48 48 48 49 0 0 142 151 154 188 214 231 236 255 297 304 308 358 374 422 486 496 501 518 552 604 642 675 697 698 706 712 720 770 771 800 802 841 846 986 991
41.1764705882 44.4022770398 37 0 0 2 8 10 12 12 13 17 17 18 21 21 21 22 22 22 22 23 24 25 25 25 29 30 31 31 36 37 38 39 40 42 44 45 46 48 0 158 225 231 259 271 278 291 293 373 490 492 503 538 562 570 583 592 609 618 619 637 642 666 682 701 722 729 754 759 777 787 823 827 981 986 997
9.53346855984 49.9051233397 37 0 1 2 2 3 5 7 11 13 15 16 17 18 19 19 19 22 27 27 27 28 29 29 29 31 33 33 34 35 35 38 40 42 42 42 45 47 0 128 224 224 241 298 320 323 344 352 366 404 416 438 440 482 495 498 538 575 588 614 644 675 692 747 784 815 817 834 838 888 920 925 947 985 988
52.3326572008 54.8387096774 37 0 2 3 3 5 5 6 7 7 9 11 13 13 14 14 17 20 21 22 22 22 27 27 29 29 30 32 32 32 33 36 37 38 39 42 47 47 0 152 152 158 161 204 254 340 348 371 450 487 532 556 567 581 626 659 670 696 726 738 765 796 800 813 816 885 898 901 910 920 931 936 958 973 982
83.7728194726 25.2371916509 37 0 0 1 7 7 8 9 11 12 16 16 17 17 17 17 17 17 20 20 22 24 27 29 29 29 31 32 34 34 36 39 43 45 45 47 47 48 0 147 187 191 298 365 368 381 429 430 432 439 439 479 513 528 541 571 603 614 678 719 725 768 776 820 835 846 858 867 876 912 922 928 942 947 956
30.831643002 59.9620493359 37 0 0 0 1 2 3 5 6 8 9 9 10 11 12 14 14 16 17 18 20 20 23 23 25 29 30 31 31 38 39 40 41 42 43 45 47 47 0 114 115 143 157 159 165 176 256 266 288 292 303 384 396 487 502 512 520 532 570 601 617 621 625 649 712 729 746 770 799 830 835 852 980 981 982
47.0588235294 20.1138519924 37 0 1 1 4 5 6 9 12 12 16 16 17 19 19 21 24 26 27 29 29 29 30 31 32 32 32 33 36 36 37 38 40 40 42 42 42 42 0 0 138 139 181 183 194 225 272 282 301 303 389 426 432 437 446 520 562 566 589 605 611 629 631 646 651 668 734 748 757 765 766 845 845 966 969
54.3610547667 36.0531309298 37 0 0 0 2 2 5 5 6 9 12 12 13 13 14 16 17 17 20 20 22 24 25 32 33 34 34 35 36 37 39 40 41 43 45 46 47 47 0 102 107 109 238 244 273 302 378 390 434 477 487 505 538 539 612 639 670 673 701 722 731 741 757 793 807 823 837 872 875 896 904 932 943 986 990
58.0121703854 49.715370019 37 0 0 0 3 3 4 11 11 11 13 15 18 19 19 20 21 22 23 27 28 32 33 33 40 41 41 41 42 43 43 45 45 46 46 47 48 48 0 102 103 118 120 143 152 181 243 279 307 346 373 437 446 451 461 477 481 508 512 525 563 569 639 705 724 727 729 742 745 754 782 785 786 794 852
61.0547667343 32.4478178368 37 0 1 1 1 2 3 4 4 6 8 11 12 13 13 14 14 14 15 16 18 23 23 29 31 32 34 35 35 35 36 37 41 44 44 45 46 47 0 112 126 141 149 157 261 272 338 339 365 397 400 401 437 512 513 531 532 569 570 571 598 630 656 659 670 748 830 835 837 854 857 865 889 898 926
74.645030426 48.0075901328 37 0 0 1 1 5 6 6 7 9 10 13 16 17 18 19 21 23 23 25 25 28 30 30 33 33 35 35 37 38 38 39 39 41 41 43 43 49 0 100 122 145 192 200 201 231 244 244 297 347 360 377 436 452 467 508 509 610 613 657 661 722 733 736 746 782 829 830 837 847 903 909 959 976 980
36.1054766734 72.4857685009 37 0 0 3 3 3 6 8 9 14 15 16 17 18 22 22 22 24 25 26 26 30 32 32 34 35 37 37 41 42 43 44 44 45 45 47 48 49 0 115 148 150 175 205 205 249 253 320 321 325 401 440 452 456 516 525 531 546 549 590 595 759 766 772 803 809 823 846 863 865 896 930 942 953 966
43.4077079108 38.5199240987 37 0 0 3 4 4 5 7 7 9 14 14 14 15 16 17 19 20 22 22 23 23 23 23 23 24 25 26 29 32 33 33 33 35 36 40 42 49 0 109 128 207 216 223 239 255 275 276 280 299 319 353 368 390 404 516 523 548 565 568 570 582 584 632 637 665 681 724 727 730 757 758 796 874 945
57.200811359 35.2941176471 37 0 3 5 5 7 7 8 11 11 12 13 14 14 15 18 18 21 22 23 23 24 25 26 28 30 32 32 33 33 35 37 38 41 41 44 44 46 0 0 124 132 166 172 175 181 183 183 222 234 250 252 384 392 412 430 438 451 491 522 555 558 585 593 612 640 674 772 818 842 851 873 931 937 957
26.7748478702 48.3870967742 37 0 1 1 2 6 8 8 10 13 13 15 17 18 18 19 22 24 25 25 26 27 27 27 34 34 34 36 36 38 38 40 41 45 46 47 48 49 0 144 149 155 195 237 265 292 335 413 416 421 431 449 467 474 494 506 513 526 542 579 596 601 612 665 702 736 741 763 771 773 796 809 817 863 998
19.878296146 77.6091081594 37 0 0 1 1 1 2 4 7 8 9 11 14 14 15 17 18 22 24 24 27 28 28 29 33 35 36 37 38 39 39 41 43 44 46 47 48 48 0 132 187 226 236 287 292 295 296 309 313 343 345 368 386 440 441 459 474 494 502 508 520 540 563 604 606 666 703 708 805 838 860 881 914 921 957
24.5436105477 47.6280834915 37 0 0 3 3 6 6 9 11 12 13 13 14 15 17 17 17 19 19 19 19 22 23 30 33 33 34 35 36 37 38 42 43 44 44 45 46 47 0 131 151 158 182 203 248 252 265 287 316 329 334 336 423 447 471 472 512 524 527 566 583 593 608 616 635 715 773 808 841 850 871 908 938 945 981
44.8275862069 42.504743833 37 0 0 1 2 3 3 5 6 7 7 8 11 15 16 16 16 17 17 18 20 21 21 22 23 23 29 29 33 33 34 38 40 41 41 43 45 48 0 113 134 164 180 194 249 270 295 309 313 316 372 411 448 482 523 535 565 637 641 669 684 684 736 760 792 835 848 866 891 907 909 944 961 965 965
54.3610547667 62.2390891841 37 0 0 0 0 2 2 2 3 3 3 4 5 8 13 16 16 17 19 20 24 26 28 30 31 32 35 35 36 40 40 41 45 46 47 48 48 49 0 0 141 202 263 283 294 298 351 399 403 464 506 537 555 579 583 585 589 638 648 661 667 700 716 766 793 814 840 850 854 854 932 937 979 979 991
35.6997971602 46.110056926 37 0 4 4 5 5 6 9 13 13 19 23 24 24 25 26 27 28 28 30 30 30 30 32 32 34 36 39 39 39 39 45 46 46 46 47 47 49 0 116 148 167 179 186 214 234 255 285 295 304 313 336 393 408 447 454 472 477 492 551 557 611 666 697 739 762 773 823 833 857 858 877 898 913 964
39.3509127789 68.6907020873 37 0 0 1 1 1 6 6 7 10 11 12 15 15 17 17 20 20 20 21 23 24 25 26 27 29 29 31 31 32 34 37 39 42 44 45 45 49 0 0 119 140 150 160 170 181 189 192 198 199 211 240 304 394 408 473 478 489 502 527 529 530 579 585 649 709 759 787 823 834 852 899 920 941 969
42.799188641 35.6736242884 37 0 0 1 4 6 6 6 8 9 9 9 12 13 13 16 16 18 18 22 22 24 26 27 31 33 34 35 35 35 35 36 38 38 39 43 45 48 0 140 178 184 223 278 278 282 286 303 314 319 320 327 360 382 391 406 417 437 443 452 482 509 540 551 649 754 779 791 793 812 819 857 915 916 947
63.4888438134 49.5256166983 37 0 4 6 8 8 9 10 10 13 15 17 17 20 20 20 21 25 27 27 28 34 34 34 34 37 39 41 42 42 44 44 44 46 47 47 48 48 0 102 116 192 240 254 300 351 355 374 375 422 428 437 438 442 449 499 523 550 556 559 635 650 672 709 736 769 780 804 830 857 860 865 937 951 976
36.30831643 48.3870967742 37 0 5 5 6 7 7 9 10 10 10 10 10 12 13 13 14 18 19 21 22 26 27 30 30 32 33 33 36 36 37 39 42 43 44 45 46 49 0 0 123 125 218 233 240 281 293 308 342 394 399 400 412 412 416 420 434 507 519 520 558 622 635 647 692 768 800 804 854 887 922 958 970 972 974
59.6348884381 32.8273244782 37 0 0 2 3 3 3 3 7 8 10 11 11 15 15 16 16 18 22 26 28 28 29 29 31 31 31 32 34 34 36 37 38 39 41 42 46 48 0 149 217 222 224 234 283 302 314 319 339 349 418 426 437 493 496 569 598 629 653 653 659 672 700 716 717 734 743 746 752 799 809 918 934 948 980
33.2657200811 22.5806451613 37 0 0 1 2 3 6 6 6 7 8 9 9 10 11 14 16 17 19 24 25 26 27 28 29 29 34 34 34 38 39 41 41 42 43 46 47 49 0 0 129 177 178 235 265 312 343 356 378 414 443 455 517 533 533 647 666 677 709 730 776 793 804 811 836 836 876 877 880 884 894 904 948 956 998
50.3042596349 52.3719165085 37 0 2 4 6 7 9 12 14 15 15 17 17 18 18 18 22 22 23 25 26 27 29 30 31 33 34 34 35 37 37 40 41 41 48 48 49 49 0 111 143 185 185 196 203 214 214 218 234 280 309 317 378 394 400 420 420 428 460 487 501 503 537 563 573 597 622 640 679 692 742 830 945 954 988
54.1582150101 19.3548387097 37 0 1 2 3 3 5 7 10 11 16 16 17 17 19 20 20 24 26 28 30 31 31 32 32 35 37 38 40 40 42 43 44 46 46 47 47 49 0 0 149 151 154 160 181 191 277 284 288 346 361 369 376 397 422 501 510 520 594 624 657 661 676 680 692 760 819 820 833 868 906 970 971 986 988
49.0872210953 48.3870967742 37 0 0 1 3 4 5 6 7 8 8 10 12 15 17 19 21 21 26 27 27 27 28 29 29 29 29 31 33 36 39 40 40 43 44 47 47 48 0 159 166 200 206 209 267 293 349 407 438 460 516 518 528 546 560 584 587 596 623 628 632 635 636 688 689 761 772 798 829 901 921 946 964 988 990
47.6673427992 81.4041745731 37 0 0 1 1 2 2 4 6 6 8 8 11 11 13 14 15 15 17 18 19 23 23 26 27 27 30 32 33 38 38 39 40 41 43 45 47 49 0 0 214 228 231 277 283 290 299 307 315 325 353 398 403 415 423 474 477 497 579 602 627 651 674 707 732 758 778 810 818 836 855 866 888 973 974
82.1501014199 70.5882352941 37 0 1 2 2 6 7 10 11 13 13 14 14 18 18 20 22 23 24 24 24 25 26 27 29 29 32 32 32 33 35 41 41 42 43 43 44 44 0 111 137 160 182 185 221 229 348 414 456 470 471 471 497 498 511 517 519 539 561 606 623 640 659 676 681 724 770 778 796 829 885 894 898 906 958
69.9797160243 50.6641366224 37 0 0 1 4 4 5 5 7 7 8 10 13 13 13 15 16 21 22 23 24 25 25 25 26 28 30 31 33 33 34 35 37 39 41 44 45 46 0 116 140 147 155 155 172 179 202 205 210 215 247 288 305 318 363 374 377 377 385 413 447 466 547 585 687 737 741 781 804 822 824 828 881 945 968
50.5070993915 55.5977229602 37 0 2 3 5 8 9 12 14 14 15 15 15 16 16 18 22 23 23 23 23 25 29 32 36 37 37 37 38 39 39 39 41 41 43 44 44 47 0 127 170 172 205 216 218 231 249 279 295 317 350 353 361 369 375 383 464 551 625 635 682 742 743 810 831 838 854 893 901 908 919 937 966 970 983
46.0446247465 51.2333965844 37 0 2 2 3 4 7 7 9 10 10 10 12 18 20 20 23 28 29 30 30 31 33 35 36 37 37 37 38 38 40 40 41 43 45 46 47 49 0 0 139 150 158 207 240 340 347 359 389 409 433 512 524 531 559 603 642 671 682 689 703 708 740 744 760 771 775 784 830 860 912 927 931 937 987
43.4077079108 62.0493358634 37 0 0 2 5 7 7 8 8 9 10 11 11 11 13 13 13 14 17 17 17 20 21 28 32 36 37 37 38 39 39 40 42 42 43 47 48 48 0 0 131 145 172 179 187 217 262 262 289 305 313 313 324 376 430 431 478 499 530 556 558 573 578 613 655 674 694 747 768 770 826 883 933 942 993
17.2413793103 91.2713472486 37 0 2 5 6 7 7 8 9 13 14 14 17 19 20 22 22 23 23 24 28 29 31 31 32 32 35 37 38 40 40 43 44 44 44 44 49 49 0 116 175 211 267 275 294 324 352 380 414 445 461 494 510 541 591 622 636 673 677 686 701 779 780 793 804 825 839 855 859 901 908 914 923 973 984
28.3975659229 54.2694497154 37 0 0 1 4 6 8 11 11 14 15 15 16 19 20 22 22 22 22 28 28 30 32 33 34 35 35 36 36 37 39 42 43 43 44 45 46 47 0 133 151 179 192 205 210 218 297 312 323 330 361 367 388 413 431 471 483 493 509 540 548 554 565 578 599 614 714 747 778 786 794 877 893 925 940
59.0263691684 51.0436432638 37 0 0 4 4 6 8 8 8 9 13 13 15 17 17 19 20 21 21 22 22 24 24 25 26 29 30 34 36 42 43 43 43 44 44 48 49 49 0 106 110 130 142 184 188 222 240 292 322 326 363 373 376 402 410 496 507 507 513 555 571 594 613 667 699 712 781 839 855 900 907 917 950 986 994
32.860040568 34.3453510436 37 0 1 6 7 7 7 10 16 16 18 19 20 23 23 24 25 25 25 26 27 28 28 29 32 32 33 37 37 39 39 41 42 42 43 47 48 49 0 0 114 121 237 261 284 285 308 341 346 349 369 449 450 508 509 647 669 690 739 746 759 771 781 783 820 854 872 927 950 952 953 962 968 970 979
60.0405679513 45.9203036053 37 0 1 2 3 4 5 8 9 10 16 21 23 24 25 27 29 30 30 31 31 32 34 34 36 37 38 40 40 41 43 45 45 45 45 48 48 49 0 129 155 216 217 231 256 266 298 328 390 395 404 423 468 491 513 552 637 676 690 723 745 788 839 847 870 887 913 933 937 951 958 959 981 985 990
40.7707910751 53.320683112 37 0 3 4 4 4 9 9 10 11 11 13 13 16 16 17 19 23 26 27 27 30 30 31 32 32 32 33 37 37 37 40 44 45 46 46 46 49 0 105 109 132 153 203 237 260 281 358 394 508 544 556 558 580 634 667 668 675 681 693 696 710 726 754 765 787 795 869 891 896 922 956 966 986 990
22.3123732252 47.0588235294 37 0 1 3 3 6 6 12 13 15 17 17 18 19 20 21 22 22 22 23 25 27 28 29 29 29 30 31 32 35 36 38 40 42 42 45 46 48 0 111 125 127 131 197 210 216 228 255 289 309 341 357 368 373 386 417 469 478 524 530 553 577 597 602 602 608 608 657 723 734 760 814 858 903 983
52.1298174442 94.6869070209 37 0 1 2 3 3 3 4 8 8 17 18 19 21 21 24 25 25 26 26 28 28 29 32 34 34 36 38 41 42 42 43 44 45 46 48 48 49 0 114 143 147 152 161 173 193 204 250 274 294 326 335 401 490 566 582 599 611 614 632 672 674 690 703 710 712 715 730 756 768 778 805 859 874 876
20.6896551724 57.3055028463 37 0 3 5 5 5 7 9 9 12 13 13 14 16 17 21 24 24 26 27 27 29 30 30 30 32 32 34 35 36 37 38 39 40 42 43 45 48 0 137 168 188 205 206 245 250 257 300 308 321 327 386 394 398 402 444 445 472 537 542 565 621 700 727 750 765 778 813 837 850 878 913 962 962 988
35.4969574037 61.669829222 37 0 0 1 6 6 8 12 15 17 19 19 21 21 22 23 25 25 27 28 28 28 28 29 30 30 33 39 40 45 45 45 46 46 47 48 48 49 0 0 120 128 129 205 229 245 246 345 413 432 434 498 509 513 543 555 632 636 729 741 756 757 759 770 837 854 862 869 884 905 921 934 936 963 964
81.1359026369 50.8538899431 37 0 1 1 3 5 9 9 12 17 20 20 22 23 24 26 26 29 30 33 33 33 35 36 37 39 39 40 41 42 43 43 45 47 48 49 49 49 0 104 115 141 150 159 204 209 240 288 297 307 317 324 367 498 577 614 647 660 664 682 684 756 782 785 790 798 838 868 876 876 883 914 935 952 995
52.9411764706 49.1461100569 37 0 5 5 7 8 9 10 10 12 13 15 16 16 18 19 20 21 23 24 25 25 26 26 27 27 30 35 36 38 41 42 43 44 45 45 45 46 0 0 143 172 188 196 203 249 287 356 383 415 427 428 430 493 525 573 581 585 601 621 624 650 676 686 766 817 822 843 855 862 916 918 927 927 941
51.5212981744 57.1157495256 37 0 0 3 4 5 6 7 9 13 18 21 21 21 23 24 25 25 27 30 32 32 32 34 36 37 38 38 39 40 40 41 42 43 45 47 49 49 0 0 116 136 168 176 189 255 260 287 293 306 318 329 347 347 352 389 415 417 446 447 454 477 528 595 652 738 769 786 802 803 824 857 904 942 985
62.8803245436 68.6907020873 37 0 0 0 3 3 3 3 9 12 14 15 15 15 16 20 21 21 22 22 23 23 24 24 26 28 30 31 33 34 38 38 41 42 47 47 49 49 0 0 136 194 226 230 243 325 327 370 374 426 426 439 489 523 541 542 542 565 582 603 608 617 635 641 660 678 706 709 734 751 809 833 863 970 999
58.0121703854 37.0018975332 37 0 1 1 3 4 5 9 10 11 12 12 14 15 16 17 19 19 21 23 25 29 30 32 34 34 36 38 38 40 41 42 43 46 46 49 49 49 0 108 127 135 156 160 185 190 262 275 334 383 441 458 468 548 567 634 634 682 705 714 737 745 759 831 837 849 858 863 892 910 912 960 972 981 999
36.9168356998 61.8595825427 37 0 3 4 5 6 10 10 11 12 13 13 14 15 19 20 20 20 22 22 23 30 33 34 34 36 38 39 39 43 44 46 46 47 48 48 48 49 0 120 138 163 188 263 263 277 342 380 429 434 441 473 481 483 551 602 613 648 712 739 762 774 786 797 808 826 845 853 900 904 940 963 969 983 999
29.8174442191 70.9677419355 37 0 2 5 6 8 9 11 13 14 15 18 18 21 24 24 25 28 31 33 34 37 37 38 38 40 40 40 41 44 46 46 46 47 49 49 49 49 0 134 191 200 200 201 213 267 270 281 343 363 388 411 423 450 476 484 533 541 559 599 612 640 687 798 810 821 832 844 852 953 980 982 985 990 995
59.8377281947 54.2694497154 37 0 0 0 0 5 5 5 6 8 9 15 15 16 19 19 23 26 26 26 27 30 30 30 32 33 33 35 36 40 41 41 43 44 45 46 47 48 0 118 164 215 267 281 297 303 324 358 364 381 392 410 464 473 476 588 595 602 643 650 656 657 679 748 823 848 851 876 877 897 939 944 993 993 999
42.3935091278 52.5616698292 37 0 3 3 3 5 7 8 8 9 10 12 13 15 16 17 21 23 23 24 24 25 26 28 30 33 35 37 38 40 40 41 42 42 45 46 47 47 0 115 162 182 182 215 256 265 354 359 372 403 428 433 435 444 483 520 563 609 622 659 673 741 747 757 764 818 838 854 894 896 941 941 949 952 997
56.9979716024 56.9259962049 37 0 0 1 3 3 6 10 12 14 15 15 15 16 18 20 23 23 26 28 28 30 31 33 33 35 35 35 36 37 38 39 39 40 41 44 44 45 0 188 217 230 251 294 321 375 406 421 448 453 481 482 496 508 523 597 600 600 670 710 743 782 801 806 813 869 872 872 898 902 936 943 976 990 996
79.9188640974 40.4174573055 37 0 0 0 1 2 2 3 13 14 15 16 17 20 20 21 22 22 22 25 27 27 27 30 30 32 36 38 40 41 42 44 44 46 46 47 48 49 0 119 136 152 161 163 186 187 192 219 240 348 389 408 450 458 475 479 497 509 532 558 610 610 622 626 629 672 693 700 723 728 752 794 825 968 984
82.5557809331 69.8292220114 37 0 1 1 1 4 4 4 4 5 6 6 8 9 13 13 15 17 17 18 20 20 22 23 24 25 30 31 32 32 37 38 38 44 46 46 47 49 0 0 110 135 160 177 184 185 215 237 242 328 336 348 379 408 414 475 493 522 549 563 568 570 604 621 684 692 720 743 780 783 865 922 941 949 963
64.9087221095 22.9601518027 37 0 2 2 3 7 7 8 9 10 11 11 13 15 16 17 18 19 20 21 21 23 27 33 33 33 35 36 38 38 38 43 44 45 46 48 49 49 0 110 175 187 198 223 255 272 282 283 285 321 408 427 451 458 497 499 528 589 626 656 722 727 739 756 770 777 782 795 821 822 917 928 952 975 993
47.4645030426 60.3415559772 37 0 0 2 7 7 9 9 10 10 12 14 15 15 19 21 22 22 24 24 24 25 26 27 28 29 32 32 36 37 38 39 40 43 44 45 48 49 0 0 165 177 179 227 231 234 265 297 302 309 354 355 373 380 401 454 496 512 523 533 572 710 734 744 746 755 756 787 849 906 908 917 957 960 974
36.5111561866 43.4535104364 37 0 1 2 3 4 6 6 7 8 10 15 16 19 19 20 20 20 21 23 25 25 26 27 27 28 30 31 32 33 35 36 38 40 41 44 46 49 0 104 133 178 210 213 232 285 297 301 309 351 381 409 417 422 526 543 651 654 667 689 702 725 726 733 756 759 778 831 844 878 891 903 966 973 993
63.69168357 80.4554079696 37 0 0 3 5 6 6 8 8 11 13 14 14 16 17 22 26 26 26 27 28 28 32 32 34 34 36 36 37 39 40 41 41 43 44 45 47 49 0 149 151 159 182 182 202 211 214 222 275 314 327 333 395 402 411 528 555 580 620 699 705 711 723 761 778 792 829 839 852 857 868 908 937 979 998
17.4442190669 79.5066413662 37 0 1 1 3 3 8 9 10 14 15 18 18 20 21 21 21 24 24 26 27 27 28 28 30 33 34 36 38 39 39 39 42 44 45 46 49 49 0 0 124 127 135 175 183 183 199 201 206 222 273 278 305 385 410 458 476 495 507 512 530 533 540 549 593 627 683 730 866 882 887 888 946 949 983
45.8417849899 51.2333965844 37 0 0 1 1 2 2 4 5 8 9 9 9 13 16 17 19 21 23 24 27 27 31 32 32 33 33 33 35 36 38 40 41 43 43 46 46 49 0 0 102 117 126 159 167 170 200 227 266 269 325 357 358 367 456 467 522 599 604 643 657 668 676 681 714 740 753 827 832 896 922 950 951 980 985
42.799188641 46.2998102467 37 0 1 2 3 5 6 8 10 10 11 15 17 19 21 22 23 23 26 27 28 28 29 29 31 31 31 31 32 34 35 40 41 42 43 46 47 49 0 206 253 261 264 328 331 331 333 354 363 381 400 413 429 442 445 469 473 514 517 554 556 569 611 672 676 713 797 832 843 849 869 905 912 927 982
38.3367139959 74.0037950664 37 0 3 5 6 6 7 9 11 12 13 14 14 16 17 19 23 23 25 25 27 28 29 29 30 30 31 31 35 36 38 40 42 42 43 43 44 46 0 0 108 109 158 187 207 247 253 275 322 324 349 426 427 465 472 485 636 642 682 690 716 716 726 737 742 758 813 836 867 874 884 934 953 973 977
22.7180527383 67.1726755218 37 0 0 1 1 2 3 5 6 7 8 11 12 12 14 15 15 16 17 18 19 19 20 21 21 23 23 26 28 28 32 32 35 36 41 41 42 44 0 162 184 194 195 203 256 268 303 328 346 349 399 440 464 474 475 502 516 522 553 554 557 569 696 697 747 772 849 890 908 914 941 945 947 960 964
27.7890466531 45.1612903226 37 0 1 2 3 3 6 7 8 8 8 11 13 15 19 19 20 22 24 27 28 29 31 32 33 33 33 34 35 38 39 41 41 41 43 48 48 49 0 112 141 145 151 172 195 198 221 224 230 231 260 272 311 338 351 357 384 417 458 520 540 561 574 603 621 667 742 750 782 806 809 820 822 862 980
212
34.0170940171 38.9105058366 1
63.2478632479 37.1595330739 3
50.5982905983 53.3073929961 8
48.3760683761 54.4747081712 6
71.1111111111 57.5875486381 4
94.188034188 69.4552529183 5
95.2136752137 59.3385214008 9
77.6068376068 62.4513618677 1
53.1623931624 64.3968871595 7
59.4871794872 35.2140077821 8
55.2136752137 38.5214007782 3
44.9572649573 58.3657587549 2
69.5726495726 59.1439688716 7
34.358974359 76.6536964981 2
48.8888888889 71.5953307393 5
52.4786324786 88.7159533074 4
70.9401709402 57.1984435798 2
67.0085470085 78.5992217899 4
56.2393162393 60.3112840467 8
27.6923076923 70.233463035 5
78.8034188034 31.1284046693 1
34.0170940171 45.3307392996 6
21.0256410256 22.9571984436 1
66.6666666667 58.560311284 9
72.6495726496 57.5875486381 5
40.6837606838 0.194552529183 6
61.3675213675 38.1322957198 4
36.0683760684 100.0 8
79.6581196581 28.4046692607 8
44.4444444444 57.9766536965 4
57.9487179487 58.7548638132 8
50.7692307692 21.5953307393 4
62.3931623932 40.6614785992 4
50.0854700855 25.6809338521 1
41.1965811966 66.3424124514 5
29.2307692308 35.0194552529 9
61.8803418803 73.9299610895 8
63.0769230769 51.1673151751 8
65.641025641 51.1673151751 2
28.547008547 51.3618677043 2
28.0341880342 30.1556420233 1
36.5811965812 59.1439688716 7
63.5897435897 62.2568093385 5
57.264957265 78.0155642023 9
81.0256410256 52.9182879377 3
28.0341880342 33.4630350195 8
74.8717948718 73.9299610895 1
69.2307692308 81.7120622568 7
30.4273504274 46.8871595331 2
38.4615384615 35.7976653696 2
50.5982905983 80.9338521401 8
52.9914529915 39.2996108949 4
39.6581196581 47.6653696498 1
67.3504273504 56.2256809339 4
77.094017094 55.6420233463 9
71.9658119658 36.5758754864 3
48.3760683761 44.1634241245 2
25.811965812 30.5447470817 7
49.5726495726 74.3190661479 1
44.6153846154 92.6070038911 7
49.5726495726 54.280155642 3
48.2051282051 50.0 6
76.0683760684 43.1906614786 9
66.8376068376 58.560311284 4
65.2991452991 37.1595330739 2
51.6239316239 84.8249027237 7
51.7948717949 23.9299610895 5
44.2735042735 66.9260700389 7
52.1367521368 45.5252918288 5
36.4102564103 59.1439688716 2
57.264957265 45.3307392996 5
54.0170940171 42.9961089494 4
60.3418803419 92.9961089494 2
30.9401709402 69.8443579767 2
47.0085470085 63.0350194553 7
68.0341880342 83.6575875486 3
33.8461538462 71.5953307393 8
75.0427350427 35.6031128405 5
45.641025641 64.5914396887 2
55.8974358974 67.3151750973 2
62.2222222222 73.1517509728 1
59.6581196581 53.6964980545 9
3.76068376068 32.2957198444 7
63.9316239316 71.9844357977 2
54.5299145299 34.6303501946 8
30.9401709402 48.8326848249 1
39.1452991453 46.6926070039 4
42.0512820513 40.8560311284 6
58.8034188034 43.7743190661 5
80.3418803419 31.1284046693 9
47.6923076923 48.6381322957 3
59.3162393162 67.1206225681 4
34.5299145299 55.2529182879 3
47.1794871795 69.6498054475 8
60.0 50.1945525292 9
53.8461538462 56.0311284047 3
70.5982905983 82.4902723735 6
30.0854700855 71.7898832685 7
67.8632478632 71.4007782101 4
52.6495726496 69.6498054475 7
26.6666666667 63.813229572 1
50.9401709402 44.3579766537 9
56.5811965812 27.8210116732 8
45.811965812 58.560311284 7
46.1538461538 29.9610894942 2
57.264957265 47.0817120623 2
51.6239316239 54.280155642 4
68.7179487179 66.9260700389 6
43.7606837607 50.7782101167 9
70.4273504274 66.1478599222 8
60.5128205128 72.373540856 8
60.0 49.6108949416 9
17.264957265 65.7587548638 7
69.5726495726 53.6964980545 2
46.1538461538 87.1595330739 5
31.1111111111 59.9221789883 8
49.5726495726 61.8677042802 9
45.4700854701 30.3501945525 7
55.0427350427 45.3307392996 8
60.6837606838 61.8677042802 9
55.2136752137 47.859922179 3
56.5811965812 28.5992217899 3
58.1196581197 35.9922178988 6
44.1025641026 43.7743190661 4
43.9316239316 41.8287937743 6
78.6324786325 85.6031128405 9
57.7777777778 63.4241245136 4
96.9230769231 51.3618677043 5
72.8205128205 72.1789883268 6
45.2991452991 40.8560311284 4
46.4957264957 48.6381322957 8
55.0427350427 17.7042801556 5
91.6239316239 32.1011673152 7
53.3333333333 26.6536964981 5
93.3333333333 61.673151751 7
60.3418803419 74.3190661479 4
64.4444444444 61.2840466926 8
51.452991453 65.5642023346 2
33.6752136752 37.1595330739 8
58.4615384615 70.0389105058 9
52.4786324786 54.0856031128 1
60.0 74.3190661479 3
100.0 74.7081712062 5
64.1025641026 66.1478599222 3
86.8376068376 62.2568093385 7
45.811965812 43.7743190661 6
55.7264957265 60.7003891051 6
64.9572649573 84.8249027237 7
37.7777777778 63.0350194553 3
55.5555555556 40.2723735409 5
27.8632478632 50.7782101167 2
46.3247863248 0.0 9
61.8803418803 63.2295719844 4
57.7777777778 56.420233463 4
61.7094017094 74.9027237354 7
66.4957264957 94.1634241245 6
54.8717948718 50.7782101167 4
67.3504273504 57.0038910506 1
74.188034188 59.7276264591 7
46.1538461538 63.6186770428 8
63.5897435897 70.4280155642 5
48.0341880342 70.233463035 4
58.4615384615 31.7120622568 4
63.0769230769 64.5914396887 8
73.6752136752 55.4474708171 3
28.2051282051 53.3073929961 6
63.7606837607 92.4124513619 6
73.5042735043 60.8949416342 8
49.4017094017 49.2217898833 2
61.0256410256 54.0856031128 7
41.7094017094 57.5875486381 5
75.8974358974 62.4513618677 9
62.3931623932 35.0194552529 2
53.8461538462 57.0038910506 3
60.0 22.373540856 1
68.2051282051 63.0350194553 8
94.0170940171 41.439688716 5
42.905982906 65.1750972763 7
53.6752136752 57.3929961089 2
56.2393162393 52.7237354086 4
28.3760683761 61.4785992218 3
86.8376068376 41.8287937743 6
48.0341880342 51.9455252918 9
50.2564102564 92.9961089494 2
66.8376068376 87.3540856031 2
40.5128205128 53.1128404669 5
48.3760683761 23.1517509728 6
48.3760683761 38.326848249 4
64.6153846154 43.3852140078 3
0.0 31.1284046693 2
60.0 41.8287937743 8
39.8290598291 45.3307392996 4
51.7948717949 29.9610894942 9
53.1623931624 39.6887159533 6
34.7008547009 47.4708171206 9
58.4615384615 86.9649805447 3
41.8803418803 69.2607003891 3
35.7264957265 48.4435797665 5
43.7606837607 52.5291828794 8
51.9658119658 46.3035019455 2
61.5384615385 54.0856031128 1
31.7948717949 52.5291828794 1
59.1452991453 35.6031128405 8
82.905982906 50.5836575875 7
61.7094017094 58.1712062257 9
46.1538461538 42.9961089494 2
45.1282051282 63.813229572 3
35.3846153846 46.1089494163 6
73.8461538462 67.3151750973 2
80.0 49.8054474708 7
37.6068376068 42.6070038911 7
56.4102564103 39.1050583658 2
