251
41.6071428571 71.1038961039 29 0 3 5 8 8 9 11 12 13 14 14 14 17 17 17 18 18 19 23 37 39 43 43 43 44 45 45 46 48 0 133 136 154 157 160 214 241 251 298 325 379 389 402 412 520 556 565 645 692 748 793 814 853 860 883 914 962 964
72.8571428571 67.8571428571 29 0 0 3 5 6 6 10 11 12 16 16 19 19 20 20 20 22 27 28 29 29 35 35 36 38 42 43 45 49 0 0 121 174 222 267 288 360 387 390 580 653 656 699 721 732 743 761 789 801 824 860 862 867 881 920 967 981 992
81.0714285714 58.9285714286 29 0 1 5 5 6 9 13 14 15 16 18 18 18 19 20 21 22 23 25 26 30 30 30 37 39 42 45 46 49 0 101 104 121 168 220 242 302 308 323 346 365 388 388 427 467 518 532 641 643 670 687 717 791 838 866 870 901 922
68.5714285714 28.5714285714 29 0 0 3 6 6 6 6 8 10 13 13 13 14 17 20 20 26 31 33 34 34 37 40 42 43 44 44 45 48 0 147 217 244 287 293 378 383 493 509 601 614 618 661 666 716 730 744 745 767 827 845 851 888 893 896 902 944 945
47.6785714286 57.1428571429 29 0 0 1 1 2 4 6 6 7 7 8 9 9 10 14 16 16 18 20 22 25 26 29 29 32 32 36 37 39 0 158 163 203 259 263 281 294 338 343 392 450 471 491 501 504 572 588 588 595 678 693 772 807 810 842 855 903 932
56.7857142857 69.6428571429 29 0 1 3 6 7 15 17 17 18 19 19 20 22 24 24 25 26 26 29 29 29 31 36 41 41 45 48 48 49 0 112 118 123 146 178 183 196 197 254 273 296 366 428 474 482 593 624 637 674 689 747 776 809 814 870 888 905 992
100.0 81.0064935065 29 0 1 1 6 9 9 10 11 13 18 19 23 24 24 26 27 27 27 28 35 37 37 39 42 46 47 47 48 48 0 122 176 180 199 203 317 343 382 423 423 448 457 498 520 528 535 610 624 629 647 700 750 772 815 822 944 977 978
61.25 24.3506493506 29 0 2 5 6 10 14 15 15 18 21 22 23 25 26 28 30 32 32 33 35 37 38 38 39 41 41 42 44 44 0 129 155 195 226 248 272 287 346 367 382 383 389 399 430 491 548 572 614 622 627 630 741 791 821 889 896 908 999
46.4285714286 39.2857142857 29 0 4 5 6 7 7 8 9 11 14 15 15 18 18 18 19 21 24 24 27 29 29 36 38 39 41 43 45 46 0 0 139 201 212 230 293 317 335 348 356 401 409 496 546 587 610 611 623 638 684 693 728 805 876 914 926 928 943
49.4642857143 56.9805194805 29 0 1 2 3 4 4 4 5 6 7 7 9 10 18 19 24 29 30 31 31 31 36 38 39 40 41 44 45 49 0 105 169 201 222 283 305 377 403 404 441 449 559 596 637 680 696 704 709 712 717 750 763 859 878 882 884 926 928
68.3928571429 36.8506493506 29 0 3 3 3 5 5 7 9 10 12 13 16 21 26 27 27 30 30 32 33 34 34 36 38 39 39 41 43 46 0 107 133 143 151 166 179 296 315 359 359 378 420 460 460 480 481 487 498 513 524 536 739 780 795 865 897 963 968
56.0714285714 36.3636363636 29 0 1 6 8 8 8 12 16 18 18 19 22 26 27 28 31 31 33 37 38 38 40 41 41 42 46 48 48 49 0 0 117 174 176 185 193 204 206 210 224 309 472 498 513 530 599 603 615 649 722 748 838 864 891 894 900 905 995
55.7142857143 39.7727272727 29 0 0 1 2 2 3 5 8 9 10 14 14 18 20 21 30 33 33 38 42 43 45 46 46 47 47 49 49 49 0 138 141 152 169 172 231 270 347 348 400 434 435 441 474 479 558 568 580 586 647 720 734 738 746 762 807 894 952
66.7857142857 67.2077922078 29 0 3 5 10 11 11 11 11 14 19 19 20 24 26 28 31 31 32 33 33 34 35 35 37 38 42 45 46 46 0 108 205 248 294 310 319 319 325 353 379 387 393 401 411 412 431 512 546 588 697 757 775 818 845 916 929 951 983
62.1428571429 34.9025974026 29 0 1 1 4 5 6 7 7 12 14 18 20 22 26 27 27 33 33 34 38 41 41 42 45 46 47 47 48 49 0 153 160 215 232 239 242 245 248 267 267 299 334 335 369 571 643 689 725 784 793 822 844 881 888 897 925 956 989
13.0357142857 70.1298701299 29 0 0 4 5 6 9 9 11 16 16 18 18 20 23 25 25 27 28 29 30 31 33 34 35 41 41 44 48 49 0 127 169 181 222 299 313 369 377 393 441 453 465 480 558 623 626 644 653 662 666 675 795 807 812 939 956 958 980
59.6428571429 43.0194805195 29 0 1 4 5 6 9 10 11 11 12 13 14 17 19 21 24 26 31 31 36 36 36 36 38 42 43 44 44 48 0 0 143 164 189 278 312 313 333 338 355 356 364 368 423 504 520 542 580 614 649 668 707 825 865 888 964 984 985
58.0357142857 32.1428571429 29 0 2 3 7 7 8 8 9 10 11 12 15 15 15 20 21 22 22 23 24 32 33 36 37 40 40 40 46 47 0 104 111 126 172 178 179 183 203 291 483 487 500 518 526 528 542 574 592 634 636 702 713 747 750 823 839 888 968
35.1785714286 46.2662337662 29 0 1 3 4 4 7 9 11 11 13 14 16 21 25 26 27 27 28 30 31 31 33 36 38 39 41 42 44 44 0 0 138 280 317 335 398 445 457 466 488 543 593 595 598 611 631 637 652 676 687 798 825 841 847 847 892 918 942
66.9642857143 46.5909090909 29 0 0 1 2 3 3 7 11 15 15 16 16 17 19 20 20 27 27 32 32 36 37 39 40 41 42 42 43 46 0 148 217 238 239 250 294 305 313 353 413 567 569 573 604 632 640 663 734 740 780 781 849 873 910 929 973 979 993
33.9285714286 65.7467532468 29 0 1 3 3 5 5 10 10 12 13 14 17 18 21 24 25 32 32 34 35 39 41 42 43 43 44 44 45 48 0 139 161 162 187 206 226 335 435 459 495 563 565 609 633 636 644 686 754 761 792 800 890 892 909 920 935 967 975
70.7142857143 25.6493506494 29 0 3 4 7 8 16 17 23 24 25 26 27 28 29 30 30 33 35 36 36 38 39 39 39 40 42 46 46 47 0 101 170 203 213 228 263 266 271 310 328 363 411 473 520 550 562 619 647 651 652 733 756 763 839 845 853 924 940
36.4285714286 39.2857142857 29 0 2 4 4 5 8 8 8 10 15 15 18 19 24 28 28 32 32 33 35 35 36 37 38 41 44 45 48 48 0 168 213 336 347 351 372 426 503 514 524 534 577 582 615 629 645 646 666 682 741 788 840 851 862 947 966 973 996
35.7142857143 60.2272727273 29 0 2 6 7 8 9 9 9 9 11 13 14 23 23 26 27 29 29 37 38 38 41 43 43 44 46 47 48 48 0 123 184 208 228 255 266 292 308 413 422 430 438 453 484 512 562 588 659 691 734 745 785 827 848 889 901 988 998
49.6428571429 56.6558441558 29 0 1 2 3 5 8 9 9 12 13 13 13 19 21 22 25 25 27 29 29 30 32 33 33 34 40 47 49 49 0 102 137 169 180 227 281 286 297 363 402 445 457 481 628 632 635 676 676 689 758 802 816 831 833 872 911 912 981
60.1785714286 32.3051948052 29 0 5 7 9 9 10 13 16 16 17 21 22 23 24 24 24 27 28 30 31 33 33 34 34 35 37 37 38 47 0 0 223 277 298 301 366 397 399 420 435 500 500 508 513 523 558 560 589 641 671 683 781 782 818 832 905 928 994
38.5714285714 56.0064935065 29 0 0 2 3 4 4 4 5 7 11 12 12 23 25 27 32 33 39 40 40 41 41 41 42 44 44 44 49 49 0 0 125 126 134 146 151 256 262 298 323 356 358 362 401 407 425 464 483 558 616 765 788 823 824 826 861 866 990
65.5357142857 7.62987012987 29 0 0 2 3 7 7 10 13 14 14 14 15 15 16 18 22 24 24 32 33 35 36 36 38 39 40 41 47 47 0 124 165 210 266 386 412 420 423 427 465 524 551 605 635 681 695 723 728 764 823 836 868 877 882 887 901 905 938
21.4285714286 50.974025974 29 0 3 5 6 7 9 10 13 15 15 16 17 18 23 24 24 25 30 32 34 38 38 40 40 40 42 43 44 45 0 124 141 208 266 286 307 329 331 355 356 442 443 444 454 468 474 542 582 598 637 710 837 872 893 909 930 936 974
68.3928571429 78.2467532468 29 0 2 3 3 4 6 8 9 11 11 12 13 14 14 15 18 19 20 27 30 31 32 32 33 35 35 36 39 45 0 104 105 149 169 182 200 229 231 367 404 463 489 537 552 569 603 628 638 749 866 868 873 885 894 904 926 937 940
60.5357142857 91.8831168831 29 0 2 2 3 5 6 11 11 12 13 13 14 15 17 20 24 25 26 30 32 35 36 37 37 40 44 46 49 49 0 102 107 115 146 204 210 220 231 281 326 356 399 399 403 421 444 468 507 571 602 704 722 749 766 829 868 888 895
50.1785714286 63.1493506494 29 0 0 0 0 2 6 6 7 7 11 14 16 18 21 21 23 24 31 32 33 34 34 35 38 38 39 40 44 46 0 0 110 148 150 297 307 310 314 319 344 383 404 428 481 512 515 522 529 537 561 571 678 726 744 750 776 833 998
65.1785714286 24.1883116883 29 0 1 2 2 3 5 5 6 8 9 14 15 15 16 16 17 25 28 32 32 34 34 34 36 38 39 41 44 44 0 116 127 185 214 231 236 240 406 408 433 473 484 498 515 552 607 633 656 698 703 724 906 920 932 937 984 991 991
23.0357142857 53.0844155844 29 0 0 0 3 4 6 9 13 13 17 21 23 23 25 27 28 28 31 31 34 36 37 39 39 39 43 46 46 48 0 0 193 213 267 294 312 392 472 476 481 505 513 538 569 579 607 650 675 747 794 806 846 868 879 892 924 944 961
38.3928571429 55.0324675325 29 0 1 2 3 3 4 5 8 9 10 14 16 21 23 25 32 32 34 35 37 37 37 40 41 41 44 44 45 46 0 112 184 197 207 209 220 223 243 287 297 334 447 456 469 517 523 547 550 684 723 732 825 847 915 918 940 951 981
65.7142857143 51.461038961 29 0 0 2 5 5 6 8 9 11 12 14 14 17 17 17 19 20 22 25 28 37 37 38 40 41 44 48 48 49 0 0 123 153 156 196 224 249 277 284 342 343 367 409 437 470 480 515 533 563 568 580 632 688 736 763 844 887 961
53.9285714286 43.1818181818 29 0 3 3 4 4 4 6 8 12 15 18 19 21 22 27 28 28 30 33 33 34 34 35 42 43 43 46 46 49 0 101 107 109 113 138 164 196 211 227 373 457 516 519 557 633 694 732 733 780 804 854 914 914 941 943 971 972 996
43.9285714286 54.8701298701 29 0 2 2 4 5 6 9 9 11 15 16 17 17 22 23 25 26 28 28 31 32 37 39 41 42 43 44 45 47 0 0 159 213 262 263 282 295 305 318 327 407 429 480 485 538 556 560 577 614 625 626 626 658 720 762 853 877 927
52.1428571429 39.1233766234 29 0 0 1 1 3 3 8 9 10 11 11 14 15 25 25 26 26 27 28 31 32 34 34 35 36 37 39 42 44 0 114 140 152 157 166 178 211 212 226 263 265 271 333 343 353 398 443 472 496 515 520 526 685 903 925 946 951 972
73.5714285714 53.2467532468 29 0 0 0 0 1 3 4 6 8 8 15 15 18 19 19 20 20 21 26 31 32 32 36 37 38 39 40 41 41 0 105 171 215 257 276 293 411 449 470 483 489 505 506 606 617 699 740 755 767 794 799 819 845 854 855 877 883 961
45.7142857143 69.4805194805 29 0 1 2 2 6 6 7 7 8 10 11 14 15 20 21 24 25 25 26 26 27 29 35 36 36 36 44 47 48 0 111 135 211 243 244 289 299 300 343 363 444 447 498 502 552 563 569 610 633 662 667 722 727 733 733 893 956 973
61.4285714286 60.7142857143 29 0 1 2 2 3 3 3 5 7 10 12 13 21 22 23 24 25 31 33 34 35 37 38 40 42 42 43 46 48 0 110 201 222 262 275 277 283 307 324 329 332 384 412 444 652 659 684 689 696 815 825 842 854 870 893 906 924 943
53.2142857143 47.2402597403 29 0 0 0 3 3 9 10 10 12 12 21 23 24 26 26 26 27 27 28 30 36 36 36 38 39 43 44 45 48 0 131 143 179 203 225 341 354 374 397 481 483 501 524 524 592 629 657 663 759 766 775 804 905 927 948 955 972 973
40.7142857143 23.0519480519 29 0 0 5 6 7 7 10 16 17 17 19 24 25 27 29 31 31 33 33 35 35 38 38 39 40 40 45 47 49 0 130 132 145 175 201 232 246 257 260 292 360 424 429 467 483 503 515 571 578 692 694 754 829 905 922 947 955 974
28.2142857143 74.6753246753 29 0 3 9 11 11 11 11 12 13 15 15 15 17 19 19 23 23 24 27 29 31 33 35 35 36 36 39 44 47 0 110 166 183 200 214 233 269 293 312 407 424 457 458 466 519 565 575 654 678 707 793 802 828 885 908 916 951 961
61.9642857143 48.2142857143 29 0 6 13 13 15 15 16 18 19 20 21 25 29 29 30 31 33 34 34 35 38 38 39 40 40 43 44 46 49 0 106 112 134 143 150 183 270 285 306 309 321 357 373 399 434 450 459 479 488 493 526 533 717 723 764 832 834 884
79.1071428571 70.2922077922 29 0 0 1 2 7 10 10 10 11 13 13 16 18 18 18 23 33 34 38 39 39 39 39 39 42 42 44 45 49 0 132 168 218 252 252 258 314 338 351 357 430 460 493 512 600 602 645 653 685 714 725 730 746 793 795 844 853 937
63.9285714286 34.2532467532 29 0 9 13 14 16 17 17 18 19 19 19 20 21 27 28 31 33 35 36 38 41 41 42 43 46 48 48 49 49 0 149 164 175 187 220 276 283 317 318 331 444 454 502 524 539 595 613 613 628 661 712 722 731 771 854 861 896 942
71.6071428571 39.6103896104 29 0 0 1 3 11 12 12 14 14 16 18 18 25 26 31 32 33 35 38 39 40 41 42 42 42 47 48 48 49 0 0 194 221 239 300 319 325 352 356 368 449 523 547 552 576 687 723 729 736 754 797 816 819 904 961 962 971 982
51.25 75.0 29 0 0 0 1 2 7 10 10 15 15 19 19 22 25 27 30 32 33 33 33 35 36 37 39 40 44 45 45 48 0 0 119 137 161 184 184 226 255 269 282 346 396 446 453 472 493 503 567 595 631 662 755 777 834 860 884 918 950
71.7857142857 63.1493506494 29 0 0 2 2 6 8 12 14 16 20 23 24 24 26 26 27 29 31 33 33 35 35 38 38 41 44 44 47 48 0 163 201 225 236 236 243 247 278 422 457 462 489 503 617 666 701 727 750 769 805 867 881 889 914 929 938 958 973
35.7142857143 39.9350649351 29 0 2 2 2 5 6 10 10 11 12 19 21 22 23 24 25 26 29 30 33 34 34 35 35 37 41 46 47 48 0 104 129 155 158 203 292 331 341 348 351 357 359 406 417 438 504 546 617 647 663 727 738 783 848 851 851 896 994
45.8928571429 68.0194805195 29 0 3 3 4 4 9 11 16 17 22 22 24 26 29 32 33 33 36 36 38 38 40 42 42 44 46 47 48 49 0 136 164 240 271 343 404 414 446 456 498 503 519 527 562 568 580 592 640 666 674 734 738 742 761 912 915 930 944
18.2142857143 61.6883116883 29 0 1 2 3 7 7 10 11 13 14 15 16 16 18 19 21 22 22 24 27 29 29 31 32 33 35 41 47 47 0 0 134 214 231 251 257 261 272 305 331 344 366 450 464 560 563 668 758 785 789 789 820 846 853 896 910 956 965
58.9285714286 44.8051948052 29 0 1 3 4 9 12 15 16 19 20 20 23 23 23 26 27 27 28 30 30 33 37 38 40 41 44 44 46 48 0 125 136 210 212 251 271 278 300 310 332 366 371 374 411 443 456 520 642 650 669 684 727 794 801 883 896 954 972
59.8214285714 63.961038961 29 0 2 2 2 3 4 4 5 5 6 8 10 11 13 14 17 19 26 30 31 31 32 36 37 37 42 43 46 47 0 110 117 130 159 223 229 267 334 344 354 367 369 407 455 461 549 590 614 662 724 743 816 840 843 885 924 975 990
17.5 35.2272727273 29 0 0 2 5 6 7 10 15 20 24 24 26 27 28 30 30 31 33 34 36 36 37 39 41 45 46 47 48 48 0 118 144 196 271 274 299 300 368 372 490 507 553 605 626 637 642 687 719 728 798 829 831 848 881 912 913 926 929
61.0714285714 76.9480519481 29 0 0 1 6 6 9 9 11 11 13 14 16 16 23 26 26 30 33 33 35 37 40 40 42 43 43 48 48 49 0 153 179 197 239 267 279 294 300 315 318 395 486 524 542 593 597 632 638 650 657 691 697 774 837 848 852 948 980
51.6071428571 44.1558441558 29 0 0 1 1 4 4 12 13 13 14 14 15 15 15 16 16 19 19 20 20 23 25 27 29 32 32 33 37 41 0 166 178 183 245 246 249 305 354 377 431 452 486 512 546 568 575 582 655 665 694 749 768 809 826 828 864 944 963
57.3214285714 50.8116883117 29 0 1 3 5 7 10 11 13 15 19 20 20 22 22 22 22 24 24 26 28 28 29 34 37 38 40 41 42 46 0 103 242 306 326 349 388 437 492 537 540 544 559 572 606 614 626 646 685 707 789 826 852 871 887 902 942 964 986
41.0714285714 62.1753246753 29 0 1 2 6 7 7 9 10 10 11 15 18 18 19 20 20 22 23 24 31 36 37 38 39 41 42 43 44 44 0 107 121 154 187 202 317 386 410 437 456 466 471 543 553 583 598 601 638 764 778 831 833 834 835 838 852 859 914
70.0 57.6298701299 29 0 0 0 1 3 4 14 15 17 20 20 21 24 26 26 30 32 34 34 37 42 42 43 43 44 45 46 48 49 0 105 234 241 303 325 380 434 440 451 526 549 564 565 585 602 606 614 637 639 683 695 844 849 856 900 980 991 996
52.8571428571 38.1493506494 29 0 1 3 6 11 13 15 16 16 17 19 19 22 24 26 28 29 31 32 33 33 33 35 36 36 39 43 46 47 0 126 164 172 207 212 216 345 360 366 366 382 385 396 416 426 427 537 617 631 693 702 809 814 837 873 878 906 962
47.1428571429 50.0 29 0 2 2 6 11 13 16 17 18 19 19 19 24 27 29 32 32 33 34 35 35 36 42 42 42 43 44 45 49 0 133 164 166 183 205 277 282 305 318 325 375 389 463 505 543 600 641 698 712 732 757 787 811 834 837 855 889 914
48.9285714286 49.1883116883 29 0 1 2 3 4 7 7 8 10 13 14 16 18 23 24 25 26 27 29 29 30 30 31 32 32 33 37 41 45 0 106 108 137 169 214 224 263 265 275 321 361 429 519 520 561 563 594 629 635 652 656 735 753 771 804 805 815 817
57.1428571429 42.8571428571 29 0 0 0 1 4 7 8 9 9 16 16 16 20 20 21 25 25 26 29 29 30 32 35 37 38 40 41 44 45 0 0 123 142 147 158 166 233 245 249 250 335 342 374 390 418 432 450 493 550 572 694 760 775 795 844 881 891 926
77.6785714286 74.025974026 29 0 1 3 4 5 8 10 13 14 14 14 16 19 23 23 23 23 24 25 26 27 33 38 39 40 43 44 45 46 0 0 105 176 289 349 389 525 605 619 619 641 651 694 714 730 760 763 775 794 824 847 849 852 895 944 948 967 996
58.75 63.474025974 29 0 0 2 3 4 11 12 13 14 14 16 18 21 21 21 22 22 22 26 27 30 40 42 42 44 45 46 48 49 0 125 132 136 144 225 229 292 334 345 356 363 376 435 596 606 651 688 712 751 784 786 818 857 859 878 884 905 997
81.6071428571 66.3961038961 29 0 0 1 2 11 12 16 17 18 25 27 30 34 35 35 35 36 36 36 37 38 39 41 43 43 45 48 49 49 0 123 124 177 196 199 230 252 273 274 274 348 363 384 411 421 447 466 573 598 642 651 701 808 826 856 858 902 955
45.8928571429 72.0779220779 29 0 0 1 2 6 8 9 12 13 14 16 16 19 19 20 21 22 23 23 24 28 36 37 39 40 42 44 45 47 0 0 185 202 220 228 234 256 294 338 383 394 408 471 484 493 496 502 546 579 677 696 742 743 754 813 971 985 991
87.3214285714 63.3116883117 29 0 0 2 4 4 9 11 15 15 18 20 21 24 26 27 27 28 29 29 34 35 35 36 36 41 42 46 47 47 0 117 126 139 179 180 186 251 252 283 296 325 407 487 607 616 630 648 686 693 708 718 804 826 862 897 925 976 996
98.9285714286 46.9155844156 29 0 0 1 4 5 8 10 10 16 18 20 21 22 22 25 25 27 27 29 30 30 30 31 32 34 41 42 44 47 0 102 172 215 238 243 257 281 344 365 388 388 420 517 528 616 616 620 668 670 671 677 682 711 767 772 815 816 960
44.6428571429 35.5519480519 29 0 1 1 4 5 7 8 11 11 12 14 16 17 20 25 26 27 29 29 30 32 35 38 40 43 45 47 49 49 0 147 189 342 347 352 378 379 391 394 418 428 429 448 460 556 588 596 601 602 610 685 741 851 858 862 872 988 999
38.2142857143 64.1233766234 29 0 0 2 3 4 5 5 9 12 12 14 14 15 16 17 18 25 26 31 31 32 40 42 44 44 45 48 48 49 0 160 212 234 306 307 318 327 343 363 366 383 388 428 467 468 497 526 539 547 567 572 599 609 743 762 782 798 979
91.6071428571 61.8506493506 29 0 3 4 4 12 14 15 15 17 18 19 24 24 25 25 30 31 32 34 34 35 38 38 41 42 43 47 47 48 0 0 103 172 177 194 206 210 228 247 253 265 284 321 502 601 686 747 767 789 803 837 900 905 911 968 986 992 996
55.3571428571 33.6038961039 29 0 0 0 1 3 4 6 6 9 9 10 11 14 21 28 28 29 30 33 33 34 35 35 37 39 40 41 42 43 0 0 100 138 142 173 186 204 207 336 339 389 463 473 497 515 588 678 714 720 728 789 797 816 843 940 964 977 987
30.5357142857 54.8701298701 29 0 7 8 9 12 14 17 20 22 25 25 26 29 30 30 30 33 34 37 38 38 43 43 43 44 45 47 48 49 0 148 172 186 190 207 265 266 271 336 412 444 476 487 496 582 588 616 664 697 792 822 843 853 881 893 904 972 987
42.8571428571 38.474025974 29 0 0 1 1 5 5 6 7 8 10 11 12 12 15 16 17 20 22 25 26 30 31 38 40 43 44 48 49 49 0 158 209 217 244 285 362 393 395 415 419 441 489 525 548 617 663 678 678 709 722 728 759 816 846 851 877 937 995
36.6071428571 23.7012987013 29 0 2 4 5 6 6 8 10 10 11 12 13 15 16 19 22 23 24 25 26 33 39 39 40 40 43 43 45 48 0 141 156 160 182 182 239 250 270 272 278 287 291 332 370 387 428 430 478 488 564 634 666 680 835 909 950 969 991
84.2857142857 64.2857142857 29 0 0 0 1 4 5 6 9 9 9 10 10 13 16 17 18 19 19 23 23 26 26 27 30 32 35 39 39 40 0 137 140 209 217 254 282 314 316 319 346 348 355 388 509 548 574 575 589 644 663 766 773 787 811 870 871 939 981
48.2142857143 51.461038961 29 0 6 9 9 12 13 14 15 20 20 20 20 22 23 27 28 28 29 29 31 33 34 35 35 37 41 41 42 49 0 0 125 178 270 278 299 350 417 425 428 452 467 469 488 582 595 608 616 638 649 653 670 701 704 725 809 816 939
73.2142857143 45.2922077922 29 0 4 5 5 8 9 9 9 9 11 17 17 18 21 22 23 25 25 28 30 32 36 37 38 40 41 41 49 49 0 111 125 125 151 237 277 295 317 320 331 381 387 439 481 508 551 575 611 615 716 780 801 812 871 929 942 942 954
90.5357142857 28.7337662338 29 0 3 5 5 7 9 11 13 15 18 20 22 24 25 29 30 33 34 36 37 41 42 44 45 46 46 48 49 49 0 0 124 126 164 212 236 301 364 374 381 414 430 457 462 504 509 536 543 648 656 738 744 773 820 839 849 860 959
25.8928571429 74.8376623377 29 0 5 8 11 11 11 13 15 15 17 18 21 24 24 25 28 29 31 32 35 36 39 39 42 44 47 47 47 49 0 167 178 214 234 275 290 299 342 404 408 408 475 522 533 559 560 589 630 684 709 755 759 800 808 822 870 896 993
60.8928571429 44.9675324675 29 0 1 1 2 4 4 5 7 10 10 20 21 21 23 24 25 27 27 28 32 33 33 37 40 42 45 47 48 49 0 0 126 157 177 196 224 265 311 433 473 551 569 575 579 607 692 708 726 767 794 809 811 815 859 907 923 924 936
41.0714285714 52.2727272727 29 0 0 1 3 3 5 7 14 14 16 17 19 22 25 26 29 31 31 36 37 38 38 39 40 40 43 45 46 47 0 105 121 133 157 208 314 330 366 384 392 473 480 480 540 579 631 668 681 683 720 743 744 816 828 861 877 940 945
85.1785714286 0.0 29 0 0 1 5 7 11 13 15 18 20 20 23 23 26 27 27 28 35 36 38 38 39 41 42 42 46 47 48 49 0 120 128 150 274 304 406 436 458 478 492 505 561 570 621 626 654 659 660 799 811 828 893 898 913 928 958 976 986
29.6428571429 58.9285714286 29 0 6 9 10 10 12 16 20 24 25 26 27 27 27 27 28 29 34 35 35 35 36 36 38 41 44 45 46 47 0 195 207 218 274 288 307 332 383 399 406 429 439 448 554 557 566 613 651 664 717 718 769 791 813 841 878 920 931
59.4642857143 47.0779220779 29 0 0 1 6 9 10 11 12 13 13 16 17 17 17 25 25 27 27 28 29 30 35 35 36 37 38 39 43 49 0 118 154 187 194 203 211 213 221 316 355 363 404 422 451 457 605 614 638 656 726 745 765 779 804 910 930 951 988
57.8571428571 52.7597402597 29 0 2 2 7 7 9 11 17 18 20 24 26 26 26 27 28 31 31 32 32 34 34 42 44 46 46 47 47 48 0 0 105 223 235 258 294 316 325 353 469 505 516 563 601 660 690 700 710 731 743 791 850 894 910 913 939 949 965
58.0357142857 58.7662337662 29 0 2 8 11 11 12 12 13 16 16 17 18 20 22 23 24 27 28 31 35 35 35 36 36 37 37 37 48 49 0 110 124 126 127 183 228 246 271 278 292 431 461 500 532 547 556 617 631 664 693 697 718 806 838 892 900 936 967
26.9642857143 56.6558441558 29 0 1 1 7 10 10 12 12 12 14 17 18 19 20 21 24 25 25 27 28 29 29 34 36 39 41 43 47 48 0 0 126 154 180 258 292 319 379 381 462 487 527 542 550 599 637 640 666 719 720 752 755 793 832 879 892 948 953
40.3571428571 38.474025974 29 0 0 1 2 2 4 5 7 9 10 13 17 19 19 21 22 23 24 24 25 28 30 36 37 38 40 42 43 44 0 0 108 113 120 259 260 343 353 366 421 446 462 464 504 530 609 666 703 724 767 819 859 866 894 933 966 970 984
48.5714285714 42.6948051948 29 0 2 4 6 7 10 13 16 16 17 17 20 20 30 30 31 31 31 34 36 37 38 39 40 41 42 46 48 48 0 207 222 236 260 285 330 354 384 384 396 419 455 542 620 627 630 706 740 807 830 874 903 907 909 919 939 979 986
48.3928571429 54.2207792208 29 0 1 3 3 4 8 13 13 14 17 18 20 22 22 23 23 26 27 28 29 30 31 32 37 37 42 45 45 48 0 115 170 220 236 266 356 378 379 403 530 537 579 609 670 700 701 713 757 783 821 834 862 907 914 914 919 981 981
52.3214285714 62.1753246753 29 0 0 1 2 2 4 6 8 10 10 13 14 15 19 21 22 24 26 27 30 31 31 35 41 43 43 43 45 46 0 111 179 190 196 211 218 221 236 315 323 359 371 486 492 520 569 574 628 654 684 726 776 891 903 931 938 949 981
71.6071428571 100.0 29 0 0 6 9 14 15 15 15 16 20 20 22 26 28 29 30 31 34 36 39 39 39 41 41 42 47 47 47 47 0 110 119 124 177 179 207 226 302 330 365 367 418 452 469 526 556 580 629 631 683 691 747 784 787 892 925 964 965
58.75 73.8636363636 29 0 1 2 9 10 12 14 22 22 23 23 25 25 27 27 27 28 30 31 32 33 34 34 42 43 44 46 46 48 0 0 108 110 113 119 150 183 193 219 243 284 325 345 446 464 509 542 562 654 757 787 896 921 925 928 941 948 953
85.7142857143 56.9805194805 29 0 0 3 5 7 10 11 15 16 16 17 21 22 26 32 33 34 35 36 37 38 38 39 39 40 42 44 46 49 0 0 117 169 174 240 255 279 389 392 408 418 434 455 533 609 698 714 765 808 821 865 904 916 919 931 949 950 967
58.5714285714 60.0649350649 29 0 0 2 5 7 10 14 15 16 16 17 20 20 20 24 27 29 35 38 39 39 39 40 41 42 42 46 49 49 0 0 184 202 233 269 282 357 372 442 460 473 579 580 594 603 611 693 724 733 738 740 742 806 846 915 925 953 981
48.3928571429 38.3116883117 29 0 7 9 9 10 13 14 17 20 22 24 25 26 27 28 29 30 31 31 33 38 40 42 42 42 42 43 47 48 0 114 183 211 279 284 292 349 383 398 415 495 522 530 565 570 614 652 654 662 710 730 793 848 880 935 937 951 985
71.9642857143 72.0779220779 29 0 1 2 2 4 8 8 9 17 18 18 18 18 21 23 26 27 27 32 34 35 35 38 39 40 40 41 43 47 0 166 179 209 241 247 292 303 313 313 318 330 366 376 445 478 496 524 657 726 756 765 828 844 876 930 934 966 992
60.0 39.9350649351 29 0 0 5 7 10 16 16 20 20 20 23 26 26 27 27 28 28 30 31 32 33 35 41 41 42 43 48 48 48 0 0 107 158 166 177 180 208 245 255 301 302 368 396 415 498 511 516 568 609 637 661 755 815 844 856 862 884 975
68.2142857143 26.7857142857 29 0 1 3 4 4 4 4 6 8 9 9 10 17 19 23 23 28 30 31 33 34 34 38 41 44 45 45 47 48 0 0 110 161 186 243 254 254 326 326 368 389 391 429 496 500 634 658 663 672 675 750 751 770 771 860 879 937 947
47.6785714286 41.5584415584 29 0 8 10 14 14 15 16 22 24 26 28 28 28 29 32 32 36 38 38 38 40 40 42 43 43 45 46 47 48 0 102 109 183 191 223 228 228 232 236 245 312 365 389 409 433 458 515 673 684 701 740 780 833 865 919 924 949 960
66.7857142857 38.7987012987 29 0 0 4 6 6 6 6 7 10 10 13 14 16 17 17 19 20 20 21 21 24 26 29 30 35 44 46 48 49 0 101 120 154 182 191 193 196 215 265 271 276 302 312 418 426 429 442 492 534 558 584 715 719 719 755 792 832 873
46.7857142857 15.9090909091 29 0 1 3 7 7 8 15 17 17 18 19 21 23 24 27 27 31 33 35 37 38 39 40 41 43 44 45 45 49 0 119 246 260 315 316 358 399 448 468 495 504 512 569 601 641 651 669 672 674 684 712 801 804 805 806 833 869 991
47.1428571429 36.8506493506 29 0 0 1 6 10 12 14 15 16 18 20 22 25 26 27 28 33 33 35 37 37 38 41 41 42 43 44 47 48 0 155 155 223 260 262 339 341 398 465 469 471 488 520 559 605 638 652 668 676 790 805 805 864 890 896 901 925 979
45.0 32.3051948052 29 0 2 4 6 6 13 18 20 22 23 27 28 29 29 29 31 33 33 35 35 35 40 40 41 41 41 47 48 49 0 155 164 193 221 271 316 317 418 436 440 449 488 490 534 556 557 578 612 624 659 688 739 772 895 924 953 956 968
66.4285714286 65.7467532468 29 0 0 0 1 4 5 5 6 8 8 14 14 15 16 16 21 26 27 28 33 34 34 39 40 42 44 45 46 46 0 135 196 246 265 280 328 354 411 413 428 447 471 487 493 556 581 595 663 694 768 820 904 906 914 914 973 980 998
79.1071428571 58.4415584416 29 0 0 5 6 11 16 20 22 22 27 28 28 30 30 31 34 34 35 35 39 39 39 41 44 46 47 47 48 49 0 0 150 177 208 235 253 258 384 385 386 417 417 457 533 535 552 584 649 671 775 794 834 841 847 854 878 882 959
93.75 36.8506493506 29 0 1 1 2 2 3 5 8 13 14 15 16 17 18 19 19 20 22 23 24 26 27 28 30 34 41 41 44 46 0 112 178 200 234 252 255 312 329 369 421 445 460 460 537 626 738 782 807 817 839 859 910 911 922 929 931 933 943
37.1428571429 50.487012987 29 0 2 2 4 4 6 10 14 14 16 16 17 18 19 21 21 25 29 33 33 34 34 35 37 39 44 46 49 49 0 139 215 218 244 316 366 453 466 471 477 507 568 580 610 629 639 650 685 712 741 766 774 806 844 867 918 984 988
71.25 58.6038961039 29 0 1 2 3 11 11 12 12 13 14 15 18 19 20 20 21 23 31 33 34 35 36 38 39 41 42 43 46 49 0 109 148 159 182 218 359 449 458 507 521 535 552 556 563 564 611 619 663 689 771 781 794 844 882 918 920 930 940
34.2857142857 45.7792207792 29 0 0 1 2 8 9 10 12 12 17 19 22 23 25 25 25 26 27 36 36 37 37 39 39 42 42 44 47 49 0 107 131 256 273 311 347 350 376 378 445 458 481 502 508 541 543 547 560 584 600 600 661 685 705 763 888 927 957
72.8571428571 45.4545454545 29 0 5 6 7 10 11 11 13 15 15 17 18 18 18 19 21 23 27 28 28 28 30 32 33 33 36 38 45 46 0 115 161 239 242 285 307 310 313 317 339 350 380 404 435 550 615 639 645 702 715 759 782 788 807 909 920 933 978
51.7857142857 56.8181818182 29 0 3 5 5 8 8 13 15 17 19 19 19 21 27 31 33 33 34 35 35 36 37 43 46 46 46 48 49 49 0 104 123 163 167 220 344 375 459 484 520 563 587 599 604 636 711 731 760 772 805 805 886 921 938 944 964 981 987
25.1785714286 26.2987012987 29 0 0 1 2 3 8 12 14 17 17 18 29 32 32 32 35 35 36 37 37 38 39 40 44 45 45 47 47 49 0 131 195 201 217 248 268 268 336 343 397 399 407 452 470 471 505 544 598 608 645 670 670 696 722 747 814 838 961
48.75 51.6233766234 29 0 4 4 8 8 8 9 11 12 14 16 17 20 21 21 23 24 26 27 27 28 30 31 33 40 41 46 47 49 0 160 168 187 199 232 245 252 312 426 455 535 541 582 585 609 638 670 680 701 769 773 836 868 883 906 908 961 982
47.1428571429 53.4090909091 29 0 0 0 7 8 8 10 11 13 14 15 17 22 23 23 27 28 28 29 32 33 33 34 37 37 38 39 44 48 0 0 143 157 194 241 244 248 299 321 324 355 393 408 441 443 481 517 535 545 651 685 708 715 802 892 966 986 988
21.9642857143 63.474025974 29 0 5 6 6 7 8 10 10 11 12 13 13 14 15 15 20 21 23 23 25 30 30 32 34 35 40 41 44 45 0 0 105 117 135 151 173 190 236 256 257 285 286 288 293 310 329 341 414 426 586 628 715 805 870 890 983 995 999
59.6428571429 78.5714285714 29 0 0 0 3 3 4 7 10 18 18 18 19 23 23 25 25 26 32 32 35 36 37 38 40 42 43 46 47 47 0 0 105 115 164 176 207 218 226 296 319 322 402 418 446 449 476 478 481 499 525 655 660 675 688 859 864 927 975
61.25 45.4545454545 29 0 0 0 2 2 6 6 12 13 14 14 16 16 20 20 27 30 31 32 32 33 38 38 40 42 42 42 47 47 0 142 162 164 220 236 256 293 309 357 385 462 476 540 561 619 652 677 730 767 801 842 869 903 907 929 940 950 963
50.3571428571 51.9480519481 29 0 2 6 7 12 13 13 13 14 15 22 26 26 31 31 32 32 33 36 37 37 38 40 43 46 48 48 49 49 0 123 235 256 273 356 359 378 475 487 498 553 570 574 584 647 673 692 719 752 791 818 822 856 857 893 894 931 992
74.2857142857 46.4285714286 29 0 0 1 3 4 7 8 10 19 23 24 25 28 28 30 30 31 31 33 33 34 35 36 38 40 42 47 48 48 0 0 115 130 162 164 207 209 240 241 241 250 277 339 366 390 458 494 523 547 571 588 634 663 719 722 831 914 969
61.7857142857 33.6038961039 29 0 1 1 2 2 3 4 4 6 8 12 15 19 20 21 21 24 25 27 27 28 29 31 32 33 37 46 46 48 0 102 178 259 319 341 384 395 407 445 458 475 477 494 518 531 544 559 639 709 722 730 739 761 820 824 846 897 974
21.9642857143 46.2662337662 29 0 4 5 5 7 8 9 10 16 17 18 20 22 25 28 29 29 29 31 33 34 37 37 44 47 47 47 48 49 0 0 114 129 131 151 190 205 273 297 378 406 434 537 559 601 607 681 695 709 737 762 803 805 806 911 944 967 971
51.0714285714 31.1688311688 29 0 0 0 1 3 4 9 12 12 14 14 16 16 19 19 20 24 28 30 31 32 38 40 41 41 42 44 47 49 0 113 153 156 162 179 192 196 223 223 277 299 338 360 370 389 448 541 574 597 631 650 697 698 804 823 841 904 916
40.8928571429 13.3116883117 29 0 1 3 3 4 5 6 6 8 10 11 12 12 15 15 16 16 17 18 19 22 28 28 29 37 45 46 46 46 0 126 219 271 331 341 357 377 417 428 443 507 583 591 609 618 653 667 682 696 789 800 819 862 912 912 948 966 972
64.4642857143 54.2207792208 29 0 0 0 1 3 3 12 12 12 13 21 25 27 28 29 30 35 35 35 35 37 39 39 39 40 42 44 47 49 0 117 141 213 222 242 265 304 314 317 320 332 401 432 449 449 450 478 546 549 561 564 571 611 750 830 838 948 949
65.3571428571 46.5909090909 29 0 1 2 5 8 9 9 10 11 11 11 15 20 21 21 21 23 28 28 30 34 35 35 37 38 38 38 45 49 0 123 150 169 176 200 201 206 215 272 273 303 413 464 513 580 588 597 691 698 704 773 812 817 888 908 938 944 947
24.8214285714 50.3246753247 29 0 2 2 3 4 4 4 7 9 12 12 13 16 23 24 25 27 28 32 33 34 34 34 37 38 40 41 42 45 0 114 208 220 221 244 280 305 311 406 428 442 491 523 529 557 558 634 697 729 773 779 834 837 852 895 905 961 984
73.9285714286 54.8701298701 29 0 2 3 6 7 7 10 11 11 13 15 15 16 18 29 30 35 36 36 42 43 43 44 44 45 46 47 48 48 0 0 172 177 197 266 326 394 402 411 428 445 471 524 551 573 598 606 606 815 820 851 859 873 916 929 955 984 989
70.1785714286 21.4285714286 29 0 0 0 1 11 12 13 13 17 19 19 22 22 23 25 26 30 32 32 37 38 39 40 41 43 44 45 47 49 0 102 138 155 210 256 302 332 343 388 406 423 426 432 451 532 543 620 637 681 696 761 811 846 859 892 911 914 967
33.9285714286 26.9480519481 29 0 0 0 1 2 3 5 9 11 14 15 18 19 19 19 26 28 29 30 30 36 38 39 40 42 45 48 49 49 0 110 143 166 186 204 221 239 262 411 467 572 581 627 636 649 676 714 714 750 783 786 787 825 851 877 911 931 955
76.4285714286 36.6883116883 29 0 2 3 5 7 7 10 12 12 14 18 19 23 24 31 31 31 32 36 36 37 38 43 45 45 46 46 46 48 0 127 131 149 149 198 220 233 268 290 336 360 365 381 410 438 464 482 490 564 588 652 750 757 877 894 904 922 940
49.4642857143 45.2922077922 29 0 4 6 8 8 10 10 11 11 12 12 17 18 22 22 23 23 26 26 27 29 29 30 31 31 33 35 42 44 0 125 132 148 177 205 213 220 221 223 273 341 383 429 460 462 484 507 508 564 602 611 619 782 788 832 883 982 987
49.2857142857 66.2337662338 29 0 0 1 3 7 8 10 10 13 13 14 15 15 18 18 22 25 26 27 31 33 35 37 39 40 42 43 43 44 0 136 168 179 180 206 280 294 324 324 342 345 384 399 443 444 546 588 605 648 659 796 838 855 911 921 950 955 967
35.8928571429 44.8051948052 29 0 1 4 4 9 10 11 11 17 18 19 22 24 25 28 29 31 31 35 40 41 43 43 44 45 46 47 48 49 0 110 127 130 137 171 188 205 291 296 309 407 460 490 533 570 669 669 686 687 701 716 817 858 867 867 888 976 979
62.5 77.4350649351 29 0 1 4 7 10 14 15 15 15 16 19 22 22 24 25 27 32 32 33 34 35 36 41 43 43 45 46 47 49 0 105 141 148 178 220 251 278 350 375 402 409 424 462 519 655 738 738 742 774 819 852 865 884 923 935 944 979 998
46.4285714286 54.7077922078 29 0 2 2 7 8 10 11 11 14 14 15 15 15 22 22 22 23 23 27 30 31 34 37 38 38 41 47 48 48 0 110 181 247 263 272 293 326 384 487 497 545 547 558 662 713 723 751 768 827 856 865 897 923 924 965 976 977 979
55.3571428571 26.9480519481 29 0 0 1 1 3 3 5 5 7 8 8 9 21 23 25 28 32 37 38 40 40 42 43 43 43 44 45 48 48 0 0 112 164 167 181 226 239 243 267 348 350 378 446 497 538 538 565 615 628 653 680 764 783 834 921 939 956 977
78.5714285714 56.9805194805 29 0 0 0 1 2 10 10 18 19 20 20 21 21 26 27 29 30 32 35 35 38 38 41 43 45 45 47 47 49 0 153 190 266 289 313 340 344 389 395 419 420 427 429 464 470 473 570 614 617 624 644 770 789 885 893 896 944 992
65.7142857143 43.8311688312 29 0 3 5 5 5 12 13 15 17 17 18 20 23 24 25 29 29 29 34 36 36 37 38 39 45 48 48 49 49 0 0 112 144 148 178 183 199 215 249 263 321 335 341 357 381 448 470 475 479 484 660 662 756 789 791 824 834 955
55.3571428571 72.8896103896 29 0 3 5 6 6 9 11 12 13 15 20 21 21 22 23 25 25 28 30 30 30 35 35 37 40 41 42 46 48 0 201 213 273 294 313 316 366 375 403 434 436 497 532 539 570 598 632 664 669 724 757 790 844 880 912 923 929 969
50.0 41.2337662338 29 0 4 4 5 7 10 11 11 12 14 15 15 15 16 18 19 20 20 22 25 28 31 31 33 34 35 37 39 43 0 174 191 217 232 237 241 330 365 389 493 510 510 520 525 535 556 561 592 627 668 675 786 802 834 847 922 941 989
56.6071428571 74.512987013 29 0 3 3 4 6 11 12 13 15 16 16 17 19 21 21 21 23 24 27 28 29 32 33 37 39 39 41 42 47 0 130 169 179 221 240 279 328 335 382 397 433 503 508 520 543 604 628 630 641 665 737 792 795 910 925 931 958 978
32.3214285714 73.0519480519 29 0 2 3 6 8 10 10 12 15 17 21 22 22 23 25 26 26 27 29 30 30 33 35 35 37 43 47 48 49 0 109 130 136 142 341 365 387 392 426 439 469 485 559 603 614 619 625 652 674 675 679 692 772 913 921 950 953 954
79.4642857143 29.5454545455 29 0 1 3 5 6 8 9 9 10 10 14 17 17 21 22 22 26 26 28 30 34 35 36 42 44 45 46 48 49 0 0 147 168 182 218 220 221 242 255 304 338 388 407 471 484 513 597 648 685 705 789 850 902 947 949 962 963 969
48.2142857143 53.7337662338 29 0 0 2 3 3 6 8 8 11 13 15 16 19 22 24 27 27 28 28 29 30 33 33 36 41 44 46 47 49 0 123 135 193 248 251 275 303 328 391 419 431 438 538 575 615 631 661 662 665 711 713 748 786 791 800 844 875 889
55.3571428571 68.0194805195 29 0 1 2 5 5 5 6 11 14 15 16 24 25 26 28 29 31 32 32 34 36 40 40 43 46 47 48 49 49 0 0 111 195 198 206 229 233 251 253 340 350 385 393 425 475 475 504 543 561 569 578 698 792 815 868 899 928 962
56.9642857143 60.2272727273 29 0 3 3 5 10 11 12 13 19 20 20 23 26 29 30 31 32 32 37 38 38 41 42 43 43 46 46 46 47 0 0 115 119 134 147 255 288 366 375 398 403 407 440 546 556 591 645 652 660 730 841 870 888 908 929 967 971 989
73.75 14.1233766234 29 0 4 4 12 12 12 13 15 15 16 19 21 22 28 28 29 34 35 37 37 39 41 43 44 44 47 48 48 48 0 0 120 276 341 356 362 363 366 384 386 414 428 452 536 593 606 647 682 685 693 740 768 811 839 881 889 893 974
33.3928571429 46.1038961039 29 0 3 6 7 8 11 11 11 15 19 23 25 26 28 28 31 32 32 33 34 35 36 37 40 40 44 44 45 48 0 101 128 130 138 140 161 171 212 242 271 312 326 345 349 436 485 576 592 657 700 735 811 827 854 867 879 915 930
86.0714285714 66.7207792208 29 0 0 3 8 9 10 11 11 12 13 14 15 16 18 18 18 19 25 26 27 30 30 35 36 38 39 39 40 49 0 0 111 128 133 161 191 191 204 253 298 300 376 433 459 548 570 670 674 738 742 744 755 788 793 805 857 897 959
28.5714285714 53.2467532468 29 0 0 5 6 8 15 17 17 20 22 25 26 26 26 27 29 30 34 35 35 39 39 42 42 43 43 45 47 49 0 114 139 141 166 180 294 320 321 323 450 522 560 623 664 665 680 760 763 802 806 808 818 851 870 901 909 920 958
50.7142857143 39.2857142857 29 0 4 5 6 8 9 10 10 11 13 14 19 20 24 24 25 26 28 29 32 34 36 36 38 41 43 44 47 49 0 0 112 181 212 288 312 318 434 441 480 511 515 536 607 644 653 681 728 734 736 812 825 859 862 873 923 980 987
71.25 54.2207792208 29 0 0 1 2 5 5 8 8 9 10 11 12 14 17 19 21 24 26 26 28 32 36 38 43 45 46 47 48 49 0 103 134 139 200 215 237 328 383 434 444 480 480 488 511 530 562 576 650 752 764 819 861 877 893 904 914 915 923
52.1428571429 41.8831168831 29 0 1 1 3 4 5 6 8 13 16 16 18 18 19 20 21 23 23 31 33 33 35 36 38 39 41 45 46 48 0 133 140 141 180 210 230 257 308 313 401 462 468 478 507 510 643 651 665 721 757 777 785 823 843 855 864 888 965
74.1071428571 72.0779220779 29 0 2 2 7 12 12 13 15 16 16 18 19 22 22 24 25 26 32 33 34 38 40 41 43 44 44 49 49 49 0 256 262 313 318 365 444 451 459 476 611 633 637 669 692 713 747 760 766 809 841 844 850 856 890 929 981 985 994
60.5357142857 43.1818181818 29 0 1 2 4 5 8 8 9 9 13 17 19 19 24 24 24 26 32 32 35 36 41 41 42 42 44 47 48 48 0 103 109 115 124 130 182 226 245 250 263 273 278 299 331 367 415 560 603 702 708 717 760 789 798 902 942 964 990
54.4642857143 69.4805194805 29 0 3 3 5 12 13 13 14 15 16 16 20 23 24 25 28 33 34 35 40 41 42 43 44 45 47 47 48 49 0 113 198 219 257 344 348 352 357 418 465 487 489 491 502 519 556 584 658 667 677 770 797 807 807 833 835 851 953
30.7142857143 61.2012987013 29 0 1 3 4 5 7 12 14 17 20 20 21 22 23 24 24 25 34 35 39 42 43 44 44 47 48 48 49 49 0 132 153 210 256 290 311 330 350 352 378 446 472 495 560 573 680 681 754 774 794 817 846 888 917 924 927 979 996
79.6428571429 70.7792207792 29 0 0 0 0 1 1 4 4 5 5 6 9 9 11 12 13 16 18 19 22 23 25 28 30 30 30 34 38 48 0 131 145 182 201 208 209 238 243 256 319 320 326 328 396 484 502 507 528 537 554 615 620 699 765 857 888 891 977
48.75 30.8441558442 29 0 1 3 4 6 7 11 11 11 15 19 21 23 24 26 26 28 29 30 33 38 38 39 40 42 42 46 48 49 0 186 194 203 209 336 377 387 427 471 505 531 559 585 753 759 768 810 844 864 870 889 935 936 948 951 982 995 998
48.3928571429 41.8831168831 29 0 1 2 2 4 6 7 7 8 15 18 19 22 24 24 30 35 36 37 38 39 40 40 43 44 46 47 47 49 0 104 125 172 222 225 254 290 319 442 453 474 490 548 615 646 697 701 757 785 836 852 872 873 884 895 945 950 971
0.0 40.5844155844 29 0 0 3 3 5 9 10 12 12 13 13 17 18 20 22 23 23 23 24 26 30 31 35 37 37 37 43 45 49 0 121 149 157 231 319 327 335 345 382 446 448 502 699 712 725 769 793 847 855 864 893 896 930 934 961 962 964 985
61.9642857143 56.0064935065 29 0 0 2 3 3 3 5 7 12 13 19 21 23 24 27 30 30 32 35 35 36 37 37 39 44 44 45 46 49 0 103 123 149 174 204 212 234 271 272 274 307 377 417 435 458 518 556 575 584 703 768 785 804 874 879 937 969 986
83.75 39.4480519481 29 0 1 1 3 5 6 7 9 12 13 15 15 16 17 19 22 23 27 30 32 32 32 33 36 37 38 43 48 49 0 0 103 117 157 188 281 330 379 380 418 423 429 443 474 538 544 554 585 590 645 698 704 750 796 855 876 878 985
36.4285714286 53.4090909091 29 0 6 6 6 8 12 13 13 16 17 20 22 24 25 27 28 28 31 35 36 38 39 40 40 41 46 47 48 48 0 0 124 147 228 291 295 316 332 352 410 428 494 508 511 528 573 592 646 647 683 723 729 766 844 851 879 986 988
52.3214285714 77.2727272727 29 0 0 0 1 2 4 4 7 8 14 17 19 22 23 24 26 30 31 32 35 36 37 37 37 42 46 46 48 49 0 0 150 212 287 291 294 310 418 422 437 490 530 544 570 579 632 684 694 731 747 780 813 829 833 869 906 961 962
52.8571428571 27.4350649351 29 0 0 2 2 4 7 9 12 14 14 20 20 21 22 23 23 27 28 28 30 34 34 36 37 41 42 43 44 48 0 0 116 117 148 259 279 315 335 378 386 392 395 454 515 521 553 684 698 711 717 722 738 768 776 810 847 885 909
49.2857142857 55.5194805195 29 0 0 2 3 6 6 11 11 13 13 14 17 19 19 21 22 22 23 24 27 29 40 40 41 41 44 46 47 47 0 103 159 171 173 174 178 189 199 228 296 353 362 364 394 410 518 518 524 596 722 757 764 772 816 824 906 928 952
70.8928571429 54.7077922078 29 0 0 1 6 9 9 9 12 15 16 18 20 21 23 23 29 30 34 35 36 36 38 39 40 42 45 46 48 48 0 0 120 158 228 260 318 342 347 354 369 384 447 491 535 569 587 609 614 687 745 756 828 894 898 923 940 971 975
63.0357142857 50.6493506494 29 0 3 3 4 4 5 8 12 16 18 18 19 20 22 26 28 28 31 33 33 35 39 41 42 46 47 48 48 49 0 119 119 127 186 196 223 306 313 371 414 482 505 516 602 621 636 653 667 676 677 757 820 854 880 908 922 940 961
55.1785714286 56.0064935065 29 0 0 1 3 4 5 13 15 15 18 22 23 25 26 29 30 32 36 37 37 38 41 41 43 44 45 45 47 47 0 107 222 321 341 359 362 398 406 441 448 496 523 526 542 640 694 718 739 747 766 800 801 815 822 823 888 960 986
47.8571428571 51.2987012987 29 0 8 8 9 13 14 17 17 17 17 20 21 21 24 27 28 30 31 32 33 34 35 38 42 44 45 45 46 47 0 0 154 235 276 279 289 307 308 391 405 410 484 553 596 606 616 630 726 731 735 795 795 847 872 882 890 904 935
81.7857142857 16.5584415584 29 0 0 0 1 2 2 3 5 7 9 9 10 12 12 17 19 20 27 27 29 30 32 33 37 39 45 46 47 48 0 146 213 233 282 318 321 496 515 518 545 545 551 639 644 645 673 685 688 692 750 762 774 781 852 903 910 973 991
61.7857142857 62.6623376623 29 0 0 2 3 3 5 8 9 10 11 11 16 16 21 21 25 29 29 29 33 33 34 41 42 43 43 44 45 48 0 143 193 217 236 238 256 294 352 419 451 483 493 515 541 572 677 679 703 776 785 857 871 871 925 942 969 977 990
63.75 28.8961038961 29 0 0 0 0 8 9 10 11 13 15 21 23 23 24 25 28 30 31 35 38 41 42 43 43 44 44 46 48 49 0 103 113 192 264 278 286 413 428 459 527 567 576 601 602 632 685 781 790 805 817 849 891 913 941 943 974 994 998
45.0 52.5974025974 29 0 0 0 2 4 4 5 7 11 13 16 17 18 24 28 29 32 32 34 35 38 39 40 40 43 45 46 47 48 0 0 109 116 142 164 222 222 243 265 317 333 406 483 489 537 544 558 562 585 601 649 703 737 793 821 864 939 978
65.8928571429 16.8831168831 29 0 0 4 5 6 8 9 11 12 12 16 19 19 23 23 24 24 24 27 28 29 35 35 37 38 39 40 44 48 0 0 182 222 225 250 251 263 282 316 321 349 356 418 425 432 444 460 509 512 536 631 634 642 726 785 833 941 961
46.6071428571 43.0194805195 29 0 1 2 6 8 9 13 13 17 19 20 23 23 26 26 28 30 33 36 37 39 39 40 40 42 43 45 46 46 0 105 148 179 188 219 225 228 230 235 242 429 437 494 592 594 651 724 759 780 792 809 822 831 851 857 906 931 952
54.2857142857 46.2662337662 29 0 0 1 1 4 4 5 5 5 5 6 9 12 12 13 17 19 24 24 27 28 30 30 33 36 37 46 48 49 0 130 134 175 190 197 204 237 314 373 379 386 441 474 509 535 573 610 614 618 687 703 741 789 847 906 917 939 971
33.3928571429 57.4675324675 29 0 1 2 3 10 12 13 13 13 13 14 15 15 17 18 20 21 23 24 28 32 32 33 35 35 39 40 41 48 0 0 114 180 194 199 214 220 280 359 408 410 471 505 526 610 645 658 688 694 809 845 896 903 928 942 944 951 965
65.7142857143 86.6883116883 29 0 0 5 7 7 8 9 9 9 9 12 13 14 18 20 21 21 23 23 26 32 35 35 36 38 41 44 48 48 0 100 165 194 250 325 356 409 421 432 433 442 455 488 493 527 529 590 602 677 725 736 778 866 880 899 903 916 996
62.1428571429 67.5324675325 29 0 0 4 4 4 7 9 9 11 12 14 14 16 19 19 25 27 27 28 29 36 40 42 42 43 44 46 48 49 0 0 143 167 229 271 331 333 386 408 421 424 432 449 467 467 469 546 570 656 679 754 769 770 835 878 954 962 963
57.1428571429 40.7467532468 29 0 3 3 6 7 8 10 16 17 17 17 18 21 22 24 24 27 29 29 30 32 37 37 40 43 45 46 48 49 0 102 152 152 156 161 222 303 348 362 388 433 445 455 496 541 663 704 714 719 729 737 749 755 812 828 864 876 984
66.0714285714 44.1558441558 29 0 0 1 2 2 4 5 8 10 10 12 13 16 17 18 19 21 30 30 31 33 35 40 41 42 46 46 49 49 0 0 149 173 175 190 203 207 242 359 365 398 422 466 468 475 496 500 526 582 628 756 765 791 792 887 902 915 940
48.3928571429 27.2727272727 29 0 6 6 8 8 9 10 14 15 15 16 16 17 20 20 23 26 28 28 28 31 31 37 38 38 39 44 47 47 0 0 101 141 184 195 212 226 236 238 305 320 372 419 441 447 467 499 512 523 573 621 766 854 855 930 933 978 990
45.5357142857 11.038961039 29 0 0 0 1 4 6 6 10 13 19 19 20 31 32 33 36 38 40 41 41 42 43 44 46 46 48 49 49 49 0 0 131 177 203 234 268 318 321 388 411 449 453 489 521 579 585 609 670 708 747 761 779 809 854 857 930 966 969
51.7857142857 68.5064935065 29 0 1 5 6 7 9 9 12 13 18 19 22 27 28 30 32 33 34 37 39 39 41 43 43 44 45 45 46 46 0 132 139 175 213 277 363 397 444 454 517 585 678 699 721 724 770 772 773 814 827 868 877 880 898 931 951 968 970
46.0714285714 27.5974025974 29 0 2 2 3 4 9 10 14 18 18 20 21 22 22 23 24 25 25 27 33 35 45 46 46 47 47 47 47 49 0 0 113 114 118 131 131 152 191 252 307 321 387 408 412 437 466 510 540 679 700 704 767 782 818 842 878 916 931
36.25 54.7077922078 29 0 1 4 4 6 7 9 13 19 19 21 22 23 23 24 25 28 32 34 36 37 38 41 46 48 48 48 49 49 0 0 101 150 183 213 307 308 350 438 483 491 538 565 612 620 621 660 663 679 739 758 804 810 848 868 891 936 945
47.5 27.4350649351 29 0 0 7 15 18 21 23 24 25 27 27 27 28 29 30 31 33 33 35 36 38 38 39 40 42 43 43 45 49 0 104 235 254 258 336 362 393 427 442 503 552 612 654 689 693 722 752 847 849 874 876 877 883 916 916 958 961 978
73.2142857143 44.9675324675 29 0 1 1 6 7 7 10 12 14 18 20 23 24 26 26 27 28 28 28 34 37 37 38 43 44 44 48 48 49 0 101 137 148 200 208 254 326 339 352 378 390 393 395 420 433 531 533 584 599 696 706 758 793 804 865 927 947 999
42.8571428571 72.0779220779 29 0 0 1 2 4 6 6 6 7 12 14 16 18 19 26 26 26 30 36 39 40 41 43 44 44 45 47 47 48 0 0 172 239 268 314 364 419 444 469 498 500 507 534 560 572 647 675 704 732 734 755 768 777 791 879 950 955 992
70.5357142857 29.2207792208 29 0 1 1 3 6 7 9 10 14 15 17 17 19 20 20 21 21 22 23 26 28 34 36 37 40 42 43 45 46 0 117 119 143 169 232 245 252 399 462 478 490 496 513 552 570 583 591 648 655 728 735 860 897 909 938 970 980 982
55.7142857143 58.6038961039 29 0 1 4 5 7 12 12 17 19 22 22 25 25 26 29 30 31 31 31 32 34 35 36 37 40 46 48 48 49 0 0 112 131 131 165 179 285 349 387 412 441 444 484 495 519 531 533 572 606 667 695 717 735 783 845 861 867 941
30.5357142857 54.7077922078 29 0 1 1 2 3 4 4 4 4 7 8 9 9 13 16 16 17 20 22 23 29 30 32 32 38 41 44 47 49 0 0 100 106 124 209 219 222 255 324 344 383 410 496 557 621 652 679 689 703 738 822 823 826 890 939 954 956 966
65.5357142857 43.8311688312 29 0 0 1 1 2 3 12 13 14 15 19 21 22 22 23 23 24 25 27 27 32 32 33 33 39 40 41 45 48 0 0 117 119 139 154 192 238 260 279 319 366 423 445 448 455 457 541 576 680 751 789 841 925 929 966 972 979 986
45.8928571429 25.1623376623 29 0 3 3 3 4 5 10 16 18 21 23 25 26 28 28 34 35 35 36 39 39 43 44 44 45 46 46 49 49 0 122 205 213 220 262 273 296 298 302 321 343 410 477 498 498 512 525 666 668 692 695 757 842 844 948 954 984 993
58.2142857143 48.8636363636 29 0 3 3 6 7 9 10 10 16 19 20 20 21 23 26 29 29 30 31 32 32 33 42 42 44 44 46 47 48 0 151 167 179 187 243 351 386 398 425 488 570 602 629 631 635 738 766 769 781 781 816 838 957 961 982 983 992 996
57.8571428571 29.3831168831 29 0 6 6 8 8 9 9 10 10 12 14 14 18 20 20 23 26 26 29 30 30 30 34 39 42 42 43 44 46 0 150 180 180 186 244 264 271 359 419 488 502 539 546 608 659 662 677 679 698 700 727 795 811 814 818 837 941 957
45.5357142857 66.0714285714 29 0 0 1 3 9 9 10 12 13 13 14 19 19 24 25 25 25 31 31 31 32 32 34 36 38 39 42 42 47 0 145 150 182 220 235 246 250 327 404 414 510 522 524 531 542 569 599 611 761 781 790 823 826 882 949 955 956 971
63.3928571429 31.4935064935 29 0 3 3 3 7 9 10 15 15 15 19 20 21 21 22 22 23 25 26 30 31 34 35 39 39 43 44 47 47 0 108 110 190 207 216 255 282 300 314 328 330 345 386 414 422 445 531 568 580 594 658 663 690 706 717 764 927 983
36.0714285714 29.7077922078 29 0 0 2 4 7 9 9 13 14 14 15 15 20 25 26 28 29 35 37 38 39 40 42 43 47 48 48 48 48 0 0 108 122 218 249 266 374 390 497 581 587 620 626 644 701 723 740 865 874 888 900 923 939 967 969 987 989 993
34.4642857143 77.5974025974 29 0 0 4 5 5 7 9 10 12 13 14 15 16 18 19 23 24 26 27 28 30 34 37 39 44 44 46 46 46 0 154 166 169 241 269 272 280 291 339 374 412 431 447 478 491 500 514 543 632 677 686 704 812 812 830 870 976 984
37.1428571429 60.8766233766 29 0 4 5 15 15 15 15 18 19 20 21 21 23 24 29 29 30 30 32 36 36 37 40 43 44 45 48 48 49 0 0 100 161 178 251 263 274 356 416 457 492 532 565 578 628 631 666 714 762 807 834 840 865 870 874 875 927 986
45.0 53.7337662338 29 0 1 3 6 6 9 9 12 13 15 18 19 19 20 20 22 23 26 27 30 31 34 34 35 38 41 43 45 47 0 120 121 147 172 202 240 250 283 308 407 483 541 544 648 664 707 715 740 757 790 821 857 860 876 891 927 939 970
54.2857142857 42.2077922078 29 0 4 4 4 8 8 9 12 13 14 16 17 18 19 22 24 27 31 33 35 37 38 38 39 43 47 47 47 48 0 169 179 217 229 247 292 340 341 383 390 446 458 491 501 518 539 543 559 567 593 612 688 718 738 780 913 952 991
41.0714285714 63.961038961 29 0 1 2 4 7 8 12 15 15 16 17 17 18 19 21 22 23 25 27 28 28 32 33 38 43 43 43 44 48 0 132 139 174 181 211 220 299 320 335 336 341 366 382 466 492 543 550 550 566 579 586 610 685 711 718 782 853 864
32.3214285714 71.9155844156 29 0 0 1 4 5 10 10 11 12 14 15 17 17 21 22 23 25 25 32 32 36 37 38 41 42 42 44 44 44 0 0 109 143 148 174 198 208 215 222 250 264 277 341 387 412 434 493 525 620 629 632 685 724 753 817 830 887 934
61.4285714286 13.6363636364 29 0 0 0 4 4 4 13 14 15 16 18 21 23 24 28 30 32 33 35 37 38 39 43 44 44 45 45 47 49 0 101 142 252 253 278 290 407 423 426 429 436 441 442 507 516 525 530 605 701 746 770 832 837 859 916 921 949 955
84.8214285714 72.4025974026 29 0 3 6 7 9 11 13 15 16 16 20 23 26 27 30 30 37 37 39 39 41 41 41 43 44 45 46 47 48 0 104 120 137 163 170 191 198 319 320 428 433 457 470 497 526 568 585 587 676 743 762 790 800 852 857 873 934 960
63.3928571429 78.4090909091 29 0 0 4 9 10 10 16 18 23 23 24 25 28 28 29 29 29 30 32 33 34 35 37 37 38 39 40 42 47 0 129 205 213 243 261 271 293 380 394 397 424 482 519 523 556 624 632 710 750 775 832 838 857 883 884 888 896 988
56.25 74.025974026 29 0 0 0 2 2 4 4 5 6 7 8 9 11 13 13 14 15 18 18 21 25 25 29 29 30 35 41 43 44 0 102 173 214 224 227 254 278 315 335 360 408 422 444 490 598 612 682 752 817 830 834 845 871 925 941 950 967 973
53.5714285714 63.1493506494 29 0 12 13 14 15 16 17 21 21 22 24 26 28 28 29 30 30 30 31 32 37 38 38 42 43 44 44 46 46 0 121 236 264 283 307 319 328 348 355 382 407 464 472 488 512 522 538 539 611 627 715 719 747 866 932 955 962 968
37.6785714286 48.7012987013 29 0 0 1 2 6 7 7 9 11 11 13 15 17 19 19 19 20 22 23 28 34 38 39 40 40 41 42 42 48 0 110 127 166 203 236 274 286 428 464 467 472 519 586 589 718 733 743 765 775 781 836 870 889 890 901 904 939 985
76.0714285714 79.7077922078 29 0 2 3 5 6 8 8 10 12 13 13 14 20 21 22 23 23 25 26 27 36 40 40 41 41 43 45 47 48 0 139 154 193 194 203 240 273 274 279 281 311 326 349 355 366 368 472 516 523 527 585 660 661 672 687 714 754 926
47.5 64.9350649351 29 0 0 1 3 3 8 9 12 14 15 16 17 19 19 21 22 23 25 29 31 31 31 33 34 38 45 45 47 47 0 0 109 122 135 151 152 269 291 292 313 323 332 341 341 432 472 498 511 623 642 644 653 673 691 699 721 881 989
65.5357142857 37.1753246753 29 0 2 9 9 14 15 16 17 18 19 19 20 21 25 26 27 29 30 34 35 36 38 41 41 45 47 47 48 49 0 0 108 183 187 298 311 327 349 394 395 397 438 470 500 502 610 620 667 681 722 740 817 820 822 906 944 954 955
91.0714285714 83.9285714286 29 0 4 5 5 7 7 11 12 12 12 13 14 16 17 24 27 27 28 32 34 36 36 38 40 43 43 47 48 49 0 208 210 232 289 376 379 391 434 445 450 519 526 621 626 638 665 702 703 731 756 795 820 897 899 912 942 979 982
56.6071428571 66.8831168831 29 0 0 4 7 7 7 8 9 12 16 18 19 22 25 26 27 30 33 34 34 35 36 37 38 43 46 46 47 49 0 0 127 130 160 205 220 243 294 320 342 361 391 393 393 394 423 467 468 530 554 590 720 813 865 901 917 929 992
33.5714285714 47.7272727273 29 0 1 2 5 6 7 10 10 12 14 15 18 22 24 25 26 26 26 30 31 36 39 39 42 43 44 45 45 49 0 105 116 116 166 190 217 242 458 463 483 549 629 637 647 661 698 722 756 768 818 861 888 915 921 927 938 970 987
65.5357142857 34.2532467532 29 0 0 1 3 4 5 5 7 10 10 13 14 14 18 18 21 22 23 24 26 29 29 31 35 36 36 37 39 49 0 0 104 120 136 176 203 205 207 224 232 333 355 412 510 561 593 680 689 700 725 730 778 860 870 900 925 926 979
72.1428571429 61.8506493506 29 0 0 1 1 4 10 10 10 17 17 23 23 24 26 27 29 30 31 31 32 37 38 38 38 39 40 43 48 48 0 116 118 120 156 165 165 170 217 232 279 337 387 406 431 443 473 479 631 650 682 722 809 845 872 966 971 973 983
60.8928571429 43.5064935065 29 0 0 0 1 2 5 6 14 14 15 16 19 20 21 23 25 27 27 31 35 36 40 40 44 44 44 46 48 49 0 106 252 296 298 351 370 392 392 473 474 562 565 567 599 663 707 758 763 781 823 827 839 859 863 864 895 911 975
61.4285714286 42.2077922078 29 0 4 5 5 7 9 10 12 13 14 15 17 19 22 28 32 33 33 35 37 38 40 41 41 41 42 43 45 46 0 120 127 134 193 234 237 304 320 377 398 404 441 538 538 547 555 566 661 794 827 835 853 862 921 923 947 957 995
41.25 68.5064935065 29 0 0 2 3 4 5 15 16 16 19 19 21 25 25 28 29 31 31 34 37 37 39 40 40 40 44 45 46 49 0 121 190 269 279 333 350 377 406 406 414 510 541 581 608 668 725 775 779 789 822 831 841 866 927 935 950 976 987
65.0 62.1753246753 29 0 1 3 4 5 7 11 12 12 12 13 15 16 17 19 19 19 23 25 25 25 27 30 30 32 39 39 44 45 0 124 166 186 251 290 318 319 342 347 383 462 473 474 513 522 545 566 567 577 613 630 678 716 763 968 990 994 998
79.8214285714 55.6818181818 29 0 0 4 5 5 5 5 6 7 8 9 11 13 14 14 15 19 20 24 29 29 30 32 33 33 37 41 47 49 0 111 144 211 235 298 363 389 406 437 446 475 529 532 548 567 577 647 651 695 706 768 809 857 860 877 898 966 989
88.3928571429 55.3571428571 29 0 0 1 4 4 5 5 5 7 8 10 11 18 21 23 23 26 31 31 32 33 36 36 38 38 40 41 42 46 0 110 126 307 419 432 434 486 515 549 549 560 587 593 596 623 623 624 634 682 687 697 779 848 861 874 915 930 974
43.3928571429 22.2402597403 29 0 0 0 3 8 9 12 14 16 17 17 20 20 20 23 23 23 24 24 25 26 27 27 31 32 33 35 38 44 0 115 171 237 269 284 308 325 384 388 413 467 484 496 507 529 530 590 728 734 754 771 798 815 861 873 923 985 992
51.4285714286 65.7467532468 29 0 0 0 2 4 5 10 10 14 16 24 27 29 32 33 34 34 34 35 37 39 39 40 41 41 43 46 47 47 0 100 155 169 215 252 319 350 360 370 375 446 449 481 494 575 596 621 646 679 697 701 746 840 849 886 921 928 987
77.1428571429 31.0064935065 29 0 1 2 4 4 5 7 8 11 12 13 14 14 16 16 18 20 21 22 25 25 27 29 39 40 42 46 46 48 0 0 129 152 186 225 231 268 269 302 307 351 353 460 475 508 560 571 575 689 700 707 741 787 792 821 841 854 902
56.25 60.2272727273 29 0 0 0 1 1 3 5 6 8 8 9 13 14 20 23 23 24 25 28 29 31 35 36 38 40 40 43 48 48 0 116 118 144 188 212 231 261 268 306 306 361 386 458 478 510 536 605 649 662 664 664 755 817 840 943 955 957 961
40.7142857143 74.3506493506 29 0 1 2 3 5 5 8 9 10 11 13 15 16 18 19 21 27 27 28 30 34 35 36 36 37 40 43 45 47 0 0 133 195 204 358 382 438 451 486 493 532 554 589 605 623 717 798 806 848 865 873 897 916 917 982 982 997 998
21.6071428571 53.7337662338 29 0 1 6 9 10 11 13 13 13 14 15 17 18 18 19 21 24 25 25 28 28 34 34 34 37 37 38 44 46 0 165 171 204 220 234 239 353 434 451 511 564 567 569 589 619 639 656 657 672 703 765 795 840 896 906 933 938 979
59.6428571429 57.7922077922 29 0 1 5 6 9 9 10 11 13 15 15 22 22 23 24 26 26 29 30 32 34 34 36 36 37 39 45 48 49 0 152 163 174 245 337 344 353 355 388 412 416 427 457 479 484 543 601 715 730 733 773 786 818 855 886 957 974 989
63.2142857143 71.1038961039 29 0 5 5 7 8 9 12 13 13 14 14 25 25 27 28 28 30 31 31 32 33 34 36 37 38 38 41 45 48 0 110 117 165 306 337 424 468 558 558 669 674 676 702 707 710 726 754 759 782 814 819 833 895 903 949 975 983 993
37.5 62.6623376623 29 0 1 1 2 3 4 4 4 4 4 5 5 11 13 17 20 23 23 26 27 36 37 38 39 41 43 45 48 49 0 156 206 220 242 277 311 345 366 368 373 391 401 403 438 503 510 521 522 572 645 719 752 828 830 912 934 992 997
45.8928571429 68.0194805195 29 0 0 2 8 10 11 12 13 16 16 17 19 21 22 25 27 28 28 39 40 41 43 44 45 46 47 48 48 49 0 0 105 191 207 237 259 302 400 413 463 502 504 528 531 564 633 636 698 736 751 779 781 822 878 893 939 969 970
76.9642857143 58.2792207792 29 0 0 3 7 9 10 11 12 13 16 16 17 18 18 18 19 21 24 29 29 29 32 33 37 39 39 43 44 47 0 0 104 106 159 159 181 184 194 230 338 345 357 374 383 420 468 554 679 717 773 805 810 856 947 949 961 971 974
31.0714285714 63.961038961 29 0 2 2 2 4 5 8 9 10 11 11 11 13 14 16 18 18 24 28 29 33 33 34 35 35 38 43 45 48 0 114 153 166 171 182 212 325 329 338 357 359 360 402 437 481 488 502 584 675 694 700 743 820 871 874 927 948 952
79.8214285714 43.0194805195 29 0 0 0 3 4 8 10 20 20 20 23 23 24 25 28 29 31 33 33 33 34 36 38 40 41 41 44 46 47 0 117 140 196 252 260 284 306 308 334 429 452 477 490 517 518 559 566 612 649 692 754 775 793 817 820 830 841 965
54.8214285714 43.9935064935 29 0 1 4 5 5 7 7 9 10 11 12 13 13 14 15 16 18 19 22 23 28 33 33 33 34 40 40 41 49 0 133 176 202 224 236 251 307 350 355 377 423 476 479 482 493 501 538 560 596 666 688 702 715 739 750 799 811 994
75.8928571429 47.5649350649 29 0 1 4 7 7 8 8 9 10 10 11 11 11 12 13 15 16 17 21 24 32 33 36 40 41 42 45 47 49 0 112 144 148 211 224 299 354 395 435 454 465 474 504 544 545 561 571 683 705 758 802 802 812 892 897 907 981 990
55.3571428571 24.6753246753 29 0 1 1 2 5 5 8 9 10 12 13 19 22 23 25 26 32 33 33 36 41 41 42 43 43 44 45 47 48 0 0 146 155 177 240 268 289 294 297 342 366 466 516 526 532 619 658 661 694 706 715 749 789 862 898 907 965 981
61.7857142857 56.1688311688 29 0 3 3 10 13 14 15 16 16 17 20 20 22 23 29 29 31 32 33 34 37 37 37 39 40 43 45 46 47 0 120 178 220 251 264 337 338 361 377 384 415 478 484 513 539 601 625 681 730 743 754 768 810 811 938 938 977 978
62.1428571429 52.2727272727 29 0 0 0 4 6 6 9 13 14 14 16 21 22 25 25 29 29 30 31 32 32 36 39 40 40 41 41 42 48 0 136 151 174 178 234 258 336 352 515 518 549 558 576 607 629 763 786 798 819 886 904 905 908 908 909 919 929 957
344
54.7697368421 64.406779661 9
46.2171052632 11.2480739599 2
41.6118421053 31.124807396 8
44.4078947368 24.6533127889 6
51.3157894737 78.5824345146 1
41.4473684211 45.3004622496 6
53.2894736842 49.7688751926 4
75.8223684211 39.2912172573 2
27.4671052632 62.0955315871 8
19.2434210526 49.6147919877 5
60.5263157895 28.813559322 5
72.0394736842 28.3513097072 7
37.3355263158 36.3636363636 5
37.0065789474 21.2634822804 3
50.9868421053 58.8597842835 7
32.2368421053 36.5177195686 4
51.4802631579 100.0 7
61.8421052632 24.8073959938 9
43.2565789474 16.7950693374 8
36.3486842105 50.6933744222 6
63.9802631579 40.9861325116 9
48.1907894737 36.5177195686 5
59.2105263158 40.6779661017 6
36.5131578947 34.5146379045 1
51.4802631579 39.7534668721 2
50.1644736842 28.813559322 3
64.1447368421 16.6409861325 3
44.9013157895 21.4175654854 6
52.6315789474 12.6348228043 5
42.2697368421 6.16332819723 7
46.0526315789 20.030816641 3
42.5986842105 62.0955315871 6
34.2105263158 34.3605546995 3
69.7368421053 35.1309707242 7
58.3881578947 79.8151001541 2
45.7236842105 45.1463790447 3
84.0460526316 55.469953775 6
34.5394736842 9.24499229584 2
65.9539473684 45.6086286595 8
29.7697368421 29.1217257319 8
42.7631578947 12.9429892142 4
64.6381578947 60.2465331279 4
30.5921052632 32.6656394453 5
71.3815789474 3.23574730354 4
23.1907894737 41.9106317411 5
55.0986842105 37.9044684129 8
29.4407894737 36.0554699538 8
50.8223684211 78.8906009245 1
64.9671052632 25.7318952234 6
29.7697368421 35.7473035439 5
52.7960526316 32.9738058552 9
57.0723684211 43.9137134052 9
52.1381578947 33.43605547 4
32.2368421053 32.9738058552 3
24.8355263158 31.4329738059 9
62.1710526316 73.343605547 2
63.8157894737 30.2003081664 8
42.1052631579 45.4545454545 2
32.2368421053 36.5177195686 5
56.4144736842 38.8289676425 9
98.5197368421 27.5808936826 1
27.7960526316 45.3004622496 5
67.4342105263 51.6178736518 5
69.4078947368 42.218798151 4
74.5065789474 39.1371340524 7
25.8223684211 30.2003081664 1
59.375 42.218798151 7
38.6513157895 25.4237288136 3
72.6973684211 45.3004622496 2
40.4605263158 63.6363636364 5
46.3815789474 28.813559322 8
35.6907894737 26.3482280431 3
53.2894736842 12.0184899846 8
60.8552631579 49.6147919877 1
63.1578947368 33.8983050847 4
48.0263157895 41.2942989214 3
63.1578947368 41.7565485362 3
19.0789473684 30.3543913713 5
50.6578947368 28.0431432974 8
97.0394736842 61.3251155624 6
34.8684210526 31.2788906009 9
43.9144736842 45.4545454545 2
39.4736842105 36.0554699538 8
46.3815789474 46.687211094 9
88.3223684211 63.3281972265 5
29.4407894737 32.6656394453 3
81.25 36.6718027735 5
84.0460526316 12.4807395994 3
41.1184210526 46.5331278891 1
49.0131578947 58.3975346687 5
48.5197368421 22.0338983051 7
93.4210526316 7.24191063174 9
44.7368421053 31.8952234206 8
71.3815789474 40.9861325116 9
44.2434210526 26.9645608629 7
63.6513157895 42.9892141757 6
45.2302631579 65.0231124807 3
43.4210526316 46.0708782743 3
76.6447368421 12.3266563945 1
23.8486842105 16.6409861325 4
36.5131578947 21.5716486903 3
60.8552631579 30.6625577812 9
34.2105263158 24.499229584 6
47.8618421053 15.8705701079 7
67.4342105263 9.5531587057 4
59.7039473684 19.2604006163 1
34.0460526316 24.1910631741 1
45.7236842105 55.0077041602 4
39.4736842105 71.4946070878 5
36.8421052632 17.5654853621 2
83.5526315789 39.4453004622 1
50.4934210526 63.1741140216 7
63.3223684211 13.7134052388 1
56.9078947368 19.5685670262 3
61.6776315789 32.5115562404 7
47.8618421053 19.1063174114 6
58.3881578947 38.2126348228 3
20.5592105263 19.4144838213 9
40.9539473684 65.7935285054 4
63.3223684211 20.3389830508 1
47.2039473684 56.7026194145 9
46.7105263158 28.6594761171 4
16.1184210526 44.0677966102 1
23.5197368421 39.7534668721 7
0.0 45.7627118644 3
48.0263157895 34.9768875193 8
46.875 59.7842835131 9
26.1513157895 41.7565485362 9
44.2434210526 17.873651772 1
51.1513157895 34.0523882897 8
48.5197368421 55.3158705701 6
73.1907894737 50.5392912173 1
43.9144736842 30.3543913713 2
45.3947368421 23.7288135593 5
13.3223684211 25.1155624037 6
53.7828947368 58.5516178737 3
32.4013157895 38.5208012327 1
86.1842105263 43.4514637904 7
38.8157894737 38.8289676425 6
37.8289473684 29.4298921418 6
44.2434210526 43.2973805855 4
29.4407894737 58.7057010786 1
34.7039473684 28.1972265023 1
66.9407894737 34.9768875193 7
37.5 55.469953775 2
56.7434210526 42.218798151 7
42.1052631579 33.5901386749 6
53.4539473684 39.2912172573 9
61.3486842105 43.9137134052 7
49.3421052632 21.1093990755 7
46.875 35.9013867488 8
51.9736842105 41.6024653313 8
47.6973684211 32.8197226502 8
38.4868421053 52.0801232666 5
21.7105263158 24.6533127889 9
64.9671052632 17.873651772 1
31.0855263158 35.9013867488 1
77.4671052632 37.9044684129 1
56.25 14.7919876733 7
44.4078947368 69.4915254237 9
35.0328947368 38.2126348228 3
50.4934210526 58.8597842835 9
30.0986842105 28.3513097072 8
77.1381578947 13.5593220339 4
61.6776315789 42.3728813559 3
26.6447368421 33.43605547 8
44.7368421053 46.0708782743 4
43.4210526316 25.8859784284 8
78.7828947368 22.9583975347 7
65.7894736842 69.6456086287 4
53.125 33.43605547 2
80.7565789474 54.0832049307 1
72.2039473684 37.5963020031 8
41.1184210526 39.2912172573 4
48.6842105263 28.813559322 6
24.5065789474 61.9414483821 2
63.3223684211 53.6209553159 5
53.6184210526 45.7627118644 1
34.0460526316 35.4391371341 4
59.8684210526 55.9322033898 4
28.9473684211 62.0955315871 8
39.4736842105 55.62403698 8
43.9144736842 62.8659476117 9
50.0 47.4576271186 8
73.6842105263 48.3821263482 8
65.1315789474 29.4298921418 5
42.1052631579 0.462249614792 6
33.7171052632 34.8228043143 4
41.2828947368 61.1710323575 7
40.625 22.9583975347 3
34.0460526316 31.5870570108 6
50.0 70.8782742681 9
40.625 43.9137134052 7
83.7171052632 72.2650231125 8
75.6578947368 52.0801232666 9
49.8355263158 54.6995377504 9
69.4078947368 41.4483821263 9
59.8684210526 20.3389830508 3
67.1052631579 68.4129429892 4
52.9605263158 45.3004622496 9
75.4934210526 29.4298921418 3
42.7631578947 30.0462249615 9
25.3289473684 7.85824345146 9
59.2105263158 40.9861325116 1
48.6842105263 43.9137134052 8
53.4539473684 26.656394453 3
58.3881578947 25.5778120185 5
69.5723684211 13.251155624 4
46.0526315789 51.7719568567 3
23.3552631579 38.0585516179 8
64.6381578947 18.0277349769 3
50.4934210526 24.0369799692 4
47.0394736842 35.7473035439 1
51.9736842105 69.3374422188 8
84.0460526316 30.8166409861 7
69.7368421053 57.781201849 6
57.2368421053 40.8320493066 9
23.1907894737 76.8875192604 4
32.4013157895 18.1818181818 2
58.5526315789 51.6178736518 6
33.5526315789 25.4237288136 6
69.2434210526 30.9707241911 7
59.5394736842 44.530046225 2
31.25 34.2064714946 6
36.0197368421 46.0708782743 2
26.9736842105 27.4268104777 1
32.8947368421 45.3004622496 6
23.8486842105 26.5023112481 7
37.1710526316 36.3636363636 4
57.2368421053 34.8228043143 2
65.2960526316 35.593220339 1
55.9210526316 30.9707241911 2
100.0 4.77657935285 1
37.8289473684 66.1016949153 9
38.9802631579 26.8104776579 2
73.1907894737 59.4761171032 1
43.4210526316 18.0277349769 1
24.8355263158 37.4422187982 1
70.5592105263 39.7534668721 5
12.6644736842 36.2095531587 5
45.2302631579 38.8289676425 2
42.7631578947 27.7349768875 6
26.1513157895 56.2403697997 4
35.6907894737 40.2157164869 9
62.6644736842 32.0493066256 7
21.5460526316 48.2280431433 1
13.4868421053 17.1032357473 5
56.9078947368 51.7719568567 2
76.8092105263 34.3605546995 3
37.1710526316 25.2696456086 2
43.5855263158 56.3944530046 9
26.8092105263 28.0431432974 2
46.7105263158 33.1278890601 9
36.5131578947 23.1124807396 5
38.8157894737 27.4268104777 7
38.9802631579 47.4576271186 5
27.3026315789 66.2557781202 3
40.9539473684 22.6502311248 1
64.8026315789 16.9491525424 9
68.0921052632 42.3728813559 3
32.8947368421 51.6178736518 3
85.5263157895 35.1309707242 4
64.1447368421 42.218798151 4
29.1118421053 35.4391371341 7
85.1973684211 56.3944530046 2
43.9144736842 46.687211094 5
47.8618421053 46.3790446841 2
66.2828947368 45.7627118644 2
37.3355263158 0.0 3
63.8157894737 24.0369799692 8
42.5986842105 34.2064714946 5
43.0921052632 21.7257318952 4
16.7763157895 27.8890600924 7
36.6776315789 29.5839753467 8
49.3421052632 17.873651772 6
58.3881578947 30.6625577812 2
35.5263157895 53.9291217257 2
63.8157894737 32.3574730354 9
50.1644736842 13.5593220339 9
42.2697368421 51.4637904468 1
25.8223684211 31.124807396 7
36.6776315789 14.6379044684 4
73.8486842105 30.0462249615 1
14.4736842105 55.1617873652 8
64.4736842105 36.9799691834 3
58.5526315789 7.5500770416 8
62.9934210526 11.5562403698 1
43.75 43.4514637904 2
58.0592105263 38.6748844376 5
52.9605263158 44.8382126348 8
81.4144736842 42.3728813559 6
58.5526315789 33.281972265 2
36.1842105263 47.9198767334 4
64.9671052632 44.9922958398 3
44.0789473684 42.3728813559 3
20.8881578947 52.2342064715 2
69.7368421053 60.4006163328 4
59.2105263158 29.5839753467 2
62.9934210526 39.5993836672 3
28.9473684211 42.218798151 6
61.0197368421 35.7473035439 6
58.7171052632 54.2372881356 2
58.0592105263 50.3852080123 2
41.1184210526 46.0708782743 2
45.7236842105 52.3882896764 3
18.4210526316 57.4730354391 9
45.3947368421 26.5023112481 8
70.0657894737 21.7257318952 7
57.8947368421 36.5177195686 2
63.6513157895 13.8674884438 1
61.0197368421 27.2727272727 2
37.5 32.8197226502 4
51.1513157895 16.7950693374 5
50.1644736842 58.5516178737 5
74.1776315789 30.9707241911 9
27.6315789474 35.7473035439 9
28.6184210526 42.8351309707 9
42.5986842105 34.0523882897 5
48.0263157895 33.5901386749 2
33.2236842105 27.4268104777 4
37.1710526316 17.4114021572 8
60.5263157895 23.7288135593 7
52.4671052632 44.37596302 8
25.1644736842 27.2727272727 6
42.9276315789 27.7349768875 2
50.8223684211 33.7442218798 6
44.4078947368 38.2126348228 4
44.5723684211 38.2126348228 9
44.2434210526 36.8258859784 4
78.7828947368 15.562403698 3
46.5460526316 50.3852080123 3
23.3552631579 53.1587057011 4
53.2894736842 57.9352850539 8
33.5526315789 14.9460708783 9
72.8618421053 41.6024653313 5
19.0789473684 14.7919876733 2
54.7697368421 42.5269645609 3
24.8355263158 22.0338983051 4
71.2171052632 23.4206471495 9
70.5592105263 42.9892141757 9
48.1907894737 34.0523882897 7
71.3815789474 42.9892141757 7
28.125 48.2280431433 7
46.5460526316 48.844375963 9
