102
46.2633451957 46.6933867735 34 0 1 5 7 7 9 11 12 14 14 16 18 19 23 24 25 26 31 32 33 33 34 34 34 35 35 40 41 42 42 47 49 49 49 0 136 179 232 235 249 269 355 383 429 474 548 577 587 591 641 686 694 700 706 718 752 754 756 784 814 840 843 899 933 936 940 961 964
45.9074733096 41.8837675351 34 0 0 0 0 2 4 9 13 13 14 14 17 24 25 28 30 30 31 31 31 31 35 36 36 37 37 38 38 38 39 39 39 45 47 0 0 107 171 225 226 245 279 303 380 388 393 500 513 529 531 541 542 553 580 718 841 845 848 884 886 898 900 903 907 923 924 959 993
87.3665480427 100.0 34 0 0 2 5 6 8 8 10 11 11 12 12 14 15 15 16 16 18 18 20 22 22 25 26 26 30 30 35 37 38 43 45 47 48 0 118 121 144 146 163 171 185 218 227 261 297 329 333 349 360 433 445 448 529 584 595 654 739 745 766 858 859 891 915 920 953 971 992
67.9715302491 58.7174348697 34 0 2 4 5 9 12 13 14 14 15 17 19 21 29 29 30 31 31 32 34 35 37 38 38 40 40 40 41 41 42 44 45 49 49 0 134 204 215 216 217 281 291 299 316 324 340 356 396 407 505 509 572 575 580 598 658 731 745 767 787 828 851 866 913 958 961 965 967
21.1743772242 16.4328657315 34 0 0 0 1 3 4 4 6 6 8 9 9 12 14 21 21 26 27 27 27 28 29 29 34 37 37 40 40 40 43 45 45 46 48 0 115 199 204 230 233 277 313 374 394 399 440 484 507 525 634 644 658 671 675 690 729 750 769 774 783 788 846 851 883 901 937 965 983
85.5871886121 60.3206412826 34 0 0 0 2 6 8 11 15 16 17 17 18 19 23 24 25 27 27 28 30 31 31 33 33 34 35 35 36 37 37 39 42 45 49 0 0 105 105 117 128 142 144 148 203 215 277 289 292 365 458 460 465 470 520 545 575 642 696 734 747 765 809 873 904 927 951 970 983
90.0355871886 56.9138276553 34 0 3 3 5 7 9 11 13 14 15 15 19 21 21 22 22 25 27 27 29 31 31 33 39 41 42 43 43 44 45 46 48 48 49 0 146 165 171 172 261 288 336 345 357 359 417 450 450 510 548 590 652 716 725 729 802 810 844 857 871 928 955 967 977 987 993 994 997
66.9039145907 44.6893787575 34 0 0 0 8 12 14 15 15 15 16 17 18 19 20 22 24 25 25 26 26 27 27 28 29 32 34 36 37 42 42 43 43 43 48 0 0 208 217 218 300 328 342 354 364 375 410 416 443 470 473 487 509 534 581 646 661 669 674 698 724 734 791 898 910 918 973 984 999
78.4697508897 53.1062124248 34 0 0 1 2 3 8 9 11 11 12 12 14 15 16 17 19 21 25 26 28 31 31 32 33 34 35 38 38 39 39 40 40 43 44 0 0 141 142 164 188 221 234 260 281 363 380 385 411 439 515 548 568 602 635 646 665 685 745 802 819 820 833 848 892 912 917 929 991
39.3238434164 14.8296593186 34 0 0 1 2 3 5 5 9 9 9 12 12 13 15 15 19 21 22 23 25 28 30 31 31 36 40 41 42 42 44 44 44 47 48 0 197 224 292 293 306 320 363 444 462 495 521 555 565 575 589 607 610 657 661 685 721 736 758 790 889 906 921 938 949 950 955 981 986
41.8149466192 49.2985971944 34 0 1 1 1 1 3 4 8 8 8 9 11 13 15 16 18 19 20 22 26 29 30 30 33 35 37 38 38 41 42 42 43 44 46 0 0 105 145 207 233 249 250 253 261 273 343 360 363 460 563 605 608 620 622 714 747 771 783 801 817 878 893 913 940 942 945 990 993
59.0747330961 53.5070140281 34 0 1 2 2 3 4 4 7 8 9 13 13 13 15 17 17 18 20 20 21 22 28 28 29 29 32 33 37 44 44 45 45 46 48 0 132 136 171 174 176 186 230 234 296 310 347 375 379 397 419 430 440 577 578 637 643 743 764 799 842 851 876 898 899 918 921 952 975
41.4590747331 13.0260521042 34 0 2 4 4 5 5 5 7 8 10 11 12 12 13 13 15 15 18 19 21 21 21 24 25 27 30 31 33 34 35 39 42 42 46 0 105 129 167 195 200 219 255 261 262 266 287 314 342 354 401 425 427 431 439 468 488 553 629 667 753 774 867 883 887 902 933 933 985
51.9572953737 56.7134268537 34 0 3 4 5 12 15 17 18 19 21 22 23 23 25 26 27 28 31 31 32 32 33 35 40 42 43 43 44 45 46 48 49 49 49 0 0 135 194 207 225 261 262 273 281 308 310 316 320 322 341 361 365 377 444 450 470 484 507 522 640 701 755 785 834 837 889 958 982
41.28113879 68.3366733467 34 0 3 5 6 6 11 12 12 16 17 20 22 23 24 24 24 25 27 28 28 28 30 31 34 34 35 35 35 37 37 40 41 45 46 0 103 111 131 183 188 287 335 380 381 387 393 419 438 453 488 488 518 567 581 582 628 732 748 792 851 864 867 875 884 940 974 991 991
50.5338078292 34.2685370741 34 0 2 6 8 8 9 12 15 15 18 18 19 21 22 24 25 26 27 29 30 30 32 32 33 34 35 35 36 37 38 45 47 48 49 0 131 133 158 158 198 218 281 307 345 380 405 483 487 496 497 517 536 548 557 614 643 730 741 774 790 823 838 842 860 934 948 959 994
32.0284697509 14.0280561122 34 0 0 0 0 1 1 3 7 11 12 14 15 16 20 21 21 22 25 27 29 33 33 34 35 39 39 41 41 42 44 45 45 47 48 0 112 179 181 204 230 233 349 370 371 401 403 412 438 442 491 492 547 609 622 644 787 823 901 902 909 920 928 954 975 980 992 996 997
53.024911032 43.6873747495 34 0 0 3 4 4 5 6 6 7 7 10 10 12 18 18 19 20 21 22 22 22 23 27 27 28 28 28 30 30 32 38 39 43 45 0 123 160 177 183 219 221 277 303 367 369 389 440 471 491 493 549 570 582 629 630 656 718 741 763 764 800 854 878 907 921 944 978 994
71.8861209964 74.749498998 34 0 0 2 2 3 5 5 6 8 8 10 11 13 15 15 15 16 22 25 25 26 26 26 27 27 27 34 37 39 43 43 44 49 49 0 130 130 181 189 214 218 269 299 317 329 353 390 405 473 503 548 559 570 613 639 667 691 704 705 715 743 757 765 766 847 872 954 958
62.2775800712 44.8897795591 34 0 2 3 5 6 6 8 9 12 12 12 13 16 17 18 19 20 21 23 23 27 29 32 32 33 33 37 37 40 40 41 45 47 48 0 110 134 155 163 213 275 288 306 329 369 378 394 420 427 475 494 508 559 577 579 595 600 609 702 706 726 758 761 782 841 976 987 994
73.3096085409 48.0961923848 34 0 0 1 4 5 5 5 6 6 8 9 12 14 15 16 21 22 23 23 25 25 28 29 33 33 33 33 34 34 36 37 40 45 48 0 106 124 124 168 218 236 257 257 266 284 296 305 322 389 390 400 468 475 529 541 600 622 636 683 692 719 724 733 740 821 934 940 993
38.9679715302 39.6793587174 34 0 0 0 0 2 2 2 6 9 9 10 10 10 13 14 16 16 18 21 22 26 26 26 28 28 29 30 31 34 39 40 43 43 44 0 0 139 172 176 192 199 225 244 247 294 295 296 343 376 378 436 551 584 708 719 733 751 776 787 798 846 879 887 895 918 937 951 968
50.0 30.0601202405 34 0 3 4 4 4 4 7 10 11 12 21 21 22 24 24 25 25 27 28 28 30 31 31 31 32 36 37 37 43 45 46 46 47 48 0 0 139 141 158 197 244 251 283 306 332 344 345 360 360 399 443 450 459 461 473 490 492 495 509 518 611 670 731 742 749 771 817 897
76.6903914591 49.2985971944 34 0 0 1 4 4 6 10 13 15 17 18 25 26 27 32 32 33 39 40 40 40 41 41 42 43 43 43 44 44 45 45 46 46 47 0 132 144 169 187 192 201 311 340 341 381 389 426 503 511 530 533 543 547 573 639 662 688 695 700 725 727 810 821 887 946 997 997 998
59.9644128114 48.0961923848 34 0 0 0 1 5 6 9 9 12 12 12 12 13 17 18 19 19 21 23 24 26 33 33 33 35 37 39 40 44 47 47 48 49 49 0 159 170 171 188 256 278 287 291 334 375 377 391 420 429 438 510 512 519 594 656 663 666 666 742 753 775 785 804 808 818 829 866 960
77.9359430605 73.3466933868 34 0 0 0 3 3 7 8 11 13 15 16 16 17 17 23 24 24 24 25 28 29 30 31 32 34 36 39 40 40 40 41 44 44 45 0 112 128 141 171 181 217 266 270 299 305 308 319 368 382 423 444 479 491 523 540 577 592 625 680 699 724 746 750 833 842 860 922 958
59.7864768683 36.6733466934 34 0 0 3 3 6 8 9 11 13 14 14 15 15 15 16 17 17 18 19 20 25 28 28 29 31 31 37 37 38 40 45 46 48 49 0 164 248 252 265 291 330 334 356 402 423 481 512 557 594 606 625 630 640 642 654 675 690 702 714 743 767 797 809 839 840 840 887 919
63.3451957295 13.0260521042 34 0 0 1 1 2 4 5 5 7 10 10 15 15 18 20 20 20 21 24 25 27 27 37 37 40 40 40 41 42 43 46 47 47 49 0 157 164 207 264 285 286 288 314 336 359 372 412 476 488 506 510 563 573 589 592 600 614 614 619 661 731 783 833 847 872 919 922 974
58.71886121 65.5310621242 34 0 0 1 1 4 5 5 6 8 11 13 13 14 15 15 15 19 19 22 22 25 26 28 31 33 36 37 40 41 41 43 45 45 48 0 0 181 194 205 206 217 230 268 272 273 307 337 341 369 376 433 450 470 499 556 609 630 722 733 744 760 777 859 891 893 905 915 967
53.3807829181 36.6733466934 34 0 1 2 3 4 4 8 8 10 10 10 12 14 14 18 18 21 22 26 26 31 31 32 33 33 35 36 39 41 42 43 47 47 48 0 109 121 139 143 154 232 249 291 354 369 389 414 464 469 471 472 568 618 627 642 666 741 749 812 824 831 837 909 952 970 970 977 981
65.8362989324 32.4649298597 34 0 3 5 7 8 10 16 19 19 19 20 21 23 25 26 26 27 29 29 29 30 33 34 35 36 38 39 41 41 44 45 46 48 49 0 103 108 120 121 163 231 242 322 378 420 451 452 453 520 525 637 647 661 675 691 694 695 705 758 799 827 829 831 917 926 932 971 973
54.6263345196 46.0921843687 34 0 0 2 5 8 10 11 14 14 16 18 19 21 25 27 28 28 31 31 32 36 37 39 41 41 42 44 45 46 46 47 48 48 49 0 0 122 158 172 195 273 286 302 312 313 339 390 409 463 527 529 537 558 563 569 605 626 741 755 771 791 797 823 826 897 901 974 979
61.0320284698 44.2885771543 34 0 3 3 5 6 8 8 9 10 10 11 12 13 14 16 20 20 22 24 27 28 31 31 31 35 38 39 42 44 45 45 47 48 48 0 110 165 192 214 250 279 303 353 354 397 407 437 563 583 626 652 672 702 709 769 794 802 821 828 830 836 846 861 922 930 944 963 994
70.462633452 64.7294589178 34 0 0 0 3 5 7 7 10 10 12 12 13 13 15 18 19 19 21 22 22 28 32 37 37 39 39 40 41 42 42 43 46 47 49 0 103 118 130 140 141 167 203 212 214 218 329 394 409 435 436 485 505 522 560 578 646 649 705 707 708 741 746 785 864 907 937 958 993
50.8896797153 0.0 34 0 0 1 3 3 3 5 5 6 7 8 8 8 10 12 12 13 18 18 19 22 23 26 28 30 36 41 42 43 44 44 44 45 47 0 127 204 230 246 251 277 298 308 341 348 384 398 421 527 599 607 613 626 649 664 677 722 729 733 780 812 813 844 889 906 914 917 966
68.3274021352 51.9038076152 34 0 1 1 1 2 3 9 11 11 14 15 15 15 18 18 19 20 20 22 22 25 25 27 27 28 30 31 36 40 41 45 45 46 49 0 100 174 216 257 313 344 385 413 426 476 511 567 652 670 689 694 745 754 780 785 815 816 827 845 862 870 901 912 914 915 920 945 996
88.6120996441 48.8977955912 34 0 0 2 2 5 7 7 10 10 12 12 13 14 14 15 16 17 17 18 22 23 27 29 29 32 32 33 33 36 38 40 43 49 49 0 148 163 170 183 186 189 207 254 267 310 311 369 373 382 403 439 466 490 499 526 589 593 681 690 736 746 814 822 834 878 910 921 930
73.3096085409 12.2244488978 34 0 3 3 5 7 11 12 14 16 18 23 25 26 26 27 28 30 30 31 31 33 35 37 37 38 39 41 42 43 44 46 46 47 47 0 0 165 176 210 232 258 284 287 290 298 307 451 472 476 515 518 596 646 663 700 732 779 840 842 848 886 910 940 941 948 953 979 984
46.6192170819 49.8997995992 34 0 0 1 2 2 3 6 7 8 11 11 11 14 15 18 18 19 21 21 21 25 28 28 30 31 32 34 35 35 39 41 41 45 45 0 109 129 172 193 204 222 244 253 278 296 309 315 353 420 437 447 465 502 518 565 566 650 668 680 681 686 697 749 895 899 916 970 984
68.3274021352 16.8336673347 34 0 0 1 6 13 15 16 16 16 18 18 19 20 20 25 26 28 31 33 33 34 34 36 37 37 37 37 39 39 39 45 47 49 49 0 105 105 232 264 273 284 307 357 375 386 399 448 449 472 484 517 525 525 532 566 618 633 651 694 772 882 898 901 910 919 935 968 969
54.4483985765 58.9178356713 34 0 0 0 1 2 3 4 4 4 6 6 8 10 10 11 12 13 14 17 18 19 19 22 25 32 32 35 36 41 43 45 45 46 47 0 111 147 154 197 255 265 316 335 368 378 428 467 490 492 503 509 515 526 556 655 683 748 761 804 816 827 838 858 917 966 971 976 997
57.6512455516 66.1322645291 34 0 1 2 8 12 13 14 16 17 18 21 21 21 24 25 26 27 30 31 32 32 33 34 35 38 38 42 43 44 45 46 47 47 48 0 110 136 150 165 209 218 259 305 325 327 375 404 419 426 431 445 461 462 466 488 491 495 605 659 668 681 762 781 807 851 923 945 954
61.5658362989 53.3066132265 34 0 0 1 1 1 3 4 4 5 8 9 14 15 16 19 22 23 23 23 24 25 25 25 31 33 37 39 40 41 42 42 44 44 47 0 109 153 159 164 209 331 341 346 348 356 442 446 517 520 563 595 630 644 651 697 698 791 809 832 838 862 904 934 937 943 947 948 971
66.9039145907 53.9078156313 34 0 0 1 1 1 1 2 4 6 7 9 14 15 16 17 18 20 23 27 27 28 28 29 35 39 40 40 41 42 43 44 46 46 48 0 110 128 144 153 179 295 295 348 400 410 434 476 508 515 525 538 555 572 581 603 695 713 740 749 753 757 762 790 812 842 880 948 976
67.2597864769 93.5871743487 34 0 6 10 13 14 15 16 17 20 23 23 23 24 26 26 28 31 34 35 36 36 37 37 38 40 40 41 41 41 42 42 43 43 45 0 100 119 123 131 191 203 223 264 277 279 280 473 503 609 623 638 643 682 683 694 712 738 795 832 868 924 937 943 948 958 959 969 993
30.0711743772 28.0561122244 34 0 0 4 5 6 7 9 11 12 12 12 17 17 20 22 23 23 24 25 25 26 30 34 34 34 36 37 40 40 43 46 47 47 47 0 0 134 139 185 244 273 277 283 325 328 336 399 400 441 489 502 594 624 635 653 655 689 713 722 731 765 790 859 877 894 919 960 979
60.8540925267 42.4849699399 34 0 4 7 8 9 10 11 12 15 15 15 16 17 17 17 18 21 22 26 27 30 36 37 38 39 40 41 42 43 43 44 46 47 47 0 0 130 195 288 289 291 384 396 417 438 468 481 494 507 516 523 536 631 653 674 691 702 706 716 744 805 858 859 872 880 892 935 991
73.487544484 26.0521042084 34 0 1 1 1 2 5 7 8 12 12 13 13 13 15 17 17 19 19 20 20 24 26 27 31 34 34 35 36 40 41 42 45 48 48 0 0 117 135 139 158 169 198 216 313 342 344 350 353 365 365 377 531 575 609 644 668 672 680 699 708 717 774 775 791 854 854 942 954
68.5053380783 51.3026052104 34 0 1 2 4 4 5 6 6 7 7 10 16 17 17 17 22 25 25 26 27 28 28 29 29 29 31 31 33 34 35 40 43 43 43 0 0 148 154 166 233 239 241 269 280 283 330 410 413 432 453 507 539 554 560 601 737 739 766 786 823 825 834 841 907 940 959 965 980
46.4412811388 37.0741482966 34 0 0 4 4 4 12 12 14 14 16 21 23 24 24 26 27 27 27 28 29 30 33 35 35 37 39 40 42 44 46 46 47 48 49 0 100 148 149 171 173 188 208 217 229 330 399 419 424 450 467 502 605 621 640 688 723 745 767 823 830 851 870 883 901 920 923 961 981
78.6476868327 93.3867735471 34 0 0 1 1 3 3 4 4 4 8 10 10 11 12 12 14 17 19 19 20 21 22 25 26 30 31 31 33 34 36 38 41 48 49 0 139 169 248 302 324 342 345 362 372 385 436 444 460 484 487 499 510 530 553 556 590 623 663 699 772 794 823 883 902 910 914 921 954
70.462633452 53.9078156313 34 0 0 2 4 4 6 9 10 12 12 13 13 15 19 19 22 22 24 25 26 26 30 32 33 38 39 39 40 41 42 43 43 44 46 0 117 155 157 167 183 198 244 254 290 319 339 350 379 434 456 474 492 515 571 588 645 678 691 694 766 815 820 847 895 901 908 920 937
76.334519573 31.0621242485 34 0 0 1 2 4 5 7 8 8 10 11 11 11 13 14 17 19 19 23 26 28 33 33 34 35 36 42 43 43 43 44 46 48 49 0 0 130 173 222 247 268 270 290 296 314 338 409 409 409 435 448 481 500 527 561 562 577 622 683 722 835 843 852 859 869 906 922 956
56.5836298932 60.3206412826 34 0 2 9 9 12 15 17 17 18 18 18 19 20 20 22 22 22 22 25 27 29 31 32 35 37 40 42 43 43 44 45 46 47 48 0 117 125 140 144 144 173 175 181 183 187 240 262 290 306 325 336 512 596 616 616 629 637 743 766 777 812 842 849 851 937 983 991 998
62.0996441281 34.2685370741 34 0 2 3 3 3 3 4 5 10 12 13 14 14 15 19 19 19 21 25 27 28 29 32 33 33 33 34 37 38 41 41 48 48 49 0 115 158 186 233 246 261 262 267 343 361 374 376 426 429 519 549 557 615 618 619 620 631 678 720 727 744 745 767 803 818 824 831 995
39.5017793594 83.7675350701 34 0 0 0 0 2 3 5 6 6 10 11 12 13 14 15 17 18 25 25 26 26 29 29 29 30 35 39 39 41 41 44 44 45 48 0 0 150 202 210 255 257 332 353 353 386 396 408 414 435 449 510 533 564 582 584 642 706 727 775 776 805 823 894 942 948 956 976 995
0.0 54.1082164329 34 0 0 1 1 5 5 7 8 8 12 13 14 14 16 16 17 18 21 22 24 24 25 29 30 32 34 35 36 37 44 45 47 47 49 0 0 158 179 201 209 261 294 294 304 338 356 421 422 444 448 530 532 556 573 604 667 676 748 762 771 794 804 812 862 894 980 983 983
70.1067615658 38.0761523046 34 0 1 1 5 5 8 8 11 13 13 16 20 20 22 22 23 24 24 24 25 26 26 28 31 33 34 35 37 42 43 44 48 48 48 0 0 100 101 181 261 282 321 445 469 482 484 485 488 538 544 548 581 605 625 627 631 668 704 727 737 756 810 837 895 926 926 955 963
58.3629893238 37.0741482966 34 0 3 3 4 5 10 10 11 12 14 14 15 17 18 21 21 21 22 24 24 26 27 34 35 38 40 40 42 42 46 47 47 47 49 0 100 122 129 155 241 254 275 339 417 424 434 434 440 479 512 536 563 580 590 642 666 690 697 771 801 820 827 840 871 901 926 994 999
94.6619217082 35.6713426854 34 0 0 5 6 6 8 9 10 14 16 19 19 24 27 27 30 32 35 36 36 36 37 37 38 38 38 40 42 42 47 48 48 49 49 0 117 119 135 149 153 174 186 187 214 246 260 266 274 280 296 425 431 436 438 458 507 578 625 649 650 736 817 842 847 878 892 925 926
38.7900355872 71.5430861723 34 0 5 7 9 10 11 12 21 23 25 25 25 26 27 27 28 28 29 29 32 33 33 33 34 35 36 36 43 44 45 45 45 46 48 0 0 116 120 227 232 247 254 266 301 322 326 334 362 365 400 452 551 556 564 568 591 617 622 643 649 665 709 764 805 805 840 877 909
66.9039145907 67.3346693387 34 0 0 0 1 1 2 4 4 4 5 6 6 14 15 15 16 18 19 19 20 27 30 31 32 36 37 37 40 42 44 47 48 48 49 0 0 126 195 299 351 367 386 401 419 428 500 507 534 538 560 563 572 590 670 697 704 714 753 788 835 843 847 904 913 947 951 959 983
36.6548042705 26.6533066132 34 0 0 2 2 5 5 8 9 12 13 16 17 18 20 21 22 22 23 23 28 32 32 32 33 36 36 36 37 38 39 40 40 44 49 0 218 250 257 260 286 302 327 354 413 418 418 425 437 443 502 509 535 545 589 600 603 614 617 640 652 653 667 725 743 845 850 920 993
40.5693950178 52.7054108216 34 0 1 1 1 1 2 4 6 6 6 10 11 11 12 14 17 17 18 20 26 27 27 28 28 31 34 34 35 36 38 39 39 44 45 0 105 114 152 176 189 235 238 288 306 397 405 405 433 472 498 538 581 582 621 658 664 701 778 800 801 811 845 865 879 883 903 906 948
25.2669039146 55.3106212425 34 0 0 4 5 7 7 10 11 12 12 13 13 16 16 16 16 17 22 23 25 31 31 32 34 34 34 34 38 38 40 42 43 45 48 0 108 122 148 154 181 181 219 223 224 226 260 270 276 302 320 352 428 443 525 528 588 623 677 682 690 743 785 840 846 861 877 881 939
53.7366548043 73.9478957916 34 0 6 7 10 13 14 16 17 17 19 20 21 23 26 27 28 28 29 31 32 32 33 35 38 40 40 40 41 41 42 42 46 48 49 0 155 174 181 188 195 217 227 229 230 238 306 325 328 338 359 373 398 400 417 441 520 560 636 656 694 701 707 714 759 862 864 916 996
31.1387900356 26.6533066132 34 0 3 4 4 6 6 9 12 16 19 19 20 20 21 22 22 25 26 27 27 27 29 32 41 41 43 44 44 44 46 49 49 49 49 0 0 125 140 150 167 167 229 246 249 326 362 390 397 400 405 462 494 570 616 640 642 676 678 705 732 797 833 875 879 912 947 976 999
57.8291814947 43.6873747495 34 0 0 0 0 0 1 3 8 11 11 14 16 16 19 19 21 23 24 24 26 27 30 31 35 37 37 38 42 43 44 46 47 48 49 0 115 216 334 336 380 400 412 454 488 492 494 513 513 532 557 567 582 658 696 699 703 705 711 775 831 846 852 859 860 954 966 977 983
72.7758007117 43.8877755511 34 0 1 1 1 3 5 5 8 14 14 14 16 17 18 18 19 21 22 22 22 22 29 33 33 35 36 39 39 41 41 45 47 48 48 0 208 210 211 273 305 311 329 330 334 343 360 361 390 409 411 446 486 490 501 555 592 615 631 736 789 799 867 883 889 936 964 968 972
74.3772241993 53.5070140281 34 0 4 9 10 12 13 14 17 19 20 21 21 21 22 22 23 25 27 29 30 31 34 36 38 39 41 42 43 43 43 44 44 45 47 0 167 186 204 235 238 261 315 324 330 335 372 380 408 434 441 466 478 512 531 611 639 653 657 663 765 774 798 800 809 906 935 978 986
72.5978647687 37.2745490982 34 0 0 2 2 3 10 11 11 14 14 14 15 17 19 20 21 22 22 23 23 25 27 27 29 32 34 36 39 39 39 40 41 45 46 0 101 168 183 191 269 395 407 410 449 493 504 573 577 582 599 680 682 686 696 730 731 736 736 741 741 746 770 783 865 941 954 980 994
79.359430605 41.4829659319 34 0 3 4 5 6 10 12 13 14 15 17 19 20 23 23 24 25 27 28 28 29 31 31 33 35 36 37 38 39 40 40 45 47 47 0 168 173 196 198 269 300 355 361 375 390 433 491 499 505 536 558 592 655 663 666 669 672 685 685 696 720 724 744 768 783 849 859 863
48.0427046263 45.4909819639 34 0 1 2 6 6 9 9 10 12 12 13 14 18 18 19 21 22 22 23 23 25 27 29 30 31 32 33 35 36 38 38 41 46 47 0 114 133 158 209 232 256 271 372 397 409 419 425 438 466 470 504 553 597 615 616 633 681 699 720 766 818 818 833 904 908 930 978 981
63.8790035587 71.7434869739 34 0 2 3 4 4 7 7 9 11 12 13 16 18 20 20 22 26 26 29 30 36 37 37 38 38 38 39 42 42 44 44 47 47 49 0 111 113 113 135 141 153 183 185 188 203 233 279 287 316 323 361 384 397 421 431 454 483 488 494 553 602 627 704 706 773 776 850 985
63.7010676157 44.6893787575 34 0 1 1 1 2 5 7 8 13 15 18 20 20 20 21 24 27 27 28 29 29 31 31 35 35 37 38 41 42 43 44 47 48 48 0 109 130 140 170 268 275 326 344 384 386 396 459 468 472 475 509 532 560 581 594 605 617 806 807 809 877 878 913 917 939 962 972 998
48.0427046263 33.0661322645 34 0 3 3 3 4 6 6 9 11 11 12 16 17 19 22 24 26 27 27 27 28 29 31 31 33 34 35 36 38 40 43 46 49 49 0 148 165 240 280 299 321 342 344 360 387 409 435 449 469 504 510 569 570 584 646 652 733 737 792 795 801 806 884 888 916 957 979 979
67.4377224199 50.7014028056 34 0 0 2 3 5 7 8 8 9 10 10 14 15 15 18 19 21 21 22 24 25 29 29 29 31 33 35 35 40 43 46 47 48 48 0 123 165 179 191 305 318 342 352 374 389 413 453 480 547 553 605 641 653 660 688 694 707 719 754 768 824 826 829 831 833 884 946 964
65.1245551601 48.6973947896 34 0 1 2 2 4 4 5 5 5 6 8 8 11 12 13 14 17 21 23 24 28 29 30 31 35 41 42 43 44 44 45 45 45 48 0 107 154 158 159 169 218 287 297 362 389 438 440 450 495 501 530 572 590 625 635 682 697 718 735 749 773 789 851 869 894 898 905 987
26.1565836299 17.4348697395 34 0 0 1 1 5 6 7 7 12 13 15 15 16 16 19 23 24 26 28 28 29 30 33 38 41 42 43 44 45 45 46 46 47 49 0 129 145 195 238 258 272 291 307 311 326 382 391 402 405 416 418 419 529 554 595 633 636 639 702 752 801 847 875 890 891 898 901 945
63.8790035587 27.4549098196 34 0 0 1 2 5 7 9 10 10 11 12 12 18 21 22 26 26 27 27 28 30 30 32 33 36 36 38 40 40 42 44 44 46 47 0 110 114 117 163 208 229 296 337 346 408 461 482 484 541 544 573 578 615 618 661 714 742 745 747 748 756 769 797 803 842 950 966 970
82.5622775801 46.8937875752 34 0 3 5 5 5 6 9 10 14 15 16 17 18 19 20 20 22 23 26 31 32 33 35 37 37 38 39 41 43 43 46 48 48 49 0 0 148 210 243 244 250 267 269 278 286 355 406 425 469 552 574 578 595 619 663 670 693 699 711 752 763 814 849 893 901 957 965 994
62.2775800712 44.4889779559 34 0 0 1 3 7 8 9 11 14 14 14 15 15 17 17 19 19 21 23 25 27 27 27 27 28 30 30 34 35 37 37 43 44 44 0 125 154 163 178 196 249 262 331 333 334 370 374 393 410 445 460 476 487 500 550 565 639 680 683 683 693 725 749 762 845 897 935 998
53.024911032 15.6312625251 34 0 0 1 6 7 9 9 11 13 14 15 16 19 20 21 24 26 27 27 28 28 29 31 32 35 38 38 40 41 43 46 47 48 48 0 0 111 153 183 193 210 224 285 295 320 354 367 438 447 459 503 511 562 665 669 692 708 712 788 789 809 834 834 868 890 902 911 977
33.0960854093 33.4669338677 34 0 0 5 5 6 7 9 9 12 14 14 16 16 17 18 20 21 22 23 23 24 29 30 34 35 37 37 39 40 42 43 43 44 49 0 110 141 148 171 210 214 275 282 384 402 532 582 593 638 640 652 653 661 681 712 729 743 750 769 773 824 839 839 845 847 851 855 923
66.5480427046 46.2925851703 34 0 3 3 3 5 5 6 6 6 8 12 13 14 15 15 15 15 16 21 24 26 29 29 30 30 30 31 34 39 39 41 45 46 46 0 111 113 116 200 223 231 248 280 280 341 359 365 423 429 455 475 563 585 642 648 658 675 680 730 733 750 768 793 840 900 933 980 998
16.5480427046 41.4829659319 34 0 1 1 3 4 4 4 7 11 12 15 19 21 23 24 25 25 28 30 32 34 35 36 37 37 38 38 38 39 43 43 44 49 49 0 129 166 172 183 193 216 220 235 314 341 345 360 391 404 437 450 462 475 485 491 569 767 778 787 789 821 839 852 880 920 956 959 980
68.1494661922 14.4288577154 34 0 2 3 4 6 7 7 8 9 9 11 11 13 17 17 22 23 24 28 28 31 32 32 33 35 39 42 43 44 46 47 48 48 49 0 0 118 119 133 185 201 225 254 284 423 453 475 495 516 535 537 601 618 662 691 706 747 751 771 825 843 881 940 942 946 953 968 986
70.1067615658 45.8917835671 34 0 0 2 4 4 4 8 12 13 14 16 18 18 18 19 19 22 25 27 28 29 29 30 33 35 36 39 41 43 43 45 46 47 49 0 0 143 179 189 244 257 293 305 306 356 397 405 452 482 497 554 557 563 610 626 636 655 658 674 762 779 783 822 894 930 957 966 982
100.0 51.7034068136 34 0 1 2 3 3 5 8 8 9 11 12 12 13 13 16 16 17 18 19 20 20 25 26 29 29 30 32 33 34 36 39 40 45 47 0 101 106 109 119 129 132 160 238 241 275 283 310 349 355 422 503 546 549 604 604 605 612 646 663 707 716 753 772 834 862 921 946 995
45.3736654804 61.7234468938 34 0 1 1 4 7 9 9 11 11 13 14 16 16 16 18 19 23 26 30 32 32 37 37 38 39 40 40 42 43 44 45 45 48 48 0 112 115 122 141 190 232 253 267 286 316 378 420 479 523 571 581 594 598 616 663 676 678 718 770 782 792 856 882 885 901 912 928 981
53.9145907473 20.8416833667 34 0 2 7 9 11 12 14 15 15 19 19 24 25 25 25 27 27 28 31 32 32 34 34 34 35 38 39 40 41 42 42 44 47 48 0 0 134 150 160 183 217 234 288 304 325 337 379 408 486 519 532 554 604 605 609 611 620 636 678 682 729 739 753 812 855 894 912 968
63.8790035587 60.3206412826 34 0 1 1 2 2 3 3 4 6 8 9 16 16 18 21 21 21 24 25 27 27 29 29 30 30 31 37 38 39 39 42 44 46 49 0 0 113 161 192 204 215 219 223 234 352 390 391 394 406 444 467 469 560 561 649 669 679 724 749 761 787 825 830 845 870 958 966 970
53.5587188612 38.4769539078 34 0 6 6 10 10 11 13 13 19 19 19 19 19 20 21 23 23 24 26 28 28 28 29 29 31 33 34 34 35 39 41 42 45 48 0 0 139 164 172 231 232 235 240 277 291 347 353 354 357 404 468 477 500 533 591 614 651 674 680 714 733 768 774 792 833 839 866 977
58.1850533808 42.8857715431 34 0 0 0 1 1 2 4 5 5 7 7 9 11 11 14 14 17 18 19 20 28 31 35 36 37 38 41 42 42 43 43 45 46 48 0 118 176 264 285 306 317 320 340 350 355 444 445 460 470 498 535 555 557 578 598 642 652 696 696 698 783 814 823 919 928 958 962 977
80.4270462633 12.2244488978 34 0 0 1 5 7 7 11 12 12 15 16 16 16 17 20 21 24 24 28 29 31 32 32 33 38 39 40 41 42 43 43 45 45 48 0 150 192 213 276 326 358 370 388 423 425 440 464 485 499 507 542 587 600 605 632 644 656 660 699 759 808 821 836 844 857 878 964 982
75.0889679715 29.2585170341 34 0 1 1 1 2 2 5 8 8 9 10 12 13 13 15 16 17 17 22 22 23 26 27 29 32 34 40 41 43 44 45 48 48 49 0 101 122 164 226 240 282 307 318 336 354 355 366 376 404 409 411 451 487 574 589 595 601 613 617 627 631 664 679 681 739 853 898 987
56.7615658363 40.4809619238 34 0 1 1 3 3 4 6 6 7 11 13 13 14 18 18 19 23 23 28 29 30 33 34 35 38 40 40 41 42 45 46 47 49 49 0 106 129 135 189 193 194 203 279 283 319 384 402 482 504 535 556 668 676 698 698 704 729 748 751 770 794 809 863 868 894 953 955 984
53.024911032 56.5130260521 34 0 0 0 0 5 5 7 9 9 10 11 12 14 14 17 17 18 19 20 20 21 21 28 31 34 39 41 42 43 44 45 47 47 48 0 240 299 353 414 462 503 527 531 584 600 609 659 669 680 700 707 717 742 786 789 809 813 839 852 864 864 876 878 897 941 954 960 990
62.8113879004 66.5330661323 34 0 0 1 3 3 5 7 9 10 12 14 15 16 19 21 21 22 24 24 26 26 30 35 37 37 39 39 39 43 45 46 46 47 48 0 134 156 200 221 225 248 257 279 287 315 404 420 453 470 478 484 512 539 546 548 552 573 599 626 657 749 751 797 844 860 879 909 997
97.153024911 15.2304609218 34 0 0 2 3 5 6 8 8 9 10 12 12 12 13 13 14 21 22 23 25 28 29 31 31 32 33 35 35 40 41 41 41 42 42 0 0 109 151 172 211 225 240 246 248 284 330 351 359 371 384 399 460 505 520 531 583 624 761 792 836 843 855 855 863 882 891 961 965
54.8042704626 35.0701402806 34 0 6 8 9 10 10 11 12 12 12 14 19 19 21 24 25 28 29 29 29 32 35 35 35 37 37 38 39 39 42 45 47 49 49 0 0 125 188 199 219 257 284 291 387 396 421 462 484 486 505 505 538 560 561 568 578 653 711 713 742 776 800 802 863 943 948 965 971
64.4128113879 56.9138276553 34 0 0 1 4 5 5 11 12 14 17 17 19 21 21 21 22 22 27 27 27 29 31 32 33 34 35 35 35 38 40 42 47 47 48 0 0 173 242 268 276 333 339 407 440 468 472 500 505 507 518 523 539 550 646 695 720 734 762 786 802 806 863 874 890 903 916 953 960
220
60.2339181287 54.7244094488 3
39.7660818713 30.1181102362 5
50.4873294347 62.9921259843 5
54.3859649123 52.7559055118 7
32.9434697856 39.1732283465 3
80.5068226121 62.7952755906 3
18.1286549708 32.0866141732 7
34.6978557505 43.5039370079 4
53.6062378168 60.6299212598 1
54.1910331384 32.4803149606 7
100.0 21.8503937008 3
68.0311890838 75.0 7
73.4892787524 14.5669291339 2
40.1559454191 57.874015748 3
61.7933723197 100.0 2
28.6549707602 51.3779527559 8
78.9473684211 19.8818897638 6
38.4015594542 47.8346456693 1
63.7426900585 27.5590551181 9
52.2417153996 22.6377952756 1
34.6978557505 68.8976377953 6
64.7173489279 37.0078740157 1
54.9707602339 77.1653543307 7
53.9961013645 28.1496062992 5
74.4639376218 55.3149606299 5
45.22417154 40.157480315 3
29.8245614035 29.3307086614 5
93.3723196881 51.5748031496 9
59.649122807 83.6614173228 4
41.3255360624 42.7165354331 5
53.6062378168 39.1732283465 2
39.1812865497 70.8661417323 8
51.0721247563 55.3149606299 3
42.3001949318 37.0078740157 1
84.0155945419 63.3858267717 2
53.8011695906 60.2362204724 1
46.9785575049 38.188976378 5
37.4269005848 58.4645669291 9
25.1461988304 50.9842519685 2
51.0721247563 55.3149606299 4
81.0916179337 7.87401574803 2
51.0721247563 28.7401574803 5
47.9532163743 24.0157480315 9
33.7231968811 42.125984252 1
40.350877193 54.7244094488 9
46.0038986355 41.7322834646 9
16.179337232 0.0 6
47.9532163743 63.5826771654 1
62.5730994152 26.5748031496 2
23.9766081871 31.4960629921 2
33.918128655 32.0866141732 9
59.4541910331 50.7874015748 3
30.9941520468 36.4173228346 2
31.7738791423 75.3937007874 1
72.9044834308 12.9921259843 1
69.395711501 26.968503937 7
29.6296296296 22.4409448819 8
29.4346978558 27.7559055118 9
24.171539961 60.8267716535 7
58.2846003899 39.1732283465 4
49.3177387914 20.2755905512 5
33.7231968811 35.8267716535 9
52.0467836257 36.6141732283 8
57.3099415205 40.9448818898 4
78.5575048733 18.8976377953 9
58.8693957115 33.6614173228 1
52.8265107212 77.3622047244 4
33.3333333333 65.3543307087 6
48.343079922 36.4173228346 8
59.2592592593 58.8582677165 2
64.522417154 42.125984252 3
59.4541910331 41.3385826772 2
51.0721247563 19.2913385827 3
10.7212475634 34.4488188976 8
68.0311890838 37.2047244094 3
61.4035087719 43.1102362205 3
40.350877193 28.7401574803 3
55.7504873294 26.968503937 8
53.4113060429 57.4803149606 9
37.2319688109 71.2598425197 2
35.8674463938 59.4488188976 8
71.5399610136 91.7322834646 8
61.2085769981 75.0 9
24.9512670565 44.094488189 3
50.6822612086 77.3622047244 6
44.2495126706 44.6850393701 1
59.4541910331 21.8503937008 4
46.9785575049 41.5354330709 5
54.3859649123 53.1496062992 2
31.5789473684 50.5905511811 7
38.2066276803 55.3149606299 8
17.3489278752 57.874015748 4
34.1130604288 50.3937007874 5
51.8518518519 59.6456692913 6
72.9044834308 45.2755905512 7
38.5964912281 94.2913385827 2
59.8440545809 16.5354330709 8
61.4035087719 48.031496063 4
29.044834308 59.842519685 3
54.3859649123 52.7559055118 2
59.0643274854 30.7086614173 8
84.7953216374 60.2362204724 7
41.1306042885 69.094488189 9
81.2865497076 54.1338582677 3
33.7231968811 65.7480314961 3
53.216374269 68.5039370079 6
27.0955165692 84.2519685039 6
46.9785575049 46.2598425197 8
49.1228070175 35.0393700787 9
17.3489278752 62.7952755906 1
60.6237816764 63.9763779528 6
75.828460039 27.9527559055 5
25.5360623782 56.8897637795 4
55.5555555556 51.1811023622 7
69.7855750487 36.811023622 5
13.8401559454 27.5590551181 1
35.477582846 61.0236220472 4
68.4210526316 26.1811023622 8
25.730994152 49.8031496063 9
45.22417154 49.0157480315 9
52.8265107212 62.5984251969 5
40.350877193 45.6692913386 2
48.7329434698 18.5039370079 3
53.216374269 56.6929133858 1
48.1481481481 72.0472440945 7
45.22417154 44.4881889764 8
45.4191033138 21.062992126 3
97.8557504873 47.8346456693 2
51.8518518519 76.3779527559 5
36.6471734893 56.4960629921 4
80.1169590643 20.4724409449 2
45.4191033138 35.4330708661 9
46.783625731 67.5196850394 8
62.1832358674 52.9527559055 3
25.1461988304 21.6535433071 9
30.2144249513 73.6220472441 7
39.1812865497 55.1181102362 2
58.4795321637 69.094488189 2
38.9863547758 73.4251968504 8
46.0038986355 64.7637795276 6
46.1988304094 41.9291338583 4
34.8927875244 72.8346456693 7
23.3918128655 6.29921259843 1
66.6666666667 44.8818897638 3
44.6393762183 52.9527559055 8
29.8245614035 76.1811023622 8
32.3586744639 21.8503937008 7
64.1325536062 24.8031496063 6
21.2475633528 27.3622047244 4
44.4444444444 37.7952755906 7
32.7485380117 36.0236220472 6
66.081871345 33.4645669291 1
88.8888888889 57.4803149606 8
69.5906432749 43.8976377953 7
49.7076023392 63.7795275591 1
36.6471734893 51.3779527559 4
37.6218323587 55.905511811 7
32.5536062378 51.5748031496 3
50.6822612086 27.9527559055 3
15.2046783626 13.188976378 3
59.4541910331 88.9763779528 6
28.0701754386 69.4881889764 6
69.9805068226 35.4330708661 5
90.253411306 56.4960629921 5
39.5711500975 50.1968503937 1
13.8401559454 11.4173228346 3
64.9122807018 38.7795275591 4
66.2768031189 52.3622047244 7
42.8849902534 98.4251968504 5
60.6237816764 41.1417322835 3
55.7504873294 34.4488188976 7
59.8440545809 64.1732283465 6
32.3586744639 89.3700787402 9
86.1598440546 34.4488188976 2
55.7504873294 12.2047244094 6
37.037037037 50.0 9
55.1656920078 49.6062992126 6
58.2846003899 25.5905511811 8
35.0877192982 53.7401574803 6
40.1559454191 49.4094488189 4
86.9395711501 52.3622047244 2
43.0799220273 44.094488189 6
30.9941520468 51.1811023622 7
80.5068226121 47.6377952756 2
77.7777777778 64.9606299213 6
42.6900584795 38.7795275591 7
74.4639376218 16.3385826772 7
73.0994152047 38.3858267717 5
73.6842105263 42.5196850394 5
47.9532163743 48.8188976378 3
37.8167641326 21.062992126 2
29.044834308 81.2992125984 3
44.0545808967 7.48031496063 4
40.7407407407 73.4251968504 4
0.0 29.9212598425 3
56.3352826511 65.7480314961 2
47.9532163743 72.8346456693 4
53.8011695906 38.188976378 9
7.01754385965 42.7165354331 3
40.9356725146 35.4330708661 5
55.1656920078 5.11811023622 6
51.8518518519 47.6377952756 1
52.2417153996 10.2362204724 7
47.7582846004 29.1338582677 4
46.3937621832 22.4409448819 8
49.5126705653 37.2047244094 1
52.8265107212 4.33070866142 9
51.0721247563 24.0157480315 7
47.5633528265 7.48031496063 7
18.1286549708 71.8503937008 7
76.8031189084 68.8976377953 1
61.9883040936 72.2440944882 6
23.5867446394 57.4803149606 2
40.9356725146 47.4409448819 1
72.514619883 72.0472440945 3
61.7933723197 50.0 7
38.7914230019 56.4960629921 9
58.6744639376 73.6220472441 5
34.8927875244 42.125984252 7
59.649122807 12.5984251969 6
