110
18.320610687 58.0530973451 30 0 2 3 4 8 8 8 8 18 19 22 22 29 29 31 33 35 38 41 41 41 42 42 44 44 44 45 47 47 48 0 0 143 154 157 188 192 208 247 303 352 434 439 469 471 571 602 603 605 649 714 737 738 761 807 817 821 880 914 936
71.7557251908 55.9292035398 30 0 2 5 6 7 8 10 11 14 15 18 18 20 23 23 29 30 31 31 32 36 38 39 40 40 42 42 44 44 48 0 0 112 159 162 201 220 251 256 275 281 329 329 362 366 390 410 414 423 447 449 453 487 500 563 612 670 683 785 957
71.5012722646 55.0442477876 30 0 0 1 4 5 6 9 9 9 12 13 14 14 15 16 21 22 24 24 26 27 29 30 32 35 37 41 43 44 47 0 0 105 193 283 299 307 316 317 391 399 405 431 438 443 467 494 500 502 569 635 642 687 776 782 816 862 869 976 978
100.0 32.7433628319 30 0 2 6 9 9 13 15 17 17 17 18 19 21 22 24 27 28 30 31 35 37 39 39 39 39 41 43 44 45 48 0 110 158 181 204 205 221 283 299 312 321 340 376 493 510 549 606 729 748 772 775 809 883 922 950 955 961 975 981 994
52.417302799 43.5398230088 30 0 1 5 10 10 11 13 13 15 15 18 19 20 21 22 22 27 29 32 34 34 34 40 40 41 43 44 46 46 48 0 102 155 174 198 241 276 331 345 399 425 441 464 575 605 612 634 657 685 712 737 740 815 836 862 869 904 922 943 994
15.5216284987 77.8761061947 30 0 0 1 2 6 7 10 11 12 13 13 15 17 17 18 20 22 25 25 27 28 35 35 36 36 39 39 42 43 49 0 145 171 181 197 218 251 258 307 320 321 342 342 370 445 475 487 591 649 670 688 716 746 747 850 853 937 966 968 989
70.4834605598 45.1327433628 30 0 0 1 1 5 6 8 10 12 13 14 15 17 18 18 21 24 24 25 25 26 26 26 30 31 31 44 45 47 49 0 132 153 225 236 258 260 273 293 369 404 409 492 523 533 573 576 707 715 722 724 738 765 782 836 838 840 864 868 954
44.2748091603 15.2212389381 30 0 1 2 7 12 18 23 24 24 24 27 28 29 29 29 31 31 32 35 36 37 37 37 37 38 39 40 42 45 46 0 102 132 191 284 354 393 409 414 415 461 464 488 500 513 528 566 629 738 751 802 806 812 816 817 894 959 978 984 988
30.0254452926 79.2920353982 30 0 2 4 6 7 10 11 12 12 17 18 18 19 19 25 25 28 29 29 30 31 33 35 35 36 39 40 40 43 49 0 144 149 189 222 283 301 302 315 324 363 379 404 419 422 432 507 537 676 741 744 757 762 778 810 825 875 898 937 953
52.6717557252 32.7433628319 30 0 1 1 3 6 8 8 10 13 14 15 21 24 25 26 27 27 27 30 31 31 35 35 37 39 40 44 44 44 48 0 166 251 283 297 319 354 415 461 479 531 552 553 566 619 624 651 669 673 679 686 716 718 806 821 871 879 885 945 976
41.475826972 53.2743362832 30 0 8 9 10 15 15 16 16 20 23 23 23 25 26 29 29 30 30 32 32 33 34 36 39 42 45 45 46 47 48 0 110 145 184 211 217 295 296 312 319 394 431 441 450 469 499 555 608 621 621 760 778 781 790 805 873 907 934 934 992
16.7938931298 25.4867256637 30 0 1 3 4 8 10 11 11 15 18 18 19 19 19 20 27 31 32 35 36 36 36 38 39 41 41 44 45 47 48 0 106 107 185 195 224 296 319 354 383 511 525 528 531 564 585 605 625 646 654 655 694 694 730 773 855 884 929 953 998
9.41475826972 44.4247787611 30 0 4 4 5 6 9 9 10 11 11 12 15 16 20 21 21 21 21 24 26 26 27 30 34 35 37 37 44 44 49 0 118 124 158 229 235 266 270 273 295 298 326 338 347 356 381 385 401 445 610 623 672 702 718 732 749 798 862 888 988
71.7557251908 7.0796460177 30 0 0 0 3 3 7 9 11 19 21 26 29 32 35 37 40 40 40 40 41 42 42 42 43 43 43 44 44 45 46 0 103 116 153 223 304 352 365 398 400 414 414 471 484 519 563 569 627 660 690 705 739 739 765 783 820 844 983 993 995
56.4885496183 57.5221238938 30 0 0 1 2 3 4 5 6 6 9 11 12 13 14 17 21 24 24 28 33 35 35 36 36 37 44 45 45 47 48 0 0 125 140 193 205 225 304 481 514 547 565 595 596 610 611 646 649 673 699 729 768 829 872 873 897 936 951 964 996
40.9669211196 49.3805309735 30 0 2 3 8 9 9 14 17 19 19 19 20 21 25 28 31 33 34 35 35 36 37 39 40 41 45 45 46 47 48 0 129 149 151 179 240 301 323 400 404 448 497 503 517 574 621 653 669 684 742 765 828 836 865 871 895 959 965 980 984
96.4376590331 33.2743362832 30 0 0 1 1 2 3 4 6 10 14 15 17 18 20 20 21 21 25 27 28 31 34 34 36 39 40 41 42 45 47 0 149 173 218 266 329 335 355 465 567 596 616 624 647 660 674 685 708 757 781 813 825 845 902 908 916 934 960 988 997
43.0025445293 47.7876106195 30 0 0 0 1 2 8 9 12 12 14 21 21 25 25 26 28 30 30 33 34 35 37 39 40 41 42 46 48 48 49 0 0 147 148 151 269 313 313 317 379 412 471 476 530 530 592 619 633 691 714 739 759 763 770 811 815 823 843 909 999
81.1704834606 49.0265486726 30 0 1 3 5 5 7 7 9 11 14 15 16 18 19 19 21 22 27 27 30 34 35 36 37 37 38 38 39 41 45 0 0 124 130 166 211 217 236 293 316 365 406 446 565 566 583 616 628 632 711 755 760 777 804 827 908 910 942 974 982
72.2646310433 49.9115044248 30 0 1 1 1 5 5 5 7 10 10 12 12 14 14 23 27 28 28 30 31 37 38 38 39 42 42 43 44 49 49 0 0 112 133 134 171 198 203 268 272 293 396 398 511 519 532 550 645 670 698 708 725 744 770 820 824 932 939 962 970
38.4223918575 72.2123893805 30 0 0 2 4 4 4 4 5 6 8 9 10 14 18 19 22 24 24 25 31 32 32 35 39 41 41 42 44 47 48 0 103 147 165 192 219 249 256 359 376 378 395 407 489 503 576 582 622 635 680 698 778 814 818 873 882 907 936 968 990
32.5699745547 44.9557522124 30 0 1 1 5 7 8 9 11 12 14 15 20 21 24 25 26 29 30 30 30 32 32 32 33 34 35 40 43 43 49 0 0 163 178 235 236 246 269 287 304 315 352 370 388 405 454 473 500 504 592 599 601 603 737 778 834 866 874 949 983
62.0865139949 48.4955752212 30 0 6 9 10 10 11 15 18 19 20 22 22 23 25 25 26 28 30 30 32 33 35 35 39 42 44 45 45 47 48 0 143 166 274 277 314 317 385 388 392 396 410 455 466 489 500 525 543 566 608 640 646 668 735 737 789 868 917 952 971
19.5928753181 75.5752212389 30 0 2 3 3 4 5 5 7 7 12 13 14 16 17 18 20 23 23 25 27 28 29 29 32 35 39 40 41 47 49 0 104 122 144 146 146 165 211 315 346 373 405 433 463 474 480 508 549 557 585 611 681 770 811 821 830 900 950 977 985
60.3053435115 58.407079646 30 0 0 1 2 4 6 9 10 10 11 16 16 19 19 20 24 27 29 30 35 35 37 38 39 41 43 43 46 49 49 0 101 187 198 214 233 445 558 594 606 621 635 648 692 726 747 748 761 764 819 853 879 888 892 932 937 939 947 982 993
44.0203562341 73.0973451327 30 0 0 0 1 8 10 11 12 14 15 15 16 17 17 17 18 19 19 21 22 25 26 35 35 37 39 43 44 45 46 0 135 202 202 204 305 335 387 403 437 456 506 515 527 637 665 681 682 721 735 754 762 769 775 838 848 851 903 950 993
95.165394402 15.9292035398 30 0 0 4 5 7 8 10 13 19 19 21 21 22 23 24 24 25 26 29 30 30 33 36 43 43 44 45 46 46 49 0 0 103 109 178 182 201 245 268 317 320 365 369 395 423 538 545 611 642 652 675 701 702 732 834 867 881 956 962 989
40.203562341 74.3362831858 30 0 0 1 5 9 10 11 14 14 16 16 17 18 20 22 23 23 24 26 26 27 27 31 31 39 41 43 46 48 48 0 0 104 112 151 164 185 185 249 249 268 331 365 390 391 439 455 459 496 528 576 595 612 637 671 832 880 882 944 969
14.2493638677 42.3008849558 30 0 3 4 4 6 10 11 13 13 14 16 18 21 23 25 26 26 30 32 33 33 36 36 37 40 40 41 41 42 44 0 0 134 231 234 283 301 333 345 472 493 505 604 621 649 702 762 792 811 812 815 829 832 840 857 907 952 959 981 989
55.4707379135 50.0884955752 30 0 1 2 3 4 5 5 5 6 9 9 11 11 17 19 20 23 24 25 26 28 29 36 37 38 41 43 46 48 49 0 0 111 114 133 134 180 187 189 193 201 273 355 364 378 386 396 417 429 459 510 583 601 609 665 703 764 769 819 873
49.1094147583 55.3982300885 30 0 0 3 5 5 7 8 14 15 16 17 18 21 25 28 31 31 31 31 32 33 35 37 41 42 42 42 44 44 44 0 147 163 361 395 401 425 453 460 476 478 508 525 543 550 578 595 617 635 677 697 698 714 800 832 845 893 898 904 951
94.4020356234 53.8053097345 30 0 2 4 5 5 6 6 9 9 11 11 15 16 17 18 18 20 21 22 24 24 29 29 31 33 35 45 45 48 49 0 108 111 126 159 169 195 203 229 241 244 274 298 356 379 447 550 554 558 590 717 722 740 756 807 861 862 879 965 971
59.796437659 54.1592920354 30 0 0 3 3 3 10 10 15 17 18 18 19 19 20 27 32 35 35 36 37 37 38 38 38 42 42 43 44 44 45 0 144 148 150 166 233 244 318 337 349 413 430 440 517 533 540 575 577 636 640 646 647 684 821 891 897 903 937 953 999
35.6234096692 51.3274336283 30 0 0 2 2 3 5 5 8 11 12 16 20 22 22 23 24 27 27 29 33 34 36 36 38 40 40 44 44 44 49 0 134 156 254 301 307 321 326 340 379 424 440 442 485 504 508 580 651 691 759 774 811 816 864 875 938 953 957 992 998
61.0687022901 47.7876106195 30 0 0 1 1 2 4 8 8 8 8 9 11 12 14 15 17 17 21 26 27 29 33 33 37 38 38 43 44 44 46 0 104 201 228 230 262 271 283 304 367 373 385 406 411 444 445 489 572 639 647 671 751 824 862 879 910 927 967 981 985
74.0458015267 27.610619469 30 0 0 0 1 3 6 7 9 11 12 12 13 14 16 17 21 30 31 32 33 34 38 42 42 44 44 44 45 47 49 0 154 162 164 194 265 326 327 366 421 460 500 539 576 595 622 658 690 694 697 722 788 805 817 863 869 901 910 955 980
39.6946564885 35.3982300885 30 0 1 4 8 8 8 9 9 11 11 12 12 12 17 19 19 20 23 24 25 32 36 36 38 39 41 42 45 45 48 0 165 200 203 230 263 283 309 310 360 374 390 437 462 473 489 532 543 561 674 723 724 743 795 862 877 889 966 985 990
40.7124681934 49.9115044248 30 0 0 5 6 7 8 13 17 19 21 21 22 24 24 24 26 27 27 30 30 35 37 38 39 41 42 43 45 47 48 0 105 121 172 172 200 206 258 372 379 404 447 458 506 540 571 601 605 631 632 670 692 698 776 805 827 836 869 885 975
88.8040712468 0.0 30 0 0 1 1 3 6 7 12 17 18 18 20 23 24 26 29 33 36 36 36 39 40 43 44 46 47 48 48 49 49 0 130 211 264 363 370 376 438 480 532 534 575 576 612 688 732 747 777 786 820 835 847 891 911 930 932 975 975 991 999
13.7404580153 54.8672566372 30 0 1 2 3 5 6 7 7 10 12 12 14 15 15 18 21 23 29 30 31 33 34 35 36 37 39 39 39 48 48 0 155 220 260 275 291 381 419 423 459 496 508 525 534 544 556 578 615 628 706 741 776 817 819 831 851 892 910 936 968
49.1094147583 65.4867256637 30 0 0 2 3 8 8 9 13 15 15 17 18 19 19 20 20 22 25 27 29 30 35 37 38 42 43 45 47 48 49 0 125 194 222 268 269 272 310 316 408 431 441 443 453 481 498 539 554 571 622 623 644 689 708 716 848 883 975 986 997
34.8600508906 54.3362831858 30 0 0 2 6 6 7 9 9 9 10 10 11 13 15 21 23 24 25 25 29 31 31 33 35 35 37 39 41 44 45 0 107 108 138 181 191 285 290 315 350 350 358 374 378 418 447 448 477 517 587 660 688 694 743 785 802 811 823 969 972
45.8015267176 53.0973451327 30 0 1 2 4 6 6 7 7 16 19 24 26 26 29 29 30 30 30 30 35 37 38 39 40 41 42 42 44 45 47 0 115 119 147 209 242 266 307 312 348 363 366 368 444 492 540 587 616 628 718 771 795 798 805 873 894 918 927 955 974
21.6284987277 46.7256637168 30 0 3 8 9 10 11 12 13 13 15 16 17 17 19 20 22 25 26 26 26 29 34 36 36 39 40 41 44 46 49 0 117 135 142 153 164 239 267 335 410 424 507 558 573 579 590 653 657 680 680 789 791 804 847 899 916 967 976 977 993
58.7786259542 33.0973451327 30 0 0 1 4 4 5 7 7 7 13 14 15 18 18 19 27 27 27 28 30 31 31 33 34 36 40 46 47 48 48 0 143 166 217 228 256 304 315 319 330 335 369 398 399 409 430 535 551 622 678 763 775 798 803 813 851 933 934 938 982
55.4707379135 50.2654867257 30 0 0 0 2 4 5 7 8 12 13 13 13 14 18 19 23 25 25 28 30 30 32 34 38 39 42 45 47 48 48 0 100 164 173 228 247 297 304 324 332 448 455 467 494 496 501 587 640 675 681 702 707 767 786 796 801 853 858 891 967
4.07124681934 51.6814159292 30 0 0 0 2 9 11 12 13 14 14 15 15 15 18 19 20 22 25 25 26 28 37 38 41 43 45 45 47 48 49 0 110 127 139 255 307 315 388 389 407 408 440 489 548 555 562 591 625 626 672 692 697 737 782 813 827 844 940 959 975
42.7480916031 73.8053097345 30 0 2 7 7 15 18 18 18 18 19 19 21 22 24 24 24 25 37 39 39 40 41 42 43 43 44 44 46 47 47 0 0 118 167 180 209 233 245 306 316 369 395 399 419 430 430 499 514 536 632 651 669 679 682 765 798 938 952 956 967
13.2315521628 52.7433628319 30 0 1 3 5 6 13 13 14 14 16 17 18 19 20 21 22 22 26 27 32 33 33 34 35 36 37 37 39 44 47 0 121 129 147 148 162 171 184 261 301 326 332 334 368 380 451 653 659 696 736 748 763 768 848 852 907 924 946 966 996
68.9567430025 51.8584070796 30 0 0 0 3 9 10 12 15 16 17 21 22 22 23 23 23 28 30 35 36 39 39 40 41 41 41 46 46 47 47 0 103 122 139 154 162 186 194 205 224 227 235 256 290 348 359 402 420 498 501 507 539 607 624 728 770 783 901 967 971
52.1628498728 78.407079646 30 0 0 0 0 1 2 2 4 6 7 10 12 13 14 15 17 17 18 20 23 26 33 34 41 42 43 45 46 47 49 0 156 191 228 319 323 353 377 378 506 517 519 527 534 552 573 604 649 667 668 682 682 722 770 778 832 908 928 930 946
49.8727735369 46.9026548673 30 0 3 7 9 11 13 14 14 15 17 19 19 20 25 27 29 31 31 32 33 37 38 38 42 46 48 48 49 49 49 0 125 131 160 196 204 219 251 346 380 390 463 467 467 470 482 490 505 568 655 710 727 784 824 835 838 851 851 922 972
73.7913486005 84.7787610619 30 0 0 1 1 2 3 10 11 12 14 15 16 19 21 22 30 31 32 35 39 40 42 43 44 45 46 46 46 47 48 0 101 196 226 250 258 308 395 459 474 490 531 540 540 561 575 642 678 705 716 784 794 811 851 854 868 889 940 965 995
49.1094147583 68.8495575221 30 0 3 9 12 13 14 14 17 21 21 24 24 25 25 25 29 31 32 32 36 39 40 41 41 43 43 46 48 48 49 0 120 197 226 243 254 271 278 294 302 313 372 389 526 536 567 580 636 644 672 703 733 736 858 930 931 936 968 971 975
23.155216285 73.982300885 30 0 2 3 4 4 4 7 8 9 14 15 18 20 22 24 27 29 29 31 32 35 35 39 40 40 40 41 44 47 49 0 0 113 155 184 201 206 283 301 318 325 368 395 417 419 436 461 521 531 532 543 578 657 712 781 787 844 878 931 983
49.6183206107 100.0 30 0 4 4 6 8 8 9 11 12 15 16 17 17 17 20 24 28 32 32 32 36 37 42 46 47 47 47 48 49 49 0 150 156 180 207 215 216 231 243 282 283 284 293 301 393 410 449 483 497 530 589 656 673 695 702 738 785 810 840 891
60.5597964377 37.3451327434 30 0 1 2 4 4 9 9 14 14 19 21 21 23 23 24 25 29 29 30 32 33 35 36 39 42 42 42 42 48 49 0 123 165 192 239 264 352 371 422 436 445 456 542 566 581 623 654 668 784 842 850 868 905 908 915 928 936 937 961 985
3.81679389313 84.6017699115 30 0 2 10 10 12 12 14 15 18 19 20 21 22 22 23 24 24 25 27 28 32 33 34 36 38 41 42 43 43 47 0 0 105 118 137 166 198 215 219 264 330 372 437 454 512 571 633 650 683 687 752 812 829 834 846 886 922 929 968 974
70.2290076336 65.1327433628 30 0 1 2 3 4 7 7 7 8 10 15 16 17 18 19 21 21 21 23 26 28 28 29 32 37 38 39 41 46 47 0 0 164 242 289 322 339 360 425 460 485 494 513 546 567 615 617 627 636 662 668 678 738 761 762 810 865 905 918 959
60.8142493639 63.0088495575 30 0 0 4 4 4 7 9 11 11 11 12 13 15 17 18 24 25 26 28 32 32 33 37 38 38 40 45 46 47 47 0 0 176 184 200 222 235 260 271 273 275 297 306 306 332 371 392 438 469 473 476 504 530 571 727 842 907 955 957 995
37.1501272265 65.6637168142 30 0 1 6 8 14 18 19 23 24 24 25 25 26 28 32 32 33 34 35 38 38 38 41 42 43 43 44 45 47 48 0 103 110 121 133 169 203 218 233 271 276 289 295 303 345 345 381 393 435 448 484 564 579 662 698 716 790 833 847 913
13.9949109415 33.0973451327 30 0 0 0 3 4 8 9 12 13 14 15 16 19 19 24 27 30 31 33 33 34 34 35 38 40 41 43 46 47 47 0 158 162 224 242 268 278 287 297 336 371 422 422 492 511 536 542 567 578 595 599 622 629 630 636 673 757 801 894 911
55.4707379135 48.1415929204 30 0 0 1 6 7 9 9 10 10 11 12 13 14 15 16 18 20 25 27 30 30 30 32 34 37 38 42 43 46 47 0 0 143 213 255 261 354 365 409 416 431 459 489 530 543 573 625 639 647 680 694 699 706 711 714 723 790 818 887 959
86.5139949109 46.7256637168 30 0 2 3 3 4 6 9 9 10 14 15 16 16 20 21 23 27 29 31 33 34 38 38 41 42 44 45 45 46 49 0 0 185 185 285 313 338 461 465 475 485 560 562 568 570 586 627 631 678 684 688 694 743 765 795 799 813 825 891 998
63.8676844784 35.0442477876 30 0 1 1 2 2 4 8 9 9 10 15 19 20 25 26 27 29 30 33 34 35 36 38 38 40 41 43 45 46 49 0 0 111 115 124 216 225 245 268 318 326 352 386 450 460 560 567 616 623 662 686 687 726 735 781 800 812 851 940 975
79.6437659033 41.2389380531 30 0 1 4 5 6 6 10 11 11 12 13 13 14 16 17 18 20 20 21 21 22 26 28 32 33 40 44 44 46 46 0 144 168 190 191 282 327 327 357 357 389 398 416 515 518 541 696 702 716 731 761 772 817 843 855 857 912 930 972 975
10.941475827 27.7876106195 30 0 1 2 4 4 5 9 12 16 18 22 24 26 27 28 30 30 36 36 37 37 38 40 41 44 44 44 45 48 48 0 120 125 128 200 207 262 293 298 312 317 347 352 445 455 471 543 628 666 691 739 746 750 753 762 777 777 897 976 996
20.8651399491 64.0707964602 30 0 1 1 3 3 7 8 9 11 12 16 16 17 23 23 24 25 30 38 38 43 43 45 46 46 46 47 47 47 48 0 174 176 184 184 237 241 247 254 331 361 481 510 536 571 585 598 603 616 753 767 791 813 830 915 931 941 952 967 985
14.5038167939 42.4778761062 30 0 2 3 4 4 5 8 10 10 11 12 15 17 19 20 24 25 25 30 30 32 33 36 37 38 39 39 42 48 49 0 103 140 187 194 330 362 369 369 418 418 432 447 479 480 493 503 506 528 545 549 590 633 694 696 777 836 863 947 951
40.4580152672 53.6283185841 30 0 8 9 13 14 14 16 17 17 18 22 22 24 25 25 28 28 29 31 38 39 40 41 42 43 45 45 47 47 48 0 146 211 219 228 241 321 341 374 389 432 453 553 560 574 596 613 617 625 692 716 760 774 847 864 885 943 965 983 991
38.6768447837 26.3716814159 30 0 0 2 7 10 11 12 14 15 16 17 25 27 31 32 33 34 34 37 39 39 40 42 43 44 45 48 48 48 49 0 171 191 214 254 256 269 270 289 306 322 331 338 406 456 578 618 651 733 740 742 751 830 855 861 912 922 937 976 980
48.0916030534 9.38053097345 30 0 0 1 4 5 6 6 8 8 9 10 13 15 17 19 19 21 23 23 23 25 26 26 28 28 28 31 42 43 47 0 0 116 189 211 289 332 344 397 411 438 461 466 500 557 561 569 582 683 786 801 818 829 833 840 885 949 955 973 985
24.427480916 52.5663716814 30 0 0 1 1 3 10 11 12 13 13 25 26 28 29 29 30 33 34 36 37 37 38 38 39 39 45 46 46 47 49 0 106 114 122 188 208 211 236 238 248 259 285 293 305 317 433 521 534 596 708 726 807 825 871 872 905 918 936 962 993
60.3053435115 37.3451327434 30 0 1 1 2 3 4 6 6 11 12 12 12 16 20 22 23 23 26 30 32 32 33 35 36 37 38 39 40 47 48 0 157 205 240 256 321 334 336 438 438 447 499 535 576 603 619 663 672 677 683 699 703 726 738 860 870 876 892 903 904
57.2519083969 36.814159292 30 0 1 1 3 6 7 7 9 11 11 15 18 19 21 26 28 29 30 32 32 35 38 39 40 41 42 44 44 46 49 0 111 131 138 216 293 321 380 393 405 425 462 541 552 560 572 596 621 642 680 704 736 752 779 787 800 808 829 937 964
0.0 51.8584070796 30 0 0 1 2 4 4 9 10 10 11 11 15 17 18 23 23 24 25 26 29 29 31 40 40 41 41 41 44 45 47 0 0 146 150 284 342 344 379 461 473 517 528 537 585 589 669 716 720 731 761 771 777 783 815 823 893 897 970 980 999
64.631043257 24.6017699115 30 0 1 6 6 7 10 11 12 14 14 18 19 21 21 28 29 31 33 35 37 39 43 44 44 44 45 47 47 47 49 0 166 177 193 230 303 311 410 423 445 449 520 537 550 558 625 636 682 697 723 776 781 897 899 917 920 929 951 954 968
65.903307888 60.5309734513 30 0 0 2 2 5 5 6 6 7 9 10 10 11 15 25 26 27 28 29 31 32 35 35 38 41 43 43 45 46 48 0 123 125 148 178 204 209 264 284 319 321 367 450 467 477 506 527 580 591 591 612 630 660 682 695 740 823 869 967 997
25.4452926209 42.8318584071 30 0 0 2 4 4 8 10 16 16 20 20 20 22 22 27 28 32 33 34 34 35 38 40 41 43 43 43 46 47 47 0 124 163 222 229 288 365 389 390 428 434 441 532 534 564 583 594 616 671 742 795 803 809 824 831 843 876 884 917 962
67.9389312977 23.5398230088 30 0 3 3 5 9 9 10 12 13 16 18 19 21 23 23 25 26 28 29 30 30 31 33 40 42 44 44 46 46 46 0 174 201 212 229 235 328 339 350 483 503 530 610 627 652 691 716 719 750 762 784 812 846 851 920 924 945 975 979 981
71.5012722646 55.3982300885 30 0 0 2 5 10 11 11 11 11 12 14 15 15 15 18 20 22 22 27 28 32 34 36 37 37 40 40 44 46 47 0 199 224 231 240 263 310 390 412 493 498 516 544 565 567 598 617 637 644 649 659 680 710 755 837 857 865 906 957 971
40.7124681934 47.9646017699 30 0 0 2 4 10 11 12 12 14 14 19 21 21 27 28 29 30 31 32 33 33 34 35 37 38 40 40 40 41 42 0 138 157 164 195 223 262 270 281 334 359 392 448 461 476 524 588 591 630 640 678 709 741 764 817 829 843 892 974 991
52.417302799 62.8318584071 30 0 2 6 6 9 9 11 14 18 19 20 22 24 25 27 27 28 29 29 32 33 33 34 38 39 41 47 48 48 49 0 135 178 202 247 272 281 282 317 355 405 415 440 452 454 530 534 535 540 544 571 576 589 643 688 703 732 754 818 972
46.31043257 36.9911504425 30 0 1 4 5 6 7 12 17 18 19 20 20 23 24 29 34 34 35 39 39 42 43 46 46 46 47 47 48 48 49 0 117 154 237 268 314 315 352 357 394 406 412 440 507 553 557 571 591 605 707 727 728 733 824 906 930 936 939 941 998
15.5216284987 76.4601769912 30 0 0 5 6 8 10 12 12 13 14 16 16 21 22 22 23 29 29 33 37 38 38 39 39 44 44 47 48 48 49 0 157 159 165 178 192 225 239 321 338 410 437 445 461 590 632 638 656 671 675 682 686 733 757 858 870 878 886 933 956
13.9949109415 65.6637168142 30 0 1 2 3 5 6 6 7 11 16 17 18 19 20 25 30 30 32 35 39 40 40 43 44 44 45 47 49 49 49 0 122 162 165 166 204 218 337 355 377 389 462 503 506 510 559 623 642 683 699 729 739 757 771 823 843 851 880 960 980
83.7150127226 75.5752212389 30 0 1 2 3 3 3 4 8 10 14 18 19 19 24 26 26 26 28 28 29 31 31 31 36 39 41 44 46 47 48 0 0 118 125 143 164 212 224 252 256 277 316 365 404 445 467 502 563 603 617 683 756 788 874 924 928 930 941 975 997
43.5114503817 65.6637168142 30 0 0 2 2 2 2 3 6 8 9 11 11 12 13 16 17 18 20 30 31 33 33 34 40 42 42 44 46 46 49 0 171 185 188 191 247 300 304 325 327 354 413 421 430 430 479 487 520 541 544 584 589 599 642 678 686 779 795 837 856
40.203562341 53.4513274336 30 0 2 2 6 7 8 8 13 15 16 17 19 21 24 24 26 27 31 34 35 38 40 40 42 43 43 44 48 48 49 0 113 136 138 195 208 287 296 354 356 429 467 470 478 560 564 570 589 642 687 752 830 858 866 897 914 929 947 965 972
45.2926208651 59.4690265487 30 0 0 1 1 2 6 6 7 11 11 13 14 19 22 26 29 33 36 37 37 37 39 39 41 41 43 44 44 45 49 0 113 119 128 212 215 367 392 423 439 478 499 511 575 578 606 626 630 637 696 742 747 749 752 787 797 830 855 921 978
34.3511450382 33.0973451327 30 0 4 6 6 8 12 13 13 14 14 17 18 23 24 26 27 29 31 31 31 32 32 37 38 40 41 44 44 46 48 0 103 109 165 268 280 302 351 369 440 440 502 513 523 554 569 572 576 591 602 683 688 753 834 834 857 870 892 972 998
47.8371501272 57.6991150442 30 0 1 2 5 6 7 8 8 9 10 10 11 14 16 16 20 23 23 26 29 29 30 33 34 36 36 37 38 46 47 0 0 104 113 115 123 162 194 201 232 241 248 411 466 499 604 611 644 654 657 665 692 710 724 756 781 859 863 879 921
71.7557251908 49.7345132743 30 0 2 4 4 6 7 9 10 10 11 12 15 15 16 18 22 24 25 25 26 32 34 36 39 39 43 43 43 46 49 0 169 180 207 271 287 304 322 344 350 364 371 389 416 441 454 460 473 527 558 577 663 692 703 713 718 724 731 778 996
37.6590330789 56.2831858407 30 0 0 3 5 6 9 10 10 13 14 14 15 18 18 18 23 26 26 28 31 32 33 33 34 36 36 41 45 46 47 0 117 177 249 249 288 391 413 492 512 536 542 579 587 608 665 682 699 708 724 752 780 784 788 807 828 851 869 884 935
49.1094147583 31.8584070796 30 0 1 4 4 8 12 16 16 17 18 18 20 21 23 23 25 26 27 27 35 35 37 38 39 40 41 42 44 46 48 0 0 129 199 214 247 279 306 340 387 424 481 491 548 592 616 687 706 724 735 741 800 861 886 909 919 950 963 981 996
40.4580152672 24.6017699115 30 0 2 5 11 12 12 14 16 18 19 20 20 27 27 29 34 34 36 37 37 37 41 41 44 44 44 45 47 47 48 0 105 123 192 193 214 241 246 265 323 360 361 439 480 487 501 576 589 605 636 653 654 658 746 769 860 896 927 959 985
67.4300254453 22.4778761062 30 0 1 2 4 5 6 7 9 10 10 11 12 16 19 19 23 25 30 30 31 36 36 36 37 40 41 46 47 48 48 0 100 167 251 256 301 340 361 362 395 420 449 484 501 506 516 542 550 575 593 619 642 647 751 778 805 823 828 881 881
23.9185750636 61.4159292035 30 0 0 2 5 5 6 6 8 8 11 12 13 14 15 23 25 26 26 28 29 32 32 34 34 34 36 37 44 48 48 0 0 132 146 214 242 279 308 366 380 417 430 496 505 547 572 592 715 722 726 747 775 789 828 842 870 888 894 959 999
29.262086514 50.9734513274 30 0 1 2 2 5 7 8 14 14 17 18 18 21 25 25 26 28 30 31 32 39 40 43 44 44 45 45 47 49 49 0 125 164 257 352 384 440 454 455 455 457 473 477 492 507 529 565 579 658 691 735 751 806 823 840 856 869 906 912 950
83.7150127226 56.1061946903 30 0 2 7 8 16 19 20 21 21 23 24 24 26 30 33 37 37 39 40 41 42 43 43 44 44 45 45 46 47 49 0 135 153 178 179 226 271 337 410 420 426 430 463 487 536 537 558 579 653 715 723 729 773 803 820 846 853 854 872 921
79.6437659033 56.9911504425 30 0 0 4 6 7 8 9 10 13 16 19 20 20 22 23 24 27 27 28 29 29 30 33 35 37 38 40 41 42 44 0 131 157 229 267 311 355 366 412 418 525 528 529 550 599 620 642 654 685 700 738 761 817 893 897 908 912 924 926 996
56.4885496183 38.7610619469 30 0 0 1 2 7 9 11 14 20 20 20 23 24 24 25 26 28 29 29 31 35 37 38 39 40 42 47 47 47 49 0 140 220 270 279 331 447 448 465 466 486 492 524 537 570 570 611 657 697 747 790 834 862 876 877 915 920 971 986 994
58.524173028 44.9557522124 30 0 0 2 4 6 13 15 16 18 19 22 23 24 26 27 27 27 28 29 31 33 33 36 38 39 39 40 42 44 46 0 185 191 209 232 242 251 322 353 353 430 437 467 470 487 561 564 571 583 610 636 660 677 760 788 816 837 889 902 986
54.7073791349 41.2389380531 30 0 1 1 5 7 9 13 14 16 17 19 20 21 23 24 25 28 34 36 39 41 42 42 43 43 45 45 46 48 49 0 0 118 119 206 324 345 436 457 464 524 532 572 578 605 663 703 707 709 710 732 733 768 782 847 875 898 921 937 983
52.6717557252 43.3628318584 30 0 4 5 6 8 10 14 16 16 19 20 20 22 24 25 28 28 31 32 35 37 37 39 40 40 45 45 45 47 48 0 135 171 210 311 355 371 395 404 433 454 460 461 500 551 559 561 587 594 605 609 610 619 676 725 725 737 769 800 998
33.5877862595 47.7876106195 30 0 0 2 3 5 6 6 8 9 9 11 11 13 14 14 14 17 20 24 26 26 35 36 36 38 40 42 44 45 49 0 0 110 156 167 188 219 247 248 308 313 319 401 403 404 457 518 529 567 644 716 741 742 805 835 851 855 861 909 927
46.0559796438 36.4601769912 30 0 0 4 5 6 7 10 12 13 15 16 21 21 26 27 27 28 28 28 30 31 33 35 35 36 37 37 43 47 47 0 103 133 133 183 269 322 328 349 360 426 435 541 554 562 563 620 649 666 679 700 701 702 726 741 792 924 944 983 995
94.1475826972 67.0796460177 30 0 1 3 5 11 11 12 13 14 16 16 17 17 20 20 20 23 23 25 27 28 28 30 30 32 38 39 39 40 44 0 104 107 160 174 179 187 229 254 270 277 296 361 393 403 476 477 520 540 551 637 719 727 756 786 800 803 882 952 962
46.31043257 44.9557522124 30 0 0 0 0 3 4 8 9 9 11 13 16 20 20 20 21 22 24 25 28 29 32 36 36 36 37 37 42 42 46 0 0 100 124 138 145 170 171 197 250 268 300 333 361 567 574 575 585 591 611 635 641 648 655 807 863 865 905 953 968
18.8295165394 44.2477876106 30 0 1 4 5 6 10 11 12 15 16 17 21 21 23 25 26 28 31 31 33 33 33 34 35 41 43 47 47 47 47 0 122 123 128 140 158 169 226 238 250 262 285 318 346 361 468 551 619 621 720 743 772 796 797 823 827 898 904 972 984
244
22.0679012346 55.7059961315 7
41.975308642 38.6847195358 2
8.7962962963 98.6460348162 1
44.1358024691 40.0386847195 6
17.2839506173 65.9574468085 4
56.4814814815 59.7678916828 1
31.1728395062 36.750483559 8
49.537037037 53.7717601547 1
25.7716049383 49.1295938104 9
49.6913580247 91.6827852998 4
15.7407407407 58.9941972921 4
27.3148148148 59.5744680851 2
31.0185185185 53.5783365571 6
27.3148148148 55.5125725338 9
46.450617284 46.4216634429 3
45.524691358 57.4468085106 7
44.7530864198 25.5319148936 6
0.0 72.5338491296 3
33.7962962963 78.1431334623 5
44.9074074074 83.1721470019 9
59.8765432099 21.2765957447 2
36.5740740741 81.4313346228 2
46.450617284 35.0096711799 1
20.524691358 47.582205029 2
87.8086419753 61.8955512573 4
31.9444444444 80.0773694391 8
31.1728395062 66.1508704062 1
27.4691358025 60.5415860735 2
40.4320987654 63.0560928433 2
41.3580246914 70.2127659574 8
100.0 33.8491295938 1
35.0308641975 61.5087040619 8
42.4382716049 72.5338491296 6
33.024691358 35.3965183752 3
79.7839506173 78.1431334623 2
24.8456790123 47.1953578337 1
46.450617284 24.3713733075 4
46.2962962963 68.8588007737 5
35.1851851852 21.4700193424 2
65.8950617284 84.7195357834 8
31.3271604938 59.3810444874 4
54.3209876543 98.4526112186 8
63.7345679012 44.1005802708 9
47.0679012346 41.0058027079 9
33.7962962963 18.7620889749 2
38.8888888889 73.6943907157 1
18.9814814815 62.4758220503 5
31.4814814815 34.2359767892 7
55.8641975309 64.9903288201 9
35.3395061728 42.3597678917 9
33.7962962963 45.8413926499 3
37.962962963 44.8742746615 8
29.7839506173 59.5744680851 4
42.9012345679 39.2649903288 6
44.2901234568 100.0 4
59.2592592593 40.2321083172 6
48.1481481481 25.918762089 7
39.0432098765 73.500967118 5
57.8703703704 58.413926499 3
37.6543209877 11.0251450677 4
38.8888888889 60.5415860735 2
35.3395061728 80.8510638298 3
47.5308641975 82.0116054159 4
72.0679012346 0.0 8
26.8518518519 69.4390715667 1
37.037037037 51.2572533849 3
43.2098765432 62.4758220503 6
49.0740740741 56.8665377176 4
32.7160493827 25.1450676983 6
33.1790123457 71.3733075435 4
27.3148148148 72.3404255319 1
43.0555555556 85.1063829787 5
71.450617284 44.2940038685 5
18.2098765432 46.8085106383 2
82.4074074074 45.8413926499 2
51.6975308642 64.0232108317 2
39.0432098765 22.8239845261 7
66.512345679 68.4719535783 3
38.2716049383 84.1392649903 1
30.5555555556 57.833655706 8
42.5925925926 62.2823984526 9
22.8395061728 51.2572533849 5
48.3024691358 33.6557059961 4
65.5864197531 29.0135396518 8
47.2222222222 54.7388781431 5
52.4691358025 56.0928433269 7
35.0308641975 45.2611218569 7
58.7962962963 48.5493230174 3
85.8024691358 62.669245648 2
21.7592592593 31.7214700193 5
31.3271604938 67.6982591876 6
26.5432098765 68.665377176 4
42.1296296296 56.4796905222 5
38.4259259259 37.5241779497 5
34.1049382716 65.3771760155 1
54.012345679 55.7059961315 8
31.9444444444 94.584139265 7
56.6358024691 47.7756286267 5
29.9382716049 68.085106383 2
34.8765432099 49.7098646035 8
35.6481481481 55.5125725338 7
60.3395061728 35.7833655706 5
12.3456790123 38.1044487427 2
79.1666666667 71.9535783366 4
50.7716049383 69.0522243714 8
54.475308642 40.0386847195 5
31.3271604938 93.2301740812 5
45.6790123457 87.2340425532 4
44.7530864198 54.9323017408 3
61.2654320988 43.3268858801 2
33.7962962963 38.6847195358 9
63.2716049383 60.1547388781 4
43.5185185185 64.0232108317 5
31.9444444444 76.5957446809 8
41.6666666667 36.5570599613 2
30.5555555556 91.6827852998 7
23.6111111111 47.3887814313 6
32.4074074074 82.5918762089 5
64.3518518519 58.9941972921 2
41.8209876543 52.417794971 5
41.8209876543 14.8936170213 5
45.2160493827 54.9323017408 5
67.1296296296 60.1547388781 2
80.4012345679 34.8162475822 2
60.8024691358 46.2282398453 4
19.5987654321 96.1315280464 4
35.9567901235 45.0676982592 8
47.9938271605 40.2321083172 3
29.012345679 26.3056092843 6
58.024691358 71.3733075435 2
52.9320987654 39.6518375242 5
26.0802469136 47.7756286267 5
47.8395061728 60.1547388781 7
54.3209876543 54.9323017408 7
54.475308642 57.6402321083 9
30.5555555556 36.5570599613 5
66.2037037037 72.920696325 4
62.6543209877 54.1586073501 3
59.4135802469 59.5744680851 7
46.1419753086 19.7292069632 4
59.4135802469 47.1953578337 3
49.8456790123 71.7601547389 6
37.037037037 36.750483559 7
56.9444444444 78.7234042553 2
23.9197530864 96.1315280464 4
33.487654321 72.7272727273 8
35.9567901235 58.413926499 2
51.3888888889 86.4603481625 7
44.4444444444 64.0232108317 4
39.1975308642 10.251450677 6
8.33333333333 25.5319148936 3
21.6049382716 69.8259187621 5
43.0555555556 58.2205029014 3
58.7962962963 38.6847195358 2
34.2592592593 61.3152804642 5
87.1913580247 63.4429400387 5
16.512345679 59.7678916828 2
27.6234567901 59.1876208897 4
36.5740740741 19.7292069632 9
54.475308642 51.2572533849 3
34.4135802469 75.6286266925 8
43.5185185185 31.1411992263 5
16.8209876543 66.7311411992 3
13.2716049383 0.967117988395 9
44.2901234568 49.3230174081 1
54.7839506173 44.4874274662 7
47.5308641975 49.9032882012 4
52.0061728395 49.7098646035 6
41.512345679 70.5996131528 6
54.1666666667 90.1353965184 1
41.975308642 33.4622823985 7
51.3888888889 67.5048355899 3
43.9814814815 46.4216634429 2
59.2592592593 65.7640232108 1
26.8518518519 41.586073501 9
9.25925925926 42.166344294 3
53.0864197531 28.4332688588 7
37.5 69.2456479691 5
48.6111111111 33.6557059961 5
16.6666666667 59.1876208897 6
45.2160493827 83.1721470019 3
41.512345679 32.4951644101 6
27.7777777778 36.3636363636 2
48.7654320988 26.3056092843 6
53.2407407407 64.0232108317 8
21.9135802469 54.5454545455 8
23.4567901235 62.0889748549 6
34.8765432099 70.4061895551 9
46.7592592593 64.6034816248 3
28.7037037037 57.6402321083 6
37.962962963 41.3926499033 9
40.8950617284 64.7969052224 9
19.1358024691 44.2940038685 1
28.8580246914 51.4506769826 4
55.8641975309 40.0386847195 3
52.3148148148 59.5744680851 4
45.0617283951 52.8046421663 1
39.1975308642 50.4835589942 5
23.4567901235 69.4390715667 7
27.9320987654 67.6982591876 3
56.1728395062 46.4216634429 4
36.2654320988 46.8085106383 3
16.512345679 94.003868472 3
31.9444444444 77.1760154739 9
44.7530864198 66.3442940039 2
64.6604938272 47.001934236 4
29.7839506173 70.4061895551 3
37.1913580247 83.5589941973 4
50.0 64.6034816248 4
8.17901234568 73.8878143133 8
31.4814814815 54.1586073501 8
6.79012345679 52.0309477756 8
49.2283950617 44.2940038685 2
11.8827160494 72.5338491296 5
48.3024691358 66.5377176015 6
44.1358024691 57.6402321083 2
31.7901234568 70.7930367505 3
52.7777777778 40.4255319149 1
76.2345679012 88.2011605416 7
44.1358024691 70.7930367505 5
50.462962963 80.2707930368 8
26.6975308642 50.8704061896 7
57.2530864198 62.8626692456 4
42.1296296296 47.7756286267 7
39.3518518519 93.4235976789 7
47.6851851852 37.330754352 6
35.4938271605 42.5531914894 8
35.3395061728 53.9651837524 9
18.5185185185 36.170212766 2
50.0 23.4042553191 1
7.40740740741 29.9806576402 9
27.6234567901 46.8085106383 5
57.7160493827 42.5531914894 3
48.9197530864 74.6615087041 4
67.1296296296 47.001934236 9
40.2777777778 33.2688588008 3
27.4691358025 40.8123791103 3
30.0925925926 48.1624758221 5
38.8888888889 47.582205029 5
24.3827160494 7.15667311412 5
49.8456790123 65.3771760155 2
47.9938271605 47.1953578337 8
58.024691358 78.33655706 9
25.0 67.6982591876 6
