242
50.1748251748 39.603960396 29 0 1 1 6 7 9 9 13 13 14 14 20 22 26 28 31 31 32 33 38 41 41 41 43 44 45 47 48 49 0 128 167 174 208 218 243 265 296 340 399 402 427 430 446 538 588 644 676 684 749 798 812 820 841 851 852 863 929
49.4755244755 56.2706270627 29 0 0 2 3 4 7 10 12 13 18 24 25 27 29 32 35 36 37 37 38 38 39 39 40 41 42 43 45 47 0 105 110 125 136 196 202 239 264 281 287 470 501 524 563 570 591 594 633 649 677 774 778 817 841 916 944 945 968
58.2167832168 51.8151815182 29 0 1 3 4 4 4 6 8 10 11 14 16 17 19 19 19 21 23 24 25 34 34 35 38 39 45 46 47 48 0 0 192 222 233 249 289 298 392 428 434 469 472 496 520 539 549 613 676 713 729 732 740 851 900 904 906 920 931
61.3636363636 44.8844884488 29 0 3 4 8 14 15 17 20 21 24 24 24 25 27 28 28 29 32 34 35 36 37 38 40 40 41 42 45 49 0 100 116 129 160 190 224 231 245 248 264 268 287 339 515 522 534 541 546 654 698 728 737 795 863 916 919 935 965
37.4125874126 18.1518151815 29 0 1 3 4 4 5 13 15 16 17 18 20 20 25 25 31 31 32 35 35 36 37 39 39 41 42 42 44 47 0 0 107 124 169 186 258 320 322 354 376 396 420 421 423 429 451 477 482 547 568 612 634 649 663 709 792 875 988
50.8741258741 19.801980198 29 0 3 3 9 10 10 12 14 14 16 19 23 23 26 30 31 31 31 32 38 39 41 41 42 46 46 48 48 49 0 124 155 177 197 304 340 416 444 519 521 563 598 639 647 650 667 668 703 704 761 792 814 870 878 927 928 980 991
59.4405594406 52.4752475248 29 0 1 4 13 13 18 18 20 23 25 28 29 29 33 33 33 34 36 37 39 39 39 41 43 45 45 46 46 49 0 133 150 171 203 304 340 400 436 449 523 526 548 579 621 679 694 731 752 767 781 795 810 810 918 921 923 934 981
49.6503496503 66.501650165 29 0 1 1 4 4 8 9 10 10 14 17 21 21 23 24 24 29 30 30 35 35 37 39 39 40 44 46 46 47 0 123 129 149 165 208 214 290 339 386 419 431 458 463 493 509 524 563 611 625 668 744 748 781 795 829 844 856 890
20.4545454545 55.1155115512 29 0 2 2 3 4 4 4 5 8 9 17 18 18 22 23 23 24 27 28 29 32 33 36 41 43 43 46 47 49 0 0 109 159 173 219 220 223 381 436 441 454 475 511 540 561 568 576 584 603 701 722 757 761 827 876 915 921 977
69.9300699301 36.9636963696 29 0 1 3 4 6 6 7 9 9 10 16 17 17 23 24 24 28 30 33 40 40 41 42 43 43 44 44 47 49 0 186 213 223 235 256 264 295 369 410 444 483 500 515 609 665 702 707 734 782 784 822 868 890 941 941 953 988 997
50.1748251748 59.0759075908 29 0 0 1 1 1 6 6 6 11 14 20 22 23 25 25 28 31 32 34 36 37 38 38 41 43 45 45 47 48 0 101 104 112 114 138 159 244 262 307 335 354 362 402 438 462 490 602 633 645 673 752 795 849 852 872 894 920 981
56.4685314685 52.4752475248 29 0 1 3 3 3 5 8 11 13 13 16 19 20 20 21 27 28 29 31 32 32 34 35 38 39 41 43 45 48 0 103 243 252 299 336 424 468 504 505 509 521 553 569 574 575 606 636 760 789 792 794 804 837 896 924 945 954 972
69.9300699301 57.7557755776 29 0 3 4 5 7 8 8 9 11 12 12 15 18 21 23 25 26 26 29 36 38 38 38 39 41 43 45 48 49 0 111 114 162 167 224 302 304 315 405 422 442 509 541 554 562 631 631 688 707 734 754 772 790 867 904 925 927 998
56.8181818182 34.6534653465 29 0 0 2 5 6 6 7 8 12 12 13 15 15 17 18 23 23 28 29 30 32 32 33 37 44 45 46 47 49 0 153 160 187 198 202 209 240 299 301 307 311 316 334 339 384 463 480 488 540 571 573 615 706 747 827 848 888 934
58.5664335664 37.2937293729 29 0 2 2 4 5 9 9 10 11 11 12 13 21 22 22 22 26 27 28 34 35 36 36 38 39 41 46 47 49 0 0 116 155 195 268 303 328 344 372 400 407 423 514 520 564 616 655 678 689 702 726 745 749 868 884 887 922 926
77.7972027972 82.6732673267 29 0 0 3 4 8 8 9 9 16 17 17 20 22 22 24 26 27 29 31 34 39 39 42 44 45 45 45 49 49 0 186 209 346 374 406 466 485 591 607 615 622 628 632 658 701 726 770 815 867 872 880 893 910 918 929 939 960 976
59.2657342657 51.9801980198 29 0 0 0 2 5 5 7 7 9 15 16 17 18 20 25 26 29 29 30 34 37 37 38 39 40 41 41 46 46 0 121 135 179 189 224 243 255 315 349 403 404 409 442 444 497 534 576 626 655 674 774 879 889 897 907 922 926 992
69.0559440559 59.900990099 29 0 0 3 3 4 5 6 6 6 7 7 9 11 12 13 14 17 21 26 26 30 32 32 34 41 41 44 47 49 0 0 122 177 335 357 360 400 494 503 523 556 572 591 634 671 703 708 715 734 740 765 812 859 878 899 941 956 959
45.6293706294 31.8481848185 29 0 2 5 9 9 10 12 13 21 23 28 28 30 30 31 31 32 33 35 36 37 40 40 42 42 43 47 47 49 0 0 125 174 319 356 393 448 512 587 599 616 623 647 696 710 711 740 774 787 830 873 881 885 893 913 932 968 984
37.2377622378 45.0495049505 29 0 1 5 5 8 14 19 20 20 21 22 23 24 24 25 25 28 30 32 36 37 38 39 41 43 45 46 47 47 0 107 139 176 180 219 230 300 311 357 481 498 506 532 548 572 577 609 614 769 834 836 848 871 881 885 924 924 966
35.1398601399 36.6336633663 29 0 5 6 6 7 13 14 14 17 17 17 17 19 21 26 30 32 34 35 35 36 40 40 40 41 41 44 45 49 0 0 115 122 227 238 261 337 365 387 441 499 564 634 642 682 692 702 763 769 773 793 806 811 843 896 916 930 945
32.5174825175 50.6600660066 29 0 0 1 2 3 4 5 5 5 6 8 10 11 13 16 17 18 21 23 24 24 26 28 33 34 37 41 47 48 0 109 153 167 167 228 229 263 354 361 367 383 398 424 465 547 599 606 614 620 633 641 676 719 820 837 891 905 921
8.91608391608 18.4818481848 29 0 2 4 10 10 12 13 13 13 13 13 14 15 16 17 20 25 25 26 28 31 33 34 37 39 39 39 43 49 0 132 149 228 236 257 292 323 381 418 437 445 609 646 672 694 731 754 794 810 827 829 854 855 859 889 964 976 995
62.9370629371 58.9108910891 29 0 0 5 7 8 9 11 11 12 12 12 14 19 19 20 21 23 24 25 30 33 34 34 37 39 40 42 46 47 0 0 129 186 198 216 262 312 320 376 378 470 509 524 537 550 551 570 653 704 711 738 781 795 796 896 904 908 978
55.2447552448 64.1914191419 29 0 0 1 2 3 5 5 5 6 9 10 14 15 17 23 23 24 26 27 28 30 30 33 37 38 40 40 41 49 0 116 124 134 144 177 204 257 287 337 369 474 483 502 561 563 572 572 612 612 620 684 710 741 782 913 916 923 963
37.4125874126 34.1584158416 29 0 5 5 6 7 11 12 15 16 21 21 21 24 25 26 26 33 34 36 38 41 43 44 44 45 45 46 46 48 0 0 117 148 167 179 192 216 230 270 277 288 302 347 349 360 406 421 422 463 489 509 512 544 580 625 737 764 833
43.5314685315 56.1056105611 29 0 0 4 6 7 7 7 9 10 11 11 13 13 15 20 21 22 29 29 33 35 40 40 43 45 46 49 49 49 0 0 113 302 303 331 340 342 370 456 547 584 597 611 630 691 787 806 810 822 869 896 903 904 905 921 936 946 988
74.4755244755 76.7326732673 29 0 3 8 8 8 9 10 15 17 18 18 20 24 26 26 27 28 29 31 31 32 32 33 34 34 35 36 40 46 0 0 114 136 155 197 235 235 248 274 333 362 374 397 397 431 472 595 695 704 715 780 789 823 846 880 943 945 949
11.3636363636 59.7359735974 29 0 3 4 4 5 6 13 13 13 16 19 20 24 25 25 27 27 28 30 33 33 33 33 34 35 42 42 44 47 0 150 158 308 317 317 336 392 416 436 519 520 550 577 583 590 605 618 665 671 673 690 738 814 834 869 908 916 933
51.7482517483 26.897689769 29 0 1 2 6 9 14 16 16 17 17 21 21 22 23 25 27 27 28 28 29 30 31 31 33 33 37 39 40 45 0 112 152 165 227 241 251 262 287 290 423 438 467 493 517 585 653 672 674 757 773 856 877 879 884 935 961 974 979
85.6643356643 42.4092409241 29 0 0 3 7 7 9 9 11 11 13 14 14 17 20 24 25 26 29 31 31 31 33 34 34 36 38 40 43 48 0 114 253 290 293 320 324 325 356 391 457 500 513 519 528 646 669 676 753 763 773 840 840 902 915 919 921 946 981
72.2027972028 74.0924092409 29 0 0 3 4 5 8 8 10 13 13 14 17 20 21 21 23 24 27 28 31 32 34 39 40 41 42 44 45 46 0 147 164 215 230 233 237 243 260 296 318 344 460 484 491 552 578 599 609 630 640 677 761 804 841 848 932 965 981
58.3916083916 58.4158415842 29 0 3 3 4 7 8 9 9 10 15 15 16 17 17 20 22 24 24 28 31 32 32 39 39 39 39 40 43 43 0 0 110 154 257 310 321 411 451 503 540 541 560 585 603 626 689 700 707 717 743 775 793 842 860 867 889 952 956
36.013986014 57.4257425743 29 0 0 2 3 3 9 11 11 12 13 14 18 18 19 20 20 21 22 22 23 29 35 36 40 41 42 44 46 48 0 104 105 147 163 174 203 212 226 318 347 361 387 401 423 465 490 495 583 601 613 655 718 724 748 770 819 962 982
52.0979020979 62.0462046205 29 0 3 3 5 6 6 7 8 10 10 12 16 17 19 19 21 22 24 27 30 30 30 31 37 41 41 47 49 49 0 125 139 151 192 223 226 239 247 249 261 305 319 373 463 468 476 512 525 562 696 751 802 857 861 861 933 972 996
43.5314685315 73.597359736 29 0 2 6 6 7 8 9 9 12 12 16 16 17 20 21 23 25 26 26 28 31 33 34 36 36 38 39 41 42 0 128 186 264 273 289 306 389 421 427 436 442 480 496 511 522 551 572 577 588 589 634 731 807 811 863 906 984 986
61.7132867133 35.3135313531 29 0 2 3 5 5 6 6 7 14 15 18 20 21 22 28 28 28 29 29 30 33 33 34 35 38 40 40 43 47 0 122 180 232 235 236 251 307 317 365 365 399 440 484 496 497 501 514 542 561 579 583 586 631 651 755 807 885 961
48.0769230769 68.4818481848 29 0 0 0 2 2 5 7 7 10 11 14 14 15 17 18 18 21 21 27 29 29 31 34 42 42 46 47 48 49 0 110 121 164 166 182 244 270 328 385 442 442 461 503 589 637 659 673 714 723 764 817 819 908 926 937 949 961 980
72.7272727273 46.3696369637 29 0 0 1 2 3 5 10 10 13 14 16 18 20 22 25 27 30 31 31 31 32 32 35 35 41 43 44 44 49 0 169 182 191 208 250 322 403 472 477 494 496 504 543 558 601 632 665 680 695 729 735 766 796 857 872 911 930 934
33.7412587413 49.0099009901 29 0 0 0 2 2 3 4 4 9 10 15 18 18 19 19 20 23 24 25 28 28 30 31 35 36 37 45 46 46 0 135 152 177 215 233 258 309 333 363 389 416 430 443 450 477 483 564 582 627 627 661 676 697 708 713 730 785 956
52.7972027972 30.6930693069 29 0 1 3 4 11 12 13 13 15 15 18 21 21 21 25 25 26 28 28 31 35 37 40 41 43 46 47 48 49 0 0 125 128 289 294 306 311 320 346 413 466 534 557 574 597 613 641 663 676 697 743 750 776 800 822 864 962 972
60.4895104895 42.0792079208 29 0 2 4 5 6 7 8 9 12 13 15 18 18 23 26 31 32 37 37 39 40 40 41 42 44 46 46 46 49 0 107 148 207 234 235 263 380 532 535 613 630 657 676 695 703 717 748 788 824 856 856 872 898 920 944 957 971 991
88.2867132867 34.1584158416 29 0 5 7 7 8 8 8 9 9 10 11 13 17 17 18 19 20 20 24 26 32 33 34 36 39 40 43 48 48 0 100 109 132 166 183 212 228 285 347 381 495 505 544 560 589 611 637 723 730 777 793 813 824 838 852 860 906 939
37.5874125874 46.699669967 29 0 1 2 5 6 7 8 10 12 17 17 18 18 22 22 26 28 34 34 40 40 43 44 44 46 48 48 49 49 0 137 180 186 270 343 378 388 393 421 452 480 483 486 491 565 602 604 615 626 645 662 714 810 838 857 863 902 951
40.9090909091 23.102310231 29 0 0 1 1 3 3 5 6 10 11 12 13 16 18 18 24 30 30 31 32 32 33 40 41 44 44 45 45 49 0 120 135 168 193 207 315 357 412 414 419 510 516 549 581 614 705 719 771 771 794 838 845 848 868 885 900 960 973
70.8041958042 66.3366336634 29 0 2 3 3 4 4 5 6 6 6 9 9 12 12 15 15 16 17 18 18 26 29 31 31 37 41 47 47 48 0 100 110 114 114 165 198 209 216 239 258 267 297 312 345 350 370 417 488 510 519 690 711 764 795 829 879 899 927
33.041958042 58.2508250825 29 0 0 1 1 2 3 9 9 11 11 12 15 17 19 19 20 26 30 30 31 32 33 35 36 39 39 46 46 48 0 171 216 224 228 300 303 320 352 355 402 443 461 466 494 509 515 595 663 699 713 780 808 861 873 882 890 897 944
39.6853146853 71.4521452145 29 0 0 4 5 8 10 13 15 16 16 22 22 22 23 25 26 30 31 32 34 35 35 36 37 38 40 45 45 46 0 107 121 127 137 146 207 226 245 270 325 339 343 351 357 433 468 500 577 619 678 765 773 799 830 902 933 934 962
62.2377622378 64.6864686469 29 0 1 2 2 4 5 6 7 9 11 12 14 17 18 29 29 29 30 34 35 38 39 40 42 43 44 44 45 47 0 190 201 288 358 396 403 407 445 451 478 498 506 525 617 662 663 723 754 761 769 773 784 787 830 867 945 971 971
48.951048951 39.2739273927 29 0 0 1 2 6 8 8 12 15 16 19 20 21 25 26 26 29 34 37 37 40 40 41 41 42 43 44 45 48 0 113 126 175 223 266 319 343 401 487 543 570 579 583 587 631 662 734 748 777 813 824 833 852 913 928 932 933 981
47.3776223776 87.4587458746 29 0 0 1 2 7 8 9 9 11 14 16 19 21 23 23 25 25 26 33 35 37 37 37 39 40 43 45 46 49 0 152 190 233 285 289 300 315 356 378 380 394 396 430 454 457 553 560 575 618 631 633 652 690 795 829 835 904 936
38.1118881119 44.7194719472 29 0 1 3 3 4 4 12 12 17 18 19 23 24 24 27 28 31 31 33 34 36 37 40 42 44 45 45 49 49 0 0 137 143 161 188 220 256 352 396 449 453 459 469 499 500 502 528 565 578 587 605 630 673 687 810 847 920 974
26.3986013986 46.3696369637 29 0 1 6 8 11 13 15 17 19 20 20 20 22 23 25 26 26 28 29 34 34 34 36 41 43 43 43 44 46 0 122 158 162 174 188 272 285 318 344 400 403 435 456 463 484 686 728 746 818 835 844 863 872 886 890 897 947 990
47.7272727273 38.1188118812 29 0 0 0 1 2 2 4 4 4 4 7 14 14 15 16 17 17 19 22 25 28 31 38 39 40 42 43 45 49 0 0 124 155 216 227 243 265 268 322 367 458 470 512 549 596 607 612 689 714 717 762 783 820 824 907 913 943 960
22.2027972028 46.5346534653 29 0 0 2 2 5 8 11 11 12 12 13 13 14 16 16 16 19 21 22 24 25 26 26 29 31 36 36 39 47 0 125 166 197 203 212 220 223 243 254 257 258 277 285 361 368 372 453 526 602 647 658 676 783 812 853 885 907 991
37.7622377622 68.9768976898 29 0 3 3 5 7 8 10 10 12 14 15 15 18 19 19 22 23 23 26 27 28 35 37 37 39 43 45 46 47 0 121 141 162 215 223 228 268 289 360 414 418 441 479 482 519 544 559 595 626 627 717 725 755 766 788 883 933 982
27.7972027972 35.1485148515 29 0 0 0 1 4 10 15 16 20 20 20 20 23 23 23 31 32 32 32 33 33 33 39 41 44 44 47 48 49 0 100 118 128 130 164 262 271 313 379 391 426 443 528 569 596 608 627 637 654 676 681 703 846 883 919 919 958 962
80.7692307692 85.1485148515 29 0 2 2 4 5 9 13 14 14 15 16 16 17 18 18 20 20 23 27 28 28 30 31 39 41 43 44 49 49 0 108 135 135 144 159 193 198 240 251 255 311 351 373 399 425 442 457 473 493 493 509 535 559 615 719 780 825 905
51.3986013986 58.2508250825 29 0 2 5 6 8 9 13 14 15 18 22 22 23 24 25 25 27 28 31 34 37 37 38 39 42 42 43 45 48 0 0 135 220 228 238 280 355 401 424 483 504 506 513 524 526 590 599 600 604 685 692 730 752 809 816 950 973 975
67.1328671329 24.4224422442 29 0 1 6 6 7 9 10 14 15 20 21 21 21 22 29 30 32 33 34 35 37 39 41 42 45 45 46 46 48 0 0 158 189 215 255 278 306 326 453 470 493 495 557 589 597 645 666 689 748 770 790 796 819 893 907 919 955 986
11.3636363636 45.7095709571 29 0 6 8 10 10 10 12 13 14 16 17 17 18 21 23 25 25 30 31 32 35 37 42 43 43 45 48 48 48 0 161 205 234 313 320 327 328 393 400 432 484 489 493 532 562 565 578 694 695 731 767 805 810 855 872 878 922 945
55.2447552448 67.9867986799 29 0 3 4 6 7 11 15 15 16 18 19 19 21 22 22 23 27 28 30 31 32 34 36 39 39 42 45 47 48 0 107 118 129 135 195 273 306 355 423 424 443 450 503 539 540 573 631 665 716 762 817 829 880 882 924 957 963 994
62.5874125874 36.303630363 29 0 0 5 6 12 13 16 17 19 27 28 28 29 29 30 32 32 34 34 35 40 41 42 42 43 45 46 49 49 0 118 130 135 140 152 183 197 316 332 424 425 502 590 602 630 698 779 792 824 834 860 880 918 940 946 951 959 989
51.5734265734 22.2772277228 29 0 8 10 10 11 11 11 11 17 17 18 19 21 22 27 29 31 31 32 32 34 36 38 39 41 41 44 45 47 0 0 122 164 167 195 273 293 320 321 376 378 381 388 400 410 464 528 553 559 573 640 742 751 798 807 817 890 936
48.6013986014 61.2211221122 29 0 0 1 4 5 11 11 12 15 15 16 19 22 22 28 28 29 30 33 33 35 38 41 42 43 45 47 47 49 0 0 112 149 151 187 271 291 332 350 363 365 416 443 463 472 514 539 570 596 602 625 670 749 795 900 905 950 992
55.7692307692 33.8283828383 29 0 0 2 4 6 6 11 16 17 17 17 18 21 25 26 27 27 30 31 31 32 34 36 36 40 43 45 47 49 0 147 162 176 194 256 295 312 339 396 472 513 572 608 643 651 655 671 689 705 735 760 761 789 826 831 898 915 926
45.6293706294 42.7392739274 29 0 1 2 2 6 9 10 10 12 13 14 15 17 24 25 25 26 27 31 31 34 34 35 40 43 45 48 48 49 0 117 145 188 277 312 324 369 383 402 420 472 503 528 586 592 618 645 728 752 772 778 799 835 842 882 935 937 966
78.1468531469 17.9867986799 29 0 3 6 10 11 13 14 16 17 17 17 20 22 26 26 29 29 31 32 33 34 35 39 41 43 44 46 46 49 0 131 142 158 164 207 210 269 301 310 324 332 341 373 462 481 493 523 533 547 630 722 723 742 755 768 830 844 893
44.4055944056 71.9471947195 29 0 0 1 2 6 7 7 8 10 10 14 15 16 18 18 19 22 25 26 28 28 30 31 31 32 32 40 47 48 0 0 118 157 172 286 296 434 436 444 545 553 561 596 597 618 667 705 709 781 815 817 851 917 925 951 956 956 977
49.4755244755 52.1452145215 29 0 0 2 3 4 5 7 10 13 17 18 23 24 25 26 27 29 30 30 31 32 33 38 38 42 46 46 49 49 0 281 284 309 333 350 357 376 376 484 487 493 495 514 573 594 608 616 637 740 777 811 862 887 907 939 941 946 997
57.5174825175 55.2805280528 29 0 0 1 3 3 4 7 9 12 13 14 17 17 18 22 23 23 25 26 31 31 32 33 33 34 38 45 47 49 0 108 140 182 202 249 283 286 292 414 509 530 549 582 645 655 669 675 765 793 834 836 838 858 872 920 951 960 968
49.8251748252 24.9174917492 29 0 0 0 4 5 9 9 10 10 13 14 15 15 16 17 18 22 23 26 33 34 34 36 36 36 38 42 43 48 0 0 127 185 243 250 326 334 347 491 508 520 521 543 567 587 631 665 692 705 778 780 782 854 865 905 924 950 954
32.5174825175 35.8085808581 29 0 0 1 2 8 8 10 12 13 13 13 15 17 18 18 22 22 23 26 33 33 35 36 36 38 39 40 40 41 0 175 220 250 283 359 369 399 411 424 479 516 562 612 631 697 726 731 754 844 860 865 895 897 922 925 925 938 959
31.2937062937 60.8910891089 29 0 0 3 3 4 5 6 8 10 10 13 19 20 21 22 22 22 22 23 24 32 37 37 38 43 44 45 48 48 0 137 214 226 277 375 383 396 408 414 416 505 598 603 633 648 686 694 744 797 829 830 851 913 933 959 963 969 998
57.3426573427 41.4191419142 29 0 2 5 5 5 6 8 8 13 13 14 17 18 23 26 26 33 33 36 37 39 40 40 42 43 43 44 47 48 0 0 125 214 242 248 256 275 279 282 293 386 432 475 482 494 528 574 601 615 626 764 784 794 799 801 898 941 943
23.4265734266 33.00330033 29 0 0 4 5 6 7 12 18 18 18 21 23 24 25 26 26 28 28 28 29 30 32 33 34 34 38 41 42 47 0 101 131 152 176 180 194 212 214 239 255 270 299 551 569 574 613 623 643 683 760 794 825 831 836 899 934 972 992
47.027972028 53.9603960396 29 0 2 3 7 8 11 13 14 17 19 25 25 26 26 26 27 32 37 38 39 42 45 45 45 45 46 47 47 49 0 106 126 137 176 234 240 241 241 268 341 371 371 380 382 385 401 501 551 573 611 622 648 731 894 897 911 941 950
50.5244755245 29.8679867987 29 0 3 3 4 5 6 7 7 16 17 18 19 21 22 23 23 26 29 31 32 33 38 41 41 44 45 45 49 49 0 178 191 335 344 360 360 390 412 448 471 506 542 543 568 623 666 673 731 737 738 745 746 757 763 849 870 874 888
46.6783216783 49.8349834983 29 0 0 0 4 4 6 7 11 13 15 16 16 20 20 21 21 23 25 26 27 28 38 40 45 45 45 46 46 48 0 0 166 174 177 179 218 218 236 260 268 272 439 476 539 553 613 637 647 760 761 782 782 797 805 859 887 925 950
30.0699300699 67.9867986799 29 0 1 1 3 3 6 7 8 10 11 12 13 14 17 19 22 23 24 25 25 25 32 34 38 41 44 45 47 47 0 159 167 172 172 279 336 358 470 482 547 632 632 651 656 671 685 723 730 738 753 768 806 830 895 906 937 953 961
62.5874125874 33.8283828383 29 0 0 5 8 13 14 16 19 20 20 20 20 21 24 24 25 33 33 34 38 39 41 41 42 42 42 43 44 47 0 100 107 211 260 327 364 382 383 439 526 552 553 583 585 636 691 826 858 878 882 894 909 914 918 931 935 944 948
55.2447552448 62.0462046205 29 0 0 4 4 6 12 12 13 18 22 22 23 23 25 26 26 32 34 38 38 39 39 41 42 45 47 47 49 49 0 173 199 236 243 394 407 408 442 451 462 520 578 613 625 633 635 653 688 733 784 860 875 882 896 934 939 941 953
86.3636363636 48.0198019802 29 0 0 6 8 9 14 15 17 18 19 21 22 26 31 32 32 33 35 36 37 37 39 40 41 41 42 42 45 47 0 0 100 107 173 174 184 213 282 290 295 315 328 340 366 376 418 426 486 492 506 529 532 533 535 614 623 800 986
26.2237762238 47.6897689769 29 0 0 2 3 4 4 5 9 11 13 13 21 27 27 27 27 30 33 33 34 35 35 37 41 42 43 46 48 48 0 0 113 224 288 327 350 373 378 388 424 447 522 523 643 657 694 707 714 729 730 745 778 803 871 877 967 970 981
76.5734265734 64.8514851485 29 0 0 2 5 5 5 10 10 14 16 19 19 20 22 24 28 29 30 30 32 36 37 38 40 42 44 44 46 49 0 141 158 172 308 322 350 404 455 468 469 494 530 553 559 587 620 650 685 724 731 797 812 895 922 939 967 978 983
54.1958041958 60.0660066007 29 0 0 2 2 4 7 9 10 10 10 14 15 17 18 19 20 22 22 26 26 27 30 36 38 40 44 45 46 47 0 160 193 211 230 281 304 330 361 366 436 505 568 592 596 599 644 691 710 720 765 797 829 904 942 949 951 972 988
55.0699300699 58.0858085809 29 0 2 2 4 5 5 6 6 8 9 9 12 15 19 25 25 26 26 27 28 29 30 31 38 39 39 41 45 48 0 108 117 120 144 151 153 180 188 192 227 230 240 243 304 378 396 500 545 605 611 621 635 638 649 719 750 885 986
65.3846153846 57.4257425743 29 0 1 2 2 4 7 9 10 12 17 18 19 20 23 24 26 26 27 38 39 39 40 41 43 45 45 45 46 49 0 0 102 112 141 194 247 264 281 321 333 343 395 414 432 451 457 482 493 493 557 622 623 735 802 907 964 984 987
54.020979021 40.2640264026 29 0 1 7 9 9 10 11 12 14 15 20 22 22 23 24 24 25 27 28 28 29 32 33 37 37 38 43 44 45 0 106 166 199 255 266 281 294 389 400 403 405 447 447 465 526 575 640 669 764 769 810 814 840 844 897 905 917 932
44.5804195804 51.1551155116 29 0 0 2 2 2 4 5 7 13 15 18 19 20 23 24 26 28 31 31 34 35 41 43 44 44 45 47 47 47 0 113 142 237 270 316 318 347 405 410 420 487 573 575 647 650 660 668 676 717 726 741 752 753 861 867 911 914 979
14.5104895105 69.3069306931 29 0 6 10 10 11 14 16 16 22 24 25 27 29 29 29 32 32 33 33 33 37 37 37 38 38 38 40 42 49 0 113 128 152 210 248 263 285 309 476 527 541 600 635 646 661 669 717 738 758 788 853 866 891 901 921 935 953 993
25.8741258741 66.6666666667 29 0 1 2 4 5 14 17 19 19 23 23 24 24 25 27 27 28 29 30 32 36 37 37 39 41 41 42 43 44 0 107 128 144 176 213 264 307 354 356 385 427 428 453 477 478 483 502 691 711 729 754 774 831 840 860 960 974 998
48.0769230769 32.6732673267 29 0 7 7 9 10 11 11 12 13 19 22 22 24 28 28 29 29 30 32 32 32 35 35 39 40 44 44 46 48 0 115 168 213 224 286 290 310 325 333 336 404 414 429 433 443 486 495 508 509 564 588 612 647 650 652 673 693 818
100.0 52.6402640264 29 0 1 1 3 5 5 7 12 13 13 14 23 25 26 26 27 30 33 36 37 37 37 38 39 43 44 47 48 49 0 0 113 128 139 174 220 268 375 483 484 486 508 520 524 529 641 653 679 682 757 793 806 830 831 856 874 900 901
55.5944055944 76.402640264 29 0 0 2 6 7 8 10 13 14 16 17 17 18 18 18 22 22 22 22 23 26 30 31 34 40 43 43 43 44 0 157 218 246 248 265 330 356 367 369 402 453 456 471 494 502 515 581 620 641 658 694 767 788 792 824 904 915 934
66.2587412587 58.7458745875 29 0 0 0 2 5 6 8 9 11 17 18 22 22 23 28 31 36 36 36 39 39 40 42 45 45 48 48 49 49 0 134 216 219 248 268 290 305 315 347 472 499 501 505 549 561 592 609 697 698 721 735 764 765 800 863 918 943 995
83.9160839161 76.0726072607 29 0 0 3 3 5 9 12 15 15 17 17 19 21 25 26 28 30 31 33 34 38 39 39 43 43 45 47 47 48 0 0 186 229 251 292 403 403 414 419 441 462 480 481 515 515 546 569 604 606 639 658 720 763 772 887 917 941 943
51.5734265734 50.1650165017 29 0 3 4 4 4 9 10 10 11 12 15 17 17 18 21 22 34 35 36 37 38 38 39 40 42 43 43 47 49 0 109 118 132 139 177 243 262 298 484 485 499 515 555 595 600 688 772 786 818 824 850 852 894 900 920 933 933 959
43.1818181818 34.8184818482 29 0 0 0 5 6 7 10 11 12 12 14 18 19 20 25 27 28 29 29 31 31 32 37 39 41 42 42 45 46 0 144 163 165 173 202 225 228 304 330 370 406 416 443 450 453 462 478 480 485 563 672 686 709 761 828 905 931 932
51.5734265734 100.0 29 0 1 2 2 3 4 5 7 9 9 9 16 19 19 22 26 27 27 28 34 35 38 42 46 47 47 49 49 49 0 103 103 160 193 214 265 274 299 335 355 382 450 472 513 580 585 597 629 666 680 689 736 784 807 881 885 904 955
0.0 45.2145214521 29 0 0 1 1 2 3 3 6 6 10 10 11 17 19 20 22 22 24 26 27 27 29 29 30 31 33 36 37 38 0 167 209 218 232 260 290 300 320 336 353 365 380 397 406 418 431 498 543 569 597 613 666 716 733 752 944 952 965
54.5454545455 69.9669966997 29 0 2 3 4 4 5 5 7 10 10 11 11 12 13 17 19 22 24 30 32 32 32 37 37 38 39 40 43 44 0 151 179 212 240 254 319 343 367 390 408 417 434 453 453 480 488 495 540 554 557 729 745 773 775 787 836 957 982
32.5174825175 15.5115511551 29 0 1 2 3 3 7 9 10 14 15 15 16 16 17 17 18 23 25 26 29 35 36 38 39 40 46 48 49 49 0 107 125 207 248 363 368 388 403 427 452 471 478 478 503 522 542 545 673 684 690 754 777 810 886 937 938 977 977
53.8461538462 49.3399339934 29 0 2 6 8 13 15 16 20 21 21 23 23 26 26 31 31 32 35 35 36 39 39 40 41 41 42 46 48 49 0 0 125 126 182 215 336 353 361 380 389 418 421 435 471 535 545 593 624 707 726 789 833 847 870 873 927 955 992
57.1678321678 59.0759075908 29 0 1 2 3 5 6 9 13 13 13 16 21 21 22 23 26 27 29 30 32 34 34 36 36 37 39 39 45 46 0 103 128 129 241 434 453 455 468 479 485 514 542 599 613 710 716 733 774 800 825 845 847 909 917 921 934 952 988
26.2237762238 60.8910891089 29 0 3 7 8 9 10 10 11 13 16 19 20 22 23 26 26 27 32 36 37 38 39 42 42 45 45 46 47 47 0 153 209 211 240 268 270 272 344 362 460 520 573 593 599 612 620 653 666 776 812 824 831 877 887 894 905 944 997
72.7272727273 24.7524752475 29 0 2 5 7 14 16 17 18 19 20 23 23 25 26 30 30 31 37 39 39 39 40 42 42 44 45 45 46 46 0 0 104 157 172 196 230 307 331 341 372 415 466 480 486 565 569 580 605 640 684 697 706 805 844 847 935 955 972
30.9440559441 33.498349835 29 0 4 5 7 7 8 9 9 10 10 10 13 17 20 23 24 27 30 31 32 38 39 39 40 40 41 45 46 46 0 116 139 160 227 241 330 356 371 457 506 534 545 567 583 604 625 690 700 723 757 761 767 799 870 873 884 886 936
36.8881118881 49.1749174917 29 0 1 1 1 2 5 6 7 12 12 18 19 19 21 21 23 25 30 32 32 33 34 37 41 42 43 46 49 49 0 0 121 216 250 278 327 384 406 420 443 462 486 487 536 549 553 608 661 719 719 744 813 881 898 909 972 977 991
62.2377622378 14.3564356436 29 0 2 4 4 6 7 7 8 9 9 9 11 12 16 18 21 23 23 25 25 25 33 36 38 38 44 45 47 49 0 162 183 241 252 370 371 374 391 411 430 435 458 475 493 534 577 588 596 663 701 701 753 792 826 845 893 969 973
73.2517482517 68.6468646865 29 0 1 2 5 6 7 7 8 9 10 17 19 20 22 23 24 24 26 28 28 28 29 29 30 35 38 40 41 47 0 146 189 195 304 318 357 369 393 402 404 405 412 441 475 515 522 526 567 598 602 626 682 683 861 888 889 939 993
75.3496503497 84.4884488449 29 0 1 1 2 6 8 8 8 9 11 12 15 23 29 29 30 31 32 33 34 34 36 38 39 41 42 43 48 49 0 105 115 153 258 356 367 413 458 464 479 491 492 546 558 587 603 681 696 707 708 819 822 865 907 911 919 928 977
31.4685314685 77.3927392739 29 0 0 2 3 4 6 7 13 16 18 19 19 20 22 25 26 27 33 35 37 37 38 40 41 42 44 45 48 48 0 186 188 195 313 320 486 510 538 563 599 700 703 749 761 778 801 816 847 855 858 881 882 883 907 943 956 979 991
77.972027972 45.3795379538 29 0 1 1 2 3 6 6 7 8 11 13 13 14 15 19 21 29 29 31 32 32 34 34 37 43 45 46 49 49 0 0 131 190 201 212 213 215 273 295 322 342 407 419 435 438 449 482 507 591 679 681 721 750 791 813 816 870 977
33.041958042 40.099009901 29 0 0 0 1 3 9 10 12 12 13 14 14 17 18 18 20 23 23 24 26 27 28 31 32 43 46 47 49 49 0 114 115 156 160 168 201 221 229 256 262 321 387 414 428 455 462 495 528 538 548 613 627 758 840 884 939 952 985
47.7272727273 38.1188118812 29 0 0 1 2 4 6 8 9 10 13 16 16 17 17 17 20 22 24 26 28 33 34 35 35 39 44 45 47 49 0 0 101 113 126 127 187 253 258 285 367 385 387 404 478 563 597 607 658 663 672 689 709 723 724 758 863 940 961
61.3636363636 21.1221122112 29 0 0 1 3 4 4 6 8 10 12 12 14 15 16 21 22 25 26 27 30 32 33 39 39 40 43 45 45 46 0 132 161 190 192 246 300 301 303 333 337 364 385 389 436 448 451 456 547 555 570 636 756 823 893 909 928 964 978
57.6923076923 62.2112211221 29 0 0 1 1 7 8 12 14 15 18 19 19 24 28 29 29 31 31 38 39 40 43 44 44 45 48 48 49 49 0 0 168 276 282 328 336 458 462 482 506 513 535 575 600 601 619 654 691 737 771 775 783 815 855 873 886 967 980
21.1538461538 65.3465346535 29 0 1 4 9 10 11 11 11 11 12 12 14 21 22 22 22 23 24 25 27 30 32 34 38 39 40 42 44 46 0 0 139 142 147 147 152 166 197 208 313 345 400 489 568 572 588 642 648 780 783 837 844 845 847 855 866 876 903
62.7622377622 40.4290429043 29 0 4 5 5 7 7 8 10 15 16 17 18 21 23 25 25 27 28 31 31 33 33 33 34 36 45 46 47 47 0 0 105 107 152 172 199 199 213 223 279 315 362 411 512 527 539 564 585 587 636 644 683 726 740 756 913 931 983
52.4475524476 43.5643564356 29 0 1 6 6 11 12 15 15 18 21 21 21 21 25 30 32 33 33 34 34 35 35 37 40 41 44 45 48 49 0 180 216 217 242 248 256 281 285 331 340 342 419 449 459 466 519 539 597 612 614 618 727 794 810 850 859 946 968
82.1678321678 69.801980198 29 0 0 1 3 4 6 6 6 8 9 10 10 13 16 18 19 22 23 30 32 36 36 38 41 42 44 44 45 49 0 148 265 273 283 287 300 378 402 420 429 440 502 528 546 550 588 775 786 813 825 854 906 925 936 937 946 956 984
50.8741258741 55.4455445545 29 0 0 2 2 2 5 5 7 7 7 8 9 18 21 21 25 25 26 27 28 28 29 33 34 35 35 36 43 47 0 153 165 181 198 199 266 270 316 316 317 348 365 417 446 451 511 539 556 557 610 703 708 739 740 798 843 898 915
36.1888111888 43.399339934 29 0 5 5 12 12 14 15 18 18 20 21 22 22 24 26 28 31 32 34 34 37 37 41 43 43 46 48 49 49 0 0 148 162 165 223 266 387 416 428 475 476 503 513 539 605 615 662 682 690 790 798 821 883 886 930 958 965 998
31.1188811189 50.8250825083 29 0 1 2 3 7 7 10 14 16 17 18 20 21 21 21 24 24 24 25 29 30 31 35 39 41 42 47 47 48 0 127 150 182 245 363 374 436 457 475 480 487 539 591 600 643 646 681 738 739 761 763 804 809 809 842 959 997 998
56.4685314685 26.897689769 29 0 0 2 4 4 4 6 6 8 10 10 11 11 14 14 19 22 23 25 26 27 35 35 36 36 38 39 42 49 0 125 171 182 211 243 257 359 401 426 516 518 566 581 600 625 678 697 762 767 783 793 823 901 922 941 946 975 992
84.7902097902 50.0 29 0 1 3 6 6 9 10 11 13 14 15 15 20 20 21 28 28 32 32 36 36 37 38 38 38 40 42 44 45 0 0 126 137 161 168 186 203 245 312 338 340 350 418 582 588 588 615 676 678 729 763 819 828 850 852 860 878 935
62.7622377622 63.5313531353 29 0 0 7 8 10 17 17 22 22 23 23 23 23 28 30 31 31 31 35 40 41 45 45 47 47 48 49 49 49 0 128 151 161 197 204 223 232 242 296 298 303 347 361 406 412 452 529 541 556 603 700 745 792 819 866 902 928 976
53.1468531469 61.7161716172 29 0 0 1 1 5 6 6 9 10 13 14 19 20 23 25 38 38 38 38 38 40 40 41 42 43 45 45 47 49 0 0 160 165 174 185 190 202 219 249 269 294 422 423 427 438 455 462 577 596 638 708 719 788 810 929 949 954 993
35.6643356643 64.6864686469 29 0 2 2 3 7 8 11 12 16 18 18 19 19 19 20 20 22 25 31 33 33 34 37 38 40 40 40 43 45 0 127 236 252 284 314 356 359 369 442 477 487 522 523 529 537 564 596 602 646 799 830 843 929 940 959 980 985 994
41.4335664336 47.0297029703 29 0 0 0 1 2 7 7 9 9 12 12 13 14 17 17 19 21 24 26 26 29 31 35 37 41 43 43 45 47 0 108 108 171 182 183 263 343 350 397 443 459 528 633 648 740 765 784 789 801 832 866 892 904 920 921 953 971 985
83.3916083916 51.8151815182 29 0 0 3 4 4 16 16 16 17 19 20 21 23 23 25 25 27 28 28 29 30 32 33 35 36 36 38 39 44 0 0 137 179 234 316 319 320 326 339 369 431 447 503 523 525 535 561 575 579 613 639 735 757 772 907 914 962 986
42.4825174825 40.2640264026 29 0 2 2 5 6 6 6 7 10 10 11 16 16 16 22 24 24 27 27 28 30 35 37 41 44 44 47 48 49 0 0 126 173 189 198 220 228 275 321 368 390 399 512 573 583 591 641 724 750 782 807 846 851 853 864 888 893 911
54.1958041958 52.4752475248 29 0 0 1 4 5 5 8 10 12 12 12 18 18 18 18 21 21 21 23 23 24 33 34 40 42 44 48 49 49 0 106 132 180 209 217 271 273 303 334 342 412 490 491 525 526 576 597 621 621 669 684 811 832 837 861 933 959 998
55.0699300699 41.7491749175 29 0 1 6 9 9 10 12 12 13 15 15 16 22 22 26 26 26 27 30 31 34 37 37 40 41 43 46 46 48 0 0 137 179 198 223 252 255 380 433 451 469 470 471 616 654 656 752 759 807 838 840 878 888 891 927 956 973 997
72.2027972028 43.2343234323 29 0 0 0 0 3 4 4 6 7 8 9 13 14 14 15 16 17 19 19 20 20 21 29 29 31 33 37 46 48 0 0 106 183 212 217 225 229 242 337 352 357 359 429 442 446 507 515 579 635 654 681 700 749 868 879 888 893 996
67.6573426573 52.6402640264 29 0 0 2 3 5 5 5 7 8 9 10 13 14 14 14 15 15 16 17 22 25 30 31 33 34 44 45 48 48 0 105 113 203 204 287 305 311 332 344 346 407 425 562 570 610 635 646 651 750 758 763 814 834 859 925 966 967 981
55.4195804196 54.9504950495 29 0 0 1 1 1 2 5 7 10 10 15 21 22 23 25 27 28 33 34 35 36 38 39 39 43 45 46 46 49 0 105 122 179 193 215 224 306 362 373 383 440 459 500 586 599 600 628 628 643 685 708 713 737 784 895 908 928 969
43.006993007 74.5874587459 29 0 2 2 4 4 4 6 6 7 10 10 18 24 25 26 27 27 28 28 29 32 34 34 35 36 38 39 41 44 0 150 190 211 211 240 252 350 374 378 404 434 474 524 558 562 580 596 701 725 734 769 794 829 830 859 902 916 984
58.041958042 51.6501650165 29 0 0 1 2 7 7 9 12 12 14 14 17 18 18 19 24 24 25 25 26 27 27 31 36 38 39 44 44 48 0 110 186 227 250 269 322 333 380 409 414 434 447 519 544 593 610 624 632 642 644 654 666 677 693 775 790 803 894
79.1958041958 63.0363036304 29 0 0 4 9 9 11 14 14 17 19 19 25 25 27 27 28 29 29 30 32 32 34 36 37 38 39 40 40 43 0 101 106 144 153 202 292 293 385 437 518 523 549 550 552 563 586 607 628 646 692 692 785 803 852 901 948 984 999
61.5384615385 44.0594059406 29 0 5 5 7 10 14 16 16 17 19 20 24 26 27 28 32 33 33 34 35 36 36 37 37 37 38 44 47 48 0 145 166 207 215 226 237 243 244 246 254 254 261 263 329 343 369 451 505 545 548 560 572 730 874 890 940 973 977
55.4195804196 69.1419141914 29 0 0 0 4 5 5 7 7 12 14 15 20 20 22 26 29 30 33 35 36 39 39 41 42 43 45 46 49 49 0 0 117 128 228 316 337 377 431 438 438 478 483 556 576 593 704 719 745 762 810 817 822 835 881 956 981 992 996
23.0769230769 34.8184818482 29 0 0 1 2 9 10 11 12 12 16 19 20 21 21 23 25 26 30 35 38 39 40 41 43 45 47 47 48 49 0 0 102 126 270 294 328 330 350 396 400 400 557 595 625 628 633 674 679 710 729 739 741 761 770 801 810 855 947
76.7482517483 51.8151815182 29 0 0 0 3 5 5 11 12 12 16 24 25 25 27 27 28 29 32 32 36 38 39 39 40 43 45 46 46 49 0 0 125 171 185 265 275 283 305 404 416 431 513 559 600 637 655 655 767 826 835 839 847 856 858 896 899 902 920
52.4475524476 18.9768976898 29 0 1 9 10 11 13 16 17 22 22 25 27 29 31 31 31 31 31 34 34 35 38 40 43 44 44 47 48 49 0 0 111 174 225 299 310 341 375 398 442 528 577 582 598 661 667 690 702 765 790 801 828 837 870 880 883 902 980
49.8251748252 43.2343234323 29 0 0 1 5 5 6 7 7 9 12 12 14 15 16 19 21 21 26 30 32 33 38 39 42 43 44 45 47 48 0 107 124 141 243 283 337 391 406 425 433 485 535 553 558 563 609 629 644 658 773 781 790 869 892 908 928 964 982
43.8811188811 47.6897689769 29 0 1 3 4 7 9 20 21 23 23 24 25 28 30 32 32 32 35 36 36 40 41 42 43 43 44 44 46 48 0 0 132 163 260 311 360 386 459 490 527 568 628 634 650 662 673 678 697 713 719 757 809 810 866 884 908 968 982
43.8811188811 24.4224422442 29 0 0 0 1 2 5 7 7 8 10 12 19 21 24 26 27 28 28 31 36 36 36 39 39 41 42 46 46 49 0 109 194 308 346 347 352 374 398 420 426 484 510 571 576 627 669 701 775 778 797 803 815 867 895 903 917 972 985
53.4965034965 35.3135313531 29 0 0 3 8 11 12 14 20 20 20 22 23 23 23 25 27 28 29 30 34 34 34 35 35 36 37 47 47 49 0 0 126 139 167 218 222 288 327 347 389 395 440 499 551 578 609 618 670 685 722 744 771 785 798 806 827 879 977
69.9300699301 88.9438943894 29 0 5 6 8 9 12 15 18 19 19 20 21 22 24 25 26 26 38 41 41 41 42 42 44 44 47 47 48 49 0 0 107 120 121 157 210 223 267 316 343 363 364 371 494 538 600 620 635 662 671 716 759 774 779 798 839 976 988
55.0699300699 45.5445544554 29 0 0 1 1 4 7 9 9 10 17 17 21 21 22 22 25 26 27 33 33 35 36 38 39 41 44 44 47 48 0 113 166 206 235 237 259 283 303 308 323 325 329 373 488 541 609 630 653 655 656 722 739 741 761 761 824 922 942
71.1538461538 39.603960396 29 0 1 2 4 7 10 19 22 24 25 25 25 30 30 31 31 33 33 33 34 35 41 41 42 45 45 46 46 48 0 0 109 147 177 188 245 274 299 307 386 393 413 619 636 643 643 694 699 712 728 749 766 768 837 842 861 897 993
58.9160839161 49.504950495 29 0 5 10 12 12 13 14 15 19 21 23 24 25 27 29 29 31 34 35 36 36 36 36 37 37 38 45 45 46 0 182 284 301 305 317 344 375 398 404 450 456 467 484 506 511 540 542 620 652 660 671 680 791 808 909 929 931 985
61.7132867133 72.4422442244 29 0 0 2 2 4 11 12 22 23 23 24 25 26 27 28 28 30 31 32 33 34 36 37 39 41 41 46 47 48 0 116 182 251 261 263 313 319 328 370 383 424 504 515 525 600 647 664 695 702 785 823 836 847 871 907 941 965 982
40.3846153846 11.2211221122 29 0 0 7 9 10 10 11 11 17 18 21 21 24 24 25 25 26 26 33 34 37 38 40 42 42 43 45 45 47 0 122 133 144 159 169 218 289 333 352 385 390 408 450 486 492 533 539 655 730 771 889 918 924 929 941 952 972 981
70.1048951049 7.42574257426 29 0 0 2 2 2 5 5 6 6 7 8 11 11 14 16 31 31 32 33 34 35 38 39 39 40 41 48 49 49 0 110 127 162 170 194 248 358 390 464 487 537 538 546 573 575 596 651 655 726 730 744 766 778 818 865 875 914 983
31.2937062937 35.1485148515 29 0 2 3 7 8 10 10 10 12 13 15 15 16 17 19 20 21 23 26 27 30 33 34 35 35 35 39 42 45 0 128 148 171 192 218 276 299 303 346 412 448 460 501 510 529 609 664 676 678 681 705 725 757 885 900 969 976 998
57.6923076923 79.5379537954 29 0 1 3 3 3 4 8 10 13 13 16 17 17 19 20 20 26 29 32 32 37 38 38 40 40 42 45 49 49 0 0 159 167 186 231 240 268 314 328 346 413 502 506 512 522 596 620 622 646 648 656 687 754 769 851 877 881 975
58.3916083916 66.501650165 29 0 1 1 8 9 13 14 14 16 18 19 20 21 22 29 29 32 32 32 33 34 35 37 39 41 42 45 48 49 0 116 144 161 204 255 258 274 298 336 377 387 489 532 580 580 588 646 659 672 710 719 807 846 863 894 915 958 986
29.3706293706 55.4455445545 29 0 6 7 9 12 12 13 14 17 18 19 20 20 20 21 22 24 24 26 26 27 30 33 35 35 37 39 41 46 0 107 110 158 188 222 291 292 324 352 371 386 405 428 432 433 568 570 578 641 648 714 776 781 822 827 836 919 967
33.5664335664 32.0132013201 29 0 1 1 4 8 9 10 10 11 13 15 15 16 17 18 21 21 22 26 27 29 32 34 36 36 42 45 48 49 0 122 129 177 186 279 286 338 340 349 380 392 393 394 417 477 511 559 561 597 671 695 703 807 872 936 949 996 997
57.5174825175 86.6336633663 29 0 0 5 5 12 12 17 18 18 19 19 19 22 22 23 26 27 29 33 33 37 39 43 43 43 44 47 47 47 0 100 122 154 225 246 268 343 344 382 440 551 586 589 598 636 681 710 741 742 781 787 849 875 876 885 897 921 976
65.034965035 56.600660066 29 0 0 1 2 7 10 12 13 14 15 15 15 19 21 21 22 24 28 29 30 32 33 36 36 41 43 43 45 46 0 127 142 153 231 251 263 273 319 342 344 353 511 520 528 567 631 679 682 687 727 746 766 778 869 880 886 929 933
36.7132867133 59.0759075908 29 0 1 2 3 5 6 7 10 11 12 16 16 21 21 22 24 24 25 28 28 30 36 40 40 43 43 44 44 46 0 0 122 132 177 207 216 331 339 437 442 457 483 536 538 580 631 648 672 688 707 709 723 744 747 808 854 887 966
43.8811188811 44.7194719472 29 0 1 1 5 6 8 9 14 14 15 16 16 18 21 28 31 35 37 37 37 38 40 40 41 43 44 46 47 49 0 113 122 123 134 149 204 209 242 260 289 318 358 380 410 431 498 499 515 552 552 674 700 715 815 901 934 964 990
26.9230769231 41.7491749175 29 0 0 2 4 6 7 8 9 12 13 14 15 16 17 18 25 26 29 31 37 38 38 41 41 43 45 46 47 47 0 231 279 293 340 373 374 377 394 406 415 514 518 520 577 586 606 652 705 724 739 817 830 854 874 899 914 938 947
65.5594405594 45.3795379538 29 0 0 0 1 2 5 7 8 10 10 13 17 19 23 24 28 28 29 30 33 34 35 37 38 40 41 42 42 47 0 116 149 154 163 195 200 224 245 251 263 286 323 332 362 456 491 532 547 562 578 693 776 811 822 883 935 939 975
56.1188811189 36.6336633663 29 0 0 0 3 3 7 7 9 11 11 12 12 13 17 18 22 25 25 26 32 32 36 36 36 41 41 42 45 47 0 0 106 119 174 229 295 313 366 388 397 432 437 554 614 674 681 701 737 749 760 766 782 793 819 864 867 891 968
38.6363636364 51.3201320132 29 0 1 1 3 4 9 10 14 14 19 21 22 23 27 27 30 30 31 32 32 36 37 38 43 43 47 48 49 49 0 104 143 163 219 305 454 488 508 509 522 542 553 569 573 591 633 651 661 672 675 695 730 758 771 866 944 983 990
66.958041958 55.7755775578 29 0 0 1 3 3 4 4 5 8 8 8 9 10 11 13 16 23 27 27 30 30 30 30 33 33 34 35 35 37 0 0 140 165 187 207 243 256 274 401 446 477 525 649 674 694 700 719 771 800 806 807 812 844 869 871 895 974 998
56.993006993 24.4224422442 29 0 0 2 2 2 4 5 13 14 17 22 22 22 22 25 28 29 31 34 38 39 40 41 42 43 44 44 46 46 0 0 140 142 161 163 232 398 418 426 433 444 516 536 552 618 638 657 658 663 691 702 710 765 786 831 839 884 920
46.6783216783 49.8349834983 29 0 0 1 1 5 6 9 10 11 11 12 12 16 17 18 22 25 25 28 29 36 39 40 43 43 44 46 47 49 0 121 194 221 273 283 305 311 312 384 452 486 500 544 588 600 707 750 754 755 760 785 824 831 860 861 911 918 937
83.7412587413 39.603960396 29 0 2 3 6 11 12 13 15 15 15 16 19 19 22 23 25 26 27 27 28 30 32 35 40 40 42 44 47 48 0 133 142 142 145 293 315 399 403 427 447 453 465 512 577 644 648 680 687 722 739 750 765 786 836 897 926 949 985
76.7482517483 53.300330033 29 0 4 5 12 12 13 15 15 22 23 23 23 26 27 28 28 28 28 29 30 31 32 33 37 40 42 44 45 46 0 0 127 186 198 222 225 228 279 351 394 427 457 457 513 520 580 604 623 624 752 764 773 842 882 883 909 917 993
39.3356643357 48.8448844884 29 0 3 7 7 8 8 12 12 14 18 21 22 23 23 25 27 27 28 30 31 33 34 34 36 43 44 46 47 47 0 0 146 193 206 233 241 254 263 298 301 364 367 377 423 488 528 551 619 632 655 668 670 677 696 707 803 805 959
68.3566433566 35.6435643564 29 0 2 3 7 8 8 9 12 14 15 15 17 18 19 21 22 25 26 27 31 32 34 37 38 42 42 46 46 48 0 0 119 168 172 172 207 208 210 360 423 448 458 499 567 601 612 615 643 678 714 723 744 793 836 839 873 963 970
58.7412587413 60.0660066007 29 0 9 9 10 11 15 17 17 17 19 20 20 21 24 25 25 26 29 29 30 31 33 36 37 39 40 41 45 45 0 104 111 144 182 203 217 222 246 290 347 372 376 394 453 523 525 538 599 602 613 667 768 791 884 892 917 954 961
37.5874125874 52.9702970297 29 0 3 5 5 6 7 8 10 14 18 20 23 24 24 26 29 29 31 31 32 34 39 40 41 41 46 46 47 49 0 122 148 166 191 204 270 287 305 323 338 346 405 437 503 576 593 652 677 697 757 765 769 769 824 841 952 979 989
45.4545454545 57.5907590759 29 0 1 1 2 14 15 17 17 17 18 20 20 22 25 26 29 31 32 33 33 34 34 35 36 37 40 42 43 46 0 0 179 229 231 247 310 327 335 351 356 408 461 505 540 556 598 603 627 658 753 783 792 846 883 891 897 915 944
59.7902097902 55.9405940594 29 0 0 2 4 6 8 9 10 11 14 17 17 23 27 29 31 33 33 33 33 34 35 39 39 40 40 45 45 46 0 0 104 107 113 151 158 168 280 355 399 433 461 467 498 542 625 667 684 726 768 843 846 851 870 891 898 927 992
51.048951049 22.9372937294 29 0 1 3 6 7 9 11 12 22 23 24 24 25 26 26 30 37 37 39 41 41 43 44 45 46 47 49 49 49 0 0 105 133 140 215 230 242 251 273 341 341 428 470 498 606 618 637 644 725 763 823 824 881 894 895 896 973 977
32.8671328671 48.5148514851 29 0 1 1 3 4 11 11 12 15 15 19 19 21 22 23 24 26 26 30 31 32 33 34 42 42 43 44 45 48 0 0 109 120 159 180 217 222 238 287 388 407 430 438 479 479 481 501 577 578 585 678 720 832 897 940 956 966 971
63.4615384615 36.303630363 29 0 2 2 2 5 6 9 12 14 14 17 23 23 26 30 30 39 39 40 40 41 41 42 44 45 47 48 48 49 0 116 147 153 158 179 194 279 288 306 306 325 372 394 395 440 466 511 512 527 554 564 744 748 761 779 905 914 950
22.9020979021 69.1419141914 29 0 1 2 4 10 12 15 18 18 20 21 24 24 25 26 27 28 30 30 35 35 36 37 39 41 44 44 47 48 0 120 144 174 180 186 216 239 296 372 404 443 466 474 517 519 579 582 612 648 668 732 775 819 888 889 927 974 996
53.6713286713 57.2607260726 29 0 0 0 1 1 7 7 8 8 8 12 13 14 15 19 20 21 23 24 25 28 30 32 32 34 36 40 44 48 0 0 138 181 190 276 314 316 369 383 383 395 422 520 558 565 613 637 652 705 709 727 804 817 880 955 956 992 999
38.6363636364 42.5742574257 29 0 0 0 0 2 3 3 4 8 9 12 18 20 21 22 24 26 28 28 30 34 35 37 39 41 41 42 45 45 0 125 145 148 159 198 283 332 336 356 442 451 453 479 508 582 583 594 615 638 643 671 729 753 769 861 952 957 957
48.7762237762 78.5478547855 29 0 0 1 3 5 7 12 12 13 13 14 16 16 19 19 33 33 35 35 36 37 38 39 40 41 41 43 45 47 0 112 153 198 222 243 259 263 280 314 419 480 527 563 579 634 667 667 671 691 700 783 837 843 894 915 967 988 995
37.2377622378 57.4257425743 29 0 9 11 11 13 14 15 15 16 17 17 18 18 18 21 22 23 24 25 29 32 32 34 34 40 43 44 45 49 0 107 136 159 167 169 195 294 315 320 348 351 417 437 449 455 474 498 602 632 636 685 747 767 834 869 937 950 993
49.6503496503 22.4422442244 29 0 2 5 6 7 10 11 14 14 18 21 23 25 25 25 26 29 31 31 31 34 35 39 39 44 45 46 47 47 0 133 188 202 217 250 278 321 336 344 388 494 507 512 530 602 721 785 825 829 843 913 920 925 952 956 965 982 998
66.2587412587 42.5742574257 29 0 5 6 7 8 9 10 10 12 14 15 18 19 20 20 20 22 26 29 30 31 32 32 33 39 41 44 45 49 0 102 114 160 199 237 276 307 361 398 413 429 492 557 587 634 680 699 756 760 780 789 801 807 864 920 925 932 985
47.9020979021 68.8118811881 29 0 1 1 8 10 11 11 16 16 18 19 21 22 22 24 25 25 25 28 32 32 37 39 40 41 41 45 47 48 0 113 114 190 216 222 228 241 312 393 428 431 513 518 537 583 609 684 725 729 766 779 849 857 945 958 969 979 991
23.6013986014 53.1353135314 29 0 1 3 6 7 9 10 11 12 15 17 17 18 22 27 28 28 30 33 36 37 37 38 39 39 41 42 45 46 0 103 126 148 206 219 230 266 291 343 443 494 495 513 521 540 628 685 703 731 733 751 753 850 903 910 931 945 965
32.3426573427 35.8085808581 29 0 0 0 2 9 11 11 16 17 21 31 32 34 35 35 36 36 38 38 38 40 42 43 43 47 47 48 49 49 0 0 105 111 130 177 191 247 309 387 395 408 457 472 491 560 567 670 733 745 748 772 781 789 793 797 797 845 934
50.0 88.6138613861 29 0 2 2 3 4 5 6 17 28 28 31 32 32 33 33 34 35 36 37 38 39 40 42 43 43 44 44 48 48 0 207 235 253 269 271 419 456 473 487 506 542 550 551 571 659 661 693 713 719 735 767 807 807 816 860 872 879 905
36.1888111888 66.3366336634 29 0 6 7 7 8 9 9 10 10 14 20 22 25 27 27 28 28 28 31 33 35 35 38 38 38 40 42 44 47 0 0 112 185 187 192 207 251 271 272 294 319 346 361 378 399 441 446 565 628 735 767 804 836 892 920 961 965 973
56.8181818182 56.4356435644 29 0 5 8 8 12 13 15 17 17 21 21 22 27 28 29 29 29 29 30 33 34 36 37 38 38 39 46 47 47 0 100 109 218 270 274 314 373 493 514 521 540 600 610 627 633 640 693 793 804 877 883 900 934 961 963 967 977 990
59.0909090909 28.2178217822 29 0 3 3 5 6 7 9 12 13 15 16 17 17 23 24 27 27 29 33 40 40 40 42 44 46 47 48 48 48 0 151 177 200 201 203 222 227 261 277 309 353 362 371 466 502 531 538 608 626 663 763 788 791 796 796 804 874 903
73.951048951 75.0825082508 29 0 1 1 2 3 4 6 10 12 13 14 19 20 21 24 25 26 27 28 29 32 42 42 44 44 45 46 48 48 0 108 122 145 178 210 229 292 303 323 328 335 381 432 489 559 560 591 592 604 679 686 691 729 743 762 962 977 986
41.2587412587 45.7095709571 29 0 0 1 4 6 9 9 10 11 12 14 19 20 21 22 22 24 25 28 29 30 30 32 35 36 37 38 42 43 0 141 152 172 178 183 240 250 282 308 414 465 467 477 525 535 566 591 609 637 659 659 778 820 827 839 914 929 973
65.7342657343 17.6567656766 29 0 0 1 2 4 4 7 10 11 12 12 12 13 15 16 17 17 18 20 22 26 33 34 37 39 39 40 40 46 0 108 142 148 176 202 227 232 234 349 355 381 419 453 455 577 608 623 641 697 699 732 736 766 774 798 802 946 975
50.0 31.8481848185 29 0 2 4 5 6 6 8 9 10 13 14 15 15 16 16 20 23 26 28 30 31 36 36 38 39 43 44 46 49 0 0 119 133 148 159 177 228 237 271 294 320 325 396 398 429 565 575 619 624 654 697 701 717 766 811 888 947 972
54.1958041958 45.2145214521 29 0 1 1 2 2 7 11 12 18 19 21 22 23 23 23 24 29 30 33 33 35 36 36 39 41 42 46 47 49 0 122 163 239 249 259 263 297 321 322 352 364 453 479 566 588 594 604 818 820 856 882 913 944 954 967 992 996 997
62.2377622378 41.7491749175 29 0 1 2 3 4 6 7 9 12 13 14 23 23 24 24 27 30 32 33 34 35 36 38 39 40 40 41 41 44 0 111 113 247 260 275 278 282 290 294 301 390 410 450 518 579 585 632 658 665 693 696 718 767 811 860 946 971 997
86.1888111888 46.3696369637 29 0 5 8 10 10 12 12 13 18 18 18 18 19 21 24 24 25 25 27 29 30 32 34 36 38 41 42 46 46 0 118 128 141 157 160 209 242 330 345 364 416 448 489 495 554 570 661 696 704 718 751 764 814 855 918 968 975 979
48.6013986014 80.198019802 29 0 0 2 6 10 10 13 13 16 16 16 19 20 20 24 25 28 28 29 29 31 31 34 36 45 46 46 47 47 0 105 229 275 310 337 364 373 395 395 422 446 471 478 484 499 554 577 612 666 719 802 826 827 872 900 955 961 976
84.4405594406 29.5379537954 29 0 0 1 3 5 6 9 13 14 15 16 16 18 19 20 22 22 23 24 26 27 29 30 33 37 38 40 45 46 0 146 185 286 310 347 353 353 367 387 389 393 429 445 464 479 499 509 563 584 626 636 702 737 778 780 818 827 935
40.5594405594 74.2574257426 29 0 0 0 1 1 1 1 2 2 5 7 8 8 10 11 14 14 15 18 21 25 34 36 37 38 40 42 46 49 0 0 103 121 124 145 247 330 389 389 420 427 437 471 492 523 527 554 621 622 693 821 823 842 865 924 925 926 927
30.9440559441 68.8118811881 29 0 0 3 9 10 15 16 19 20 21 21 21 22 23 24 24 27 30 31 31 32 39 41 42 46 46 46 46 48 0 131 139 156 182 209 227 275 286 320 383 393 439 506 557 565 623 720 721 791 832 835 838 888 898 913 917 931 962
0.174825174825 53.1353135314 29 0 0 1 3 7 9 10 11 19 19 21 21 22 25 25 29 30 32 33 34 36 36 38 40 41 42 42 44 49 0 0 123 179 218 240 297 308 309 315 321 342 344 442 461 496 511 533 535 615 631 691 762 795 803 822 862 940 979
86.7132867133 59.7359735974 29 0 0 2 5 12 14 15 15 18 20 24 29 29 30 32 35 37 38 38 38 39 41 42 42 44 44 44 47 49 0 118 170 216 253 264 339 391 451 491 507 517 555 564 605 608 633 648 686 724 756 769 777 841 844 913 915 958 970
62.5874125874 47.8547854785 29 0 1 3 5 5 6 9 9 10 12 13 14 20 20 20 22 24 25 26 27 29 29 41 43 44 44 46 46 49 0 189 249 257 267 287 289 312 344 380 384 389 433 471 494 549 575 653 677 717 725 725 747 752 801 864 877 881 894
40.5594405594 68.8118811881 29 0 0 1 6 7 8 8 9 9 10 17 18 19 23 24 26 26 28 29 29 29 30 32 38 38 40 42 45 48 0 102 106 120 130 143 151 195 238 256 258 298 344 375 378 405 408 523 567 613 634 669 672 712 740 879 887 931 973
78.4965034965 0.0 29 0 0 1 1 4 4 5 5 6 8 8 9 9 10 11 11 15 19 19 26 26 29 30 32 32 43 46 47 48 0 147 228 326 414 496 506 542 554 610 617 628 675 707 732 742 787 791 822 837 875 890 908 912 926 938 952 978 983
39.8601398601 61.0561056106 29 0 2 3 6 9 11 15 16 19 20 21 22 23 24 24 25 29 30 32 33 35 40 41 42 43 44 44 47 48 0 139 145 169 176 187 296 341 356 359 448 449 458 461 476 588 626 693 740 756 779 791 792 796 797 889 974 990 997
25.8741258741 28.2178217822 29 0 2 3 4 6 14 14 16 16 18 21 22 24 26 29 30 31 32 36 37 38 39 39 43 45 47 47 48 48 0 0 118 134 185 233 275 282 282 287 315 323 327 411 455 456 536 544 573 635 683 706 743 774 806 944 952 955 976
51.048951049 51.6501650165 29 0 3 8 10 11 12 14 18 22 23 24 27 27 27 29 37 37 38 39 39 39 41 43 44 45 47 47 49 49 0 140 180 204 274 288 329 332 361 397 403 407 451 507 516 531 546 566 571 578 646 646 752 767 791 849 852 954 966
49.8251748252 40.5940594059 29 0 2 4 9 11 11 12 12 13 14 14 16 18 20 27 28 30 30 30 32 34 35 36 39 41 42 43 47 49 0 115 128 191 198 274 319 353 373 455 468 470 480 483 623 623 637 654 654 670 718 761 789 854 855 897 903 928 991
30.2447552448 29.3729372937 29 0 4 6 7 8 14 18 21 22 23 24 24 25 26 28 28 29 29 31 33 34 37 38 41 43 43 45 47 49 0 100 126 138 151 154 185 190 204 226 303 346 354 425 433 492 519 534 586 635 680 689 738 806 831 843 910 918 968
37.9370629371 65.0165016502 29 0 0 0 1 2 3 3 5 11 13 16 21 21 22 23 24 26 29 31 35 40 44 44 45 46 46 46 47 47 0 0 140 157 166 196 215 238 239 251 335 372 403 454 499 515 536 570 577 592 646 647 734 854 860 878 913 975 983
56.8181818182 53.4653465347 29 0 0 1 7 8 10 11 12 12 14 14 16 16 22 22 28 30 30 31 32 35 35 38 41 41 42 44 46 48 0 115 117 161 270 358 375 388 389 397 408 456 488 488 588 592 600 600 661 787 812 903 914 925 931 947 954 955 957
48.0769230769 79.702970297 29 0 0 2 6 7 7 7 12 12 17 19 21 22 24 24 27 31 33 33 35 36 39 40 40 41 42 47 49 49 0 122 133 162 164 168 170 191 203 293 301 311 328 341 346 389 447 512 596 678 682 682 689 695 786 814 816 905 979
38.4615384615 79.0429042904 29 0 1 2 3 5 5 6 7 9 9 10 11 12 13 14 16 19 24 29 31 33 34 35 38 39 43 43 46 47 0 100 185 192 205 216 219 239 347 371 434 456 476 511 551 564 571 572 702 710 730 775 817 824 825 879 883 905 907
24.6503496503 60.8910891089 29 0 6 7 8 10 11 11 13 13 16 17 21 24 25 26 27 28 29 30 34 36 42 43 43 43 44 45 46 47 0 156 223 270 285 298 345 356 356 378 429 552 570 572 646 658 714 719 744 744 751 752 775 808 842 911 935 941 957
73.951048951 49.0099009901 29 0 2 2 2 4 24 25 26 28 28 29 31 32 32 32 38 38 41 46 46 46 46 46 46 47 48 48 49 49 0 112 121 132 150 154 171 225 253 282 299 329 335 409 436 452 462 472 573 693 705 725 835 865 869 890 910 974 982
34.6153846154 36.9636963696 29 0 1 8 13 13 13 14 17 18 18 19 20 22 24 25 29 30 31 33 35 40 41 44 44 45 46 48 48 49 0 162 167 189 252 278 282 283 284 300 304 320 537 614 616 634 653 714 731 750 771 787 808 829 851 866 913 920 940
25.8741258741 40.7590759076 29 0 3 4 7 8 8 9 12 15 16 19 20 27 27 27 29 30 34 36 36 37 39 40 42 43 43 44 46 49 0 115 129 157 197 248 312 336 354 370 406 498 503 546 552 600 618 681 707 752 783 814 819 819 820 827 898 903 917
25.6993006993 70.6270627063 29 0 1 2 5 8 8 8 12 12 19 21 22 24 27 28 28 29 31 32 34 34 34 37 39 41 45 46 47 47 0 0 126 132 138 142 159 196 222 255 267 302 323 360 387 390 494 526 544 557 578 580 604 640 661 733 749 758 804
58.3916083916 43.399339934 29 0 0 2 5 8 9 9 10 13 15 16 18 18 22 23 24 26 27 30 33 34 35 39 40 40 41 41 44 47 0 105 126 168 168 200 207 209 209 250 259 272 284 328 348 384 392 409 470 543 592 600 644 667 673 856 948 965 996
51.7482517483 54.6204620462 29 0 1 2 2 3 4 6 7 9 11 12 14 17 22 22 23 23 24 25 29 29 30 33 34 35 36 39 43 43 0 0 115 185 198 251 268 275 286 305 351 371 408 418 428 446 447 518 523 535 553 563 575 593 666 678 697 785 874
85.1398601399 62.2112211221 29 0 4 5 6 8 8 12 13 17 19 19 20 20 23 23 23 28 31 32 33 37 37 39 39 41 44 45 46 47 0 0 138 145 164 167 184 239 239 266 304 326 360 367 399 415 416 418 428 498 559 577 666 874 876 904 928 964 998
64.1608391608 46.699669967 29 0 0 0 6 8 9 9 9 10 12 15 17 20 21 23 23 29 33 34 36 40 41 44 46 47 48 48 49 49 0 118 164 217 220 287 304 315 337 368 387 448 541 549 603 611 628 654 715 742 748 770 773 813 821 840 853 872 967
31.993006993 42.0792079208 29 0 1 2 3 4 5 6 6 6 10 13 13 16 17 17 18 18 18 23 25 25 31 32 38 40 40 42 43 43 0 156 159 176 200 251 267 305 305 327 336 370 385 415 467 482 483 515 553 567 596 750 755 767 877 910 932 933 940
63.8111888112 36.6336633663 29 0 3 3 3 3 6 9 12 12 15 15 17 19 20 20 20 22 23 29 32 37 40 44 45 46 46 47 48 49 0 111 127 194 198 221 265 291 310 311 368 408 481 493 495 497 537 644 650 765 772 839 840 843 853 859 875 916 951
74.1258741259 48.6798679868 29 0 1 1 1 4 5 6 10 14 14 19 20 21 22 24 25 27 27 28 28 28 29 33 33 38 39 44 48 49 0 131 136 150 162 162 219 245 329 350 355 377 430 434 535 559 588 631 682 728 747 872 925 955 956 983 985 994 996
67.4825174825 56.2706270627 29 0 4 7 9 10 11 12 14 15 15 15 16 21 22 22 23 23 24 29 31 32 37 39 40 44 45 47 48 49 0 0 128 134 157 225 231 279 330 336 350 419 456 470 514 550 563 589 601 613 635 647 698 733 745 804 829 955 964
51.3986013986 67.9867986799 29 0 0 0 2 2 7 10 11 13 13 15 16 18 24 26 30 32 35 40 40 40 41 43 44 44 45 46 48 49 0 0 116 118 121 180 195 199 208 221 286 347 372 389 483 647 661 684 714 723 724 739 754 771 774 803 821 885 926
44.9300699301 49.6699669967 29 0 2 4 5 6 6 7 11 12 13 14 15 17 24 26 29 30 30 30 31 37 38 40 42 42 46 46 47 48 0 0 144 259 259 285 286 289 339 376 436 445 500 518 533 536 652 667 719 719 813 814 823 836 851 856 890 917 955
43.1818181818 43.2343234323 29 0 2 4 8 12 12 13 15 17 19 20 21 22 25 26 28 29 31 35 36 36 37 40 40 42 44 46 46 49 0 100 114 127 157 206 260 262 312 369 440 460 463 509 530 537 537 546 608 682 705 708 770 776 795 828 873 955 964
43.006993007 73.7623762376 29 0 0 5 5 10 11 11 11 12 14 15 15 23 27 27 28 31 35 36 36 39 40 41 43 44 45 45 45 47 0 0 100 102 109 126 243 244 250 254 267 270 313 424 435 459 485 562 589 623 653 675 708 783 802 807 939 986 987
59.0909090909 78.5478547855 29 0 0 4 7 7 7 10 16 17 19 20 22 26 29 30 32 40 41 42 42 44 45 46 47 47 47 49 49 49 0 0 148 168 189 204 207 228 251 259 279 297 389 409 435 460 529 544 549 700 734 735 741 773 788 819 957 977 982
49.6503496503 23.597359736 29 0 0 0 0 3 4 5 6 7 11 12 13 15 18 19 19 24 26 30 32 37 39 45 46 46 46 46 47 47 0 154 155 220 238 309 310 330 369 371 444 466 469 583 589 602 626 631 657 703 742 762 799 808 826 830 841 849 866
384
67.4858223062 66.1261261261 1
81.2854442344 89.7297297297 1
32.1361058601 36.7567567568 4
35.3497164461 48.6486486486 5
22.1172022684 64.1441441441 2
75.6143667297 20.5405405405 2
53.6862003781 54.954954955 7
52.3629489603 65.5855855856 5
28.1663516068 56.2162162162 5
76.1814744802 55.6756756757 8
61.0586011342 68.2882882883 2
55.5765595463 35.1351351351 7
48.2041587902 63.6036036036 5
57.8449905482 15.6756756757 9
40.831758034 80.0 1
32.3251417769 55.8558558559 1
66.7296786389 44.3243243243 4
71.4555765595 57.8378378378 6
58.9792060491 44.5045045045 7
30.6238185255 13.5135135135 5
47.8260869565 31.7117117117 4
36.8620037807 43.2432432432 4
29.3005671078 52.4324324324 6
27.4102079395 27.7477477477 2
69.1871455577 38.9189189189 9
53.6862003781 56.5765765766 8
58.2230623819 95.4954954955 6
76.5595463138 82.7027027027 2
56.8998109641 80.9009009009 3
57.0888468809 17.1171171171 3
19.6597353497 22.8828828829 4
37.618147448 32.0720720721 1
46.3137996219 68.8288288288 9
68.0529300567 65.4054054054 4
44.2344045369 50.8108108108 4
50.0945179584 67.3873873874 5
64.2722117202 67.5675675676 5
21.9281663516 60.0 9
28.5444234405 40.1801801802 8
63.3270321361 26.8468468468 7
50.6616257089 63.6036036036 9
47.6370510397 38.5585585586 9
47.0699432892 29.3693693694 2
44.04536862 83.2432432432 1
47.0699432892 30.4504504505 4
41.7769376181 73.8738738739 9
46.5028355388 14.2342342342 7
32.8922495274 44.1441441441 5
26.843100189 69.7297297297 1
33.8374291115 34.7747747748 1
58.6011342155 42.1621621622 5
59.168241966 47.3873873874 4
58.6011342155 69.3693693694 2
24.1965973535 22.3423423423 2
75.4253308129 24.1441441441 2
66.5406427221 32.4324324324 7
29.8676748582 41.8018018018 7
55.0094517958 45.2252252252 4
72.9678638941 28.1081081081 5
43.6672967864 54.5945945946 7
73.5349716446 56.7567567568 1
15.3119092628 71.1711711712 6
44.2344045369 38.018018018 9
90.9262759924 50.2702702703 6
70.6994328922 57.2972972973 2
69.943289225 51.8918918919 4
41.965973535 41.8018018018 5
62.1928166352 46.8468468468 5
36.8620037807 53.5135135135 2
57.8449905482 45.2252252252 9
64.2722117202 57.1171171171 3
40.831758034 57.1171171171 1
37.9962192817 57.8378378378 2
39.3194706994 36.5765765766 2
44.8015122873 60.3603603604 4
57.0888468809 23.963963964 2
76.5595463138 77.2972972973 8
30.4347826087 56.3963963964 1
77.8827977316 52.4324324324 8
34.7826086957 43.0630630631 5
41.7769376181 30.2702702703 3
64.0831758034 47.7477477477 5
54.4423440454 18.7387387387 6
55.7655954631 81.2612612613 1
30.4347826087 18.1981981982 2
95.0850661626 52.0720720721 4
59.9243856333 25.9459459459 7
31.190926276 43.0630630631 3
40.0756143667 22.8828828829 8
75.6143667297 24.1441441441 8
39.3194706994 45.4054054054 7
34.2155009452 52.0720720721 7
47.258979206 29.5495495495 9
86.3894139887 55.6756756757 1
34.7826086957 39.4594594595 5
42.5330812854 25.4054054054 2
56.7107750473 50.6306306306 4
62.9489603025 26.4864864865 2
36.2948960302 18.9189189189 8
2.83553875236 52.4324324324 1
32.3251417769 47.3873873874 1
38.752362949 69.009009009 1
35.9168241966 46.3063063063 1
44.8015122873 46.6666666667 4
21.1720226843 58.018018018 2
59.168241966 34.5945945946 3
49.5274102079 49.5495495495 1
79.0170132325 40.5405405405 9
64.4612476371 60.5405405405 6
61.4366729679 38.5585585586 7
52.741020794 39.0990990991 2
46.3137996219 40.1801801802 3
40.6427221172 25.045045045 5
64.4612476371 32.7927927928 8
54.820415879 62.8828828829 2
35.7277882798 53.8738738739 7
14.9338374291 50.6306306306 3
31.190926276 12.2522522523 4
61.8147448015 45.045045045 3
100.0 9.00900900901 2
44.2344045369 71.5315315315 3
58.7901701323 39.8198198198 3
24.763705104 81.6216216216 9
62.5708884688 43.2432432432 9
28.1663516068 32.7927927928 4
79.2060491493 28.4684684685 8
69.943289225 28.6486486486 4
64.6502835539 100.0 3
38.9413988658 64.1441441441 4
35.3497164461 50.4504504505 3
48.7712665406 33.3333333333 9
64.0831758034 53.5135135135 7
79.3950850662 43.7837837838 7
66.7296786389 75.8558558559 6
52.3629489603 42.3423423423 9
60.3024574669 50.2702702703 4
51.2287334594 46.6666666667 4
5.29300567108 55.1351351351 1
51.9848771267 44.3243243243 7
47.4480151229 18.9189189189 4
47.0699432892 63.7837837838 3
34.5935727788 36.9369369369 4
26.0869565217 49.009009009 3
73.9130434783 35.4954954955 5
50.2835538752 67.027027027 7
65.4064272212 36.2162162162 3
75.8034026465 89.5495495495 6
37.0510396975 44.3243243243 8
64.4612476371 38.1981981982 3
26.0869565217 57.8378378378 7
85.2551984877 60.3603603604 1
35.3497164461 37.6576576577 1
39.5085066163 64.1441441441 7
79.0170132325 53.3333333333 6
37.9962192817 41.981981982 3
26.843100189 42.8828828829 8
24.3856332703 47.9279279279 6
92.438563327 52.0720720721 1
50.0945179584 27.5675675676 8
37.8071833648 39.2792792793 4
38.1852551985 51.1711711712 8
25.1417769376 38.5585585586 1
64.2722117202 21.0810810811 5
72.2117202268 71.7117117117 2
85.6332703214 17.1171171171 9
45.5576559546 34.5945945946 7
41.965973535 25.7657657658 7
59.7353497164 22.1621621622 9
37.618147448 82.7027027027 2
67.1077504726 58.9189189189 5
70.1323251418 49.9099099099 2
68.4310018904 17.4774774775 1
74.6691871456 63.4234234234 8
74.6691871456 48.2882882883 2
47.258979206 80.1801801802 2
30.6238185255 12.0720720721 9
93.9508506616 49.9099099099 7
68.4310018904 36.2162162162 5
82.2306238185 43.963963964 5
89.0359168242 45.5855855856 1
18.5255198488 57.2972972973 3
61.0586011342 64.8648648649 8
72.7788279773 39.2792792793 3
31.5689981096 52.0720720721 2
34.0264650284 45.7657657658 5
56.8998109641 46.4864864865 5
39.8865784499 43.963963964 6
50.6616257089 71.5315315315 4
62.9489603025 55.6756756757 1
23.2514177694 49.7297297297 3
27.2211720227 86.1261261261 4
67.2967863894 64.3243243243 6
19.0926275992 34.5945945946 5
75.6143667297 11.8918918919 6
49.5274102079 62.5225225225 7
53.8752362949 55.1351351351 8
38.3742911153 72.972972973 7
48.393194707 52.6126126126 5
28.5444234405 65.7657657658 4
63.1379962193 39.2792792793 8
18.5255198488 68.6486486486 8
65.7844990548 43.2432432432 5
39.5085066163 49.9099099099 1
87.7126654064 49.009009009 3
58.9792060491 68.2882882883 2
53.6862003781 56.7567567568 7
83.1758034026 60.0 6
50.6616257089 59.4594594595 1
35.7277882798 35.3153153153 1
33.4593572779 38.5585585586 2
34.5935727788 16.2162162162 7
31.5689981096 34.7747747748 9
54.0642722117 96.036036036 5
59.3572778828 52.2522522523 5
77.8827977316 38.7387387387 1
45.3686200378 40.9009009009 1
48.2041587902 61.2612612613 1
47.258979206 45.5855855856 7
69.943289225 17.6576576577 3
27.5992438563 58.3783783784 9
71.6446124764 63.2432432432 6
54.820415879 43.7837837838 5
13.988657845 54.0540540541 4
58.9792060491 65.045045045 2
27.97731569 56.5765765766 1
28.1663516068 83.963963964 8
44.8015122873 75.6756756757 5
53.4971644612 29.3693693694 8
39.5085066163 75.4954954955 3
75.236294896 46.6666666667 9
58.034026465 54.954954955 7
6.42722117202 45.2252252252 4
52.741020794 30.990990991 5
55.1984877127 40.1801801802 6
43.1001890359 47.5675675676 9
92.2495274102 82.5225225225 7
42.5330812854 47.027027027 9
92.2495274102 42.7027027027 1
58.034026465 39.2792792793 7
32.1361058601 40.0 1
74.8582230624 18.9189189189 7
29.6786389414 23.4234234234 8
72.4007561437 43.6036036036 1
24.5746691871 68.2882882883 6
35.7277882798 61.6216216216 6
64.2722117202 26.4864864865 6
13.4215500945 82.7027027027 1
60.6805293006 75.8558558559 6
23.0623818526 58.018018018 5
87.9017013233 50.0900900901 4
35.1606805293 48.4684684685 4
93.572778828 26.1261261261 2
65.4064272212 50.0900900901 2
64.8393194707 36.3963963964 5
56.7107750473 45.7657657658 5
62.9489603025 55.8558558559 5
70.5103969754 26.3063063063 8
46.8809073724 37.6576576577 1
78.8279773157 67.9279279279 3
39.1304347826 48.2882882883 6
59.168241966 34.4144144144 3
63.5160680529 49.7297297297 1
83.1758034026 95.8558558559 9
93.7618147448 45.5855855856 1
82.0415879017 45.4054054054 6
61.4366729679 18.018018018 6
47.4480151229 41.4414414414 2
82.4196597353 9.18918918919 4
45.7466918715 25.7657657658 9
73.156899811 75.8558558559 5
43.4782608696 38.5585585586 2
72.02268431 55.1351351351 8
58.7901701323 65.7657657658 6
61.247637051 60.9009009009 8
32.3251417769 66.8468468468 2
80.1512287335 41.8018018018 4
39.5085066163 72.0720720721 7
52.3629489603 40.1801801802 2
67.2967863894 54.5945945946 8
57.2778827977 36.2162162162 1
44.04536862 50.6306306306 8
58.6011342155 20.3603603604 6
68.0529300567 45.9459459459 3
54.820415879 74.954954955 7
38.3742911153 1.62162162162 1
51.4177693762 64.6846846847 9
59.5463137996 45.5855855856 7
51.0396975425 53.5135135135 1
29.4896030246 36.3963963964 8
53.8752362949 52.6126126126 1
63.7051039698 92.0720720721 6
50.0945179584 50.990990991 3
56.7107750473 41.0810810811 8
42.9111531191 61.0810810811 8
54.6313799622 40.9009009009 5
40.4536862004 25.9459459459 4
60.3024574669 66.3063063063 1
27.5992438563 6.30630630631 5
68.2419659735 50.2702702703 7
54.0642722117 19.0990990991 3
57.8449905482 41.2612612613 5
75.0472589792 63.2432432432 4
49.3383742911 41.981981982 7
53.4971644612 49.1891891892 1
65.0283553875 51.8918918919 8
57.8449905482 60.0 5
66.9187145558 42.1621621622 8
55.95463138 60.7207207207 2
42.1550094518 67.2072072072 9
56.3327032136 23.7837837838 1
43.2892249527 40.9009009009 2
20.6049149338 73.3333333333 7
44.4234404537 22.3423423423 5
52.9300567108 58.5585585586 5
55.7655954631 80.5405405405 5
62.381852552 0.0 2
60.1134215501 60.9009009009 6
44.8015122873 51.1711711712 8
35.9168241966 42.7027027027 2
0.0 45.7657657658 8
66.3516068053 52.4324324324 4
73.9130434783 51.1711711712 5
64.6502835539 66.4864864865 4
67.4858223062 44.8648648649 7
63.5160680529 60.1801801802 7
67.1077504726 66.6666666667 9
32.7032136106 40.3603603604 8
80.1512287335 43.7837837838 4
84.4990548204 69.9099099099 2
19.2816635161 23.0630630631 5
73.156899811 18.018018018 4
31.5689981096 32.6126126126 8
35.5387523629 42.8828828829 8
84.6880907372 69.009009009 6
48.9603024575 60.3603603604 9
71.8336483932 19.2792792793 4
64.0831758034 55.8558558559 2
48.5822306238 62.7027027027 3
65.2173913043 72.6126126126 6
48.7712665406 56.036036036 6
60.4914933837 47.027027027 8
65.2173913043 39.4594594595 8
15.3119092628 21.981981982 7
73.9130434783 43.963963964 1
53.6862003781 69.1891891892 3
27.0321361059 35.4954954955 8
57.6559546314 27.7477477477 8
59.7353497164 19.6396396396 1
41.7769376181 40.0 3
34.7826086957 19.2792792793 7
68.4310018904 11.1711711712 7
12.6654064272 26.8468468468 3
42.9111531191 49.1891891892 5
39.8865784499 41.6216216216 2
39.8865784499 55.3153153153 8
49.7164461248 58.9189189189 9
54.6313799622 83.0630630631 4
65.595463138 76.5765765766 3
64.0831758034 25.2252252252 5
69.7542533081 86.1261261261 9
67.2967863894 49.7297297297 5
37.2400756144 56.2162162162 2
72.02268431 51.1711711712 8
70.6994328922 52.2522522523 7
64.6502835539 41.6216216216 8
55.1984877127 53.3333333333 9
86.9565217391 45.7657657658 2
54.4423440454 61.4414414414 7
58.034026465 51.8918918919 2
45.7466918715 33.5135135135 8
58.2230623819 41.8018018018 8
48.7712665406 35.4954954955 2
37.0510396975 41.981981982 5
56.3327032136 77.6576576577 6
68.6200378072 61.981981982 3
72.5897920605 25.4054054054 9
46.1247637051 35.4954954955 5
49.9054820416 66.4864864865 1
77.1266540643 62.1621621622 7
53.4971644612 50.4504504505 4
71.4555765595 38.9189189189 6
20.415879017 21.4414414414 2
28.7334593573 60.5405405405 9
64.6502835539 67.9279279279 5
