56
56.8181818182 43.4607645875 14 0 0 2 8 10 11 14 14 15 18 23 27 35 38 0 0 165 255 260 498 504 677 716 773 777 868 877 910
0.0 30.583501006 14 0 5 7 11 15 26 32 32 37 39 42 43 46 47 0 0 228 520 612 634 791 853 870 932 935 974 974 984
35.9090909091 26.7605633803 14 0 5 7 10 13 14 16 17 18 24 25 28 37 49 0 117 147 161 315 356 458 468 569 590 779 906 910 966
79.3181818182 54.9295774648 14 0 3 4 4 10 12 19 27 27 27 29 36 41 47 0 160 253 306 309 372 471 492 494 513 662 704 786 960
42.2727272727 85.7142857143 14 0 4 10 20 20 21 23 31 31 32 40 41 44 49 0 194 244 369 475 494 522 541 646 682 686 690 779 906
19.5454545455 16.2977867203 14 0 4 6 10 10 15 21 21 29 34 34 35 43 48 0 180 189 241 329 373 401 418 659 691 742 768 791 845
72.0454545455 48.490945674 14 0 5 5 12 15 17 25 29 30 34 35 40 45 47 0 0 236 278 429 473 499 572 596 658 690 906 908 973
49.0909090909 100.0 14 0 0 11 13 14 18 21 22 24 27 31 33 34 41 0 0 299 336 391 454 467 491 701 738 816 946 953 955
34.3181818182 23.138832998 14 0 4 9 10 10 12 16 22 25 34 39 43 45 49 0 174 238 286 291 461 505 567 612 778 871 877 929 967
69.7727272727 37.6257545272 14 0 3 10 12 13 14 22 25 28 29 36 36 37 39 0 0 101 142 411 500 572 644 774 813 815 822 948 948
65.2272727273 61.569416499 14 0 2 8 16 16 18 21 27 27 28 37 43 45 48 0 208 319 372 396 427 593 598 654 665 738 900 907 999
33.4090909091 66.800804829 14 0 1 4 12 18 19 20 22 22 24 28 36 42 48 0 222 256 324 467 469 482 603 623 662 762 850 878 978
82.9545454545 21.9315895372 14 0 2 3 14 20 20 21 28 28 30 44 46 46 46 0 111 210 341 371 537 611 702 727 743 821 860 933 963
60.0 13.8832997988 14 0 4 7 9 9 10 11 21 37 38 40 49 49 49 0 112 288 342 363 390 415 457 584 728 769 842 953 972
66.5909090909 38.0281690141 14 0 5 7 8 9 11 17 23 23 23 24 38 47 48 0 194 354 478 556 577 601 625 627 645 665 768 777 941
49.7727272727 14.4869215292 14 0 12 13 15 24 25 25 30 35 42 42 43 46 48 0 108 113 146 214 412 441 457 471 481 846 909 960 960
90.0 48.2897384306 14 0 0 8 11 14 20 33 38 39 44 44 45 45 45 0 137 168 466 481 516 730 753 755 780 807 884 934 986
60.0 68.0080482897 14 0 1 4 8 10 13 16 32 32 41 41 43 47 48 0 220 355 389 418 454 474 573 616 660 767 798 876 942
78.8636363636 26.9617706237 14 0 2 12 13 14 16 17 20 22 25 26 26 31 38 0 192 320 464 467 515 600 671 717 774 787 905 915 996
65.4545454545 53.722334004 14 0 1 4 6 9 11 17 21 23 24 28 28 34 38 0 108 316 331 425 522 538 545 625 660 672 737 806 957
43.4090909091 44.4668008048 14 0 16 16 21 27 28 29 30 31 33 34 38 40 45 0 271 287 299 438 449 520 545 729 748 848 903 911 925
9.77272727273 48.893360161 14 0 9 13 15 16 29 29 32 35 38 38 38 41 43 0 0 234 285 342 418 466 551 667 672 750 791 955 970
69.7727272727 30.7847082495 14 0 3 13 14 21 22 24 24 25 39 42 43 44 47 0 0 132 182 269 418 519 566 581 703 714 811 893 984
80.4545454545 97.9879275654 14 0 0 3 4 7 15 16 16 17 19 21 26 32 42 0 153 260 402 431 521 571 573 648 684 708 713 940 981
34.0909090909 33.8028169014 14 0 4 6 12 14 16 25 26 32 33 34 39 42 46 0 295 345 392 442 625 695 710 731 738 758 816 839 861
42.0454545455 41.6498993964 14 0 2 3 7 12 15 20 33 35 36 37 41 45 46 0 191 249 258 267 365 494 683 793 795 846 882 909 914
74.0909090909 47.2837022133 14 0 0 6 7 10 11 17 18 28 30 32 38 43 48 0 195 403 463 468 477 524 583 772 903 924 933 959 996
50.0 38.8329979879 14 0 4 15 18 20 25 26 28 29 32 36 37 41 47 0 0 258 259 309 449 573 641 644 668 682 697 700 701
16.1363636364 53.5211267606 14 0 0 7 11 16 16 27 28 32 36 37 44 46 49 0 150 206 243 325 566 640 755 769 800 879 933 935 964
73.4090909091 61.9718309859 14 0 10 16 18 20 28 30 34 37 40 41 42 47 47 0 115 161 193 393 401 431 515 558 587 745 758 771 802
28.8636363636 45.8752515091 14 0 2 2 10 12 14 21 23 29 36 36 37 42 43 0 110 167 237 276 284 309 311 352 354 539 854 932 952
88.4090909091 53.722334004 14 0 2 6 8 18 19 20 28 34 35 36 37 39 47 0 317 481 633 748 769 808 814 848 850 853 889 897 901
39.5454545455 24.1448692153 14 0 9 9 12 15 17 18 24 25 33 36 36 39 45 0 0 114 169 466 474 657 666 750 802 818 863 864 922
100.0 29.1750503018 14 0 3 4 4 6 8 21 24 27 37 38 41 41 47 0 194 203 255 268 327 463 567 745 789 826 835 957 977
71.1363636364 32.9979879276 14 0 3 5 14 16 22 30 30 33 34 36 38 44 46 0 121 171 182 227 334 376 430 448 607 654 663 779 833
6.13636363636 69.6177062374 14 0 1 4 5 5 6 7 9 13 14 17 30 40 47 0 0 128 139 197 249 305 325 337 477 538 626 647 970
89.7727272727 0.0 14 0 2 7 8 9 24 25 30 32 33 40 41 47 49 0 181 197 328 329 342 359 393 501 637 677 725 736 945
90.2272727273 29.7786720322 14 0 9 10 12 14 17 18 22 25 27 30 31 32 33 0 230 264 265 410 509 619 647 718 796 839 873 922 965
55.0 61.3682092555 14 0 11 15 15 19 20 27 28 30 37 39 40 41 45 0 107 131 197 276 293 405 488 582 670 674 732 747 971
60.2272727273 4.42655935614 14 0 0 2 9 15 15 16 19 25 25 27 29 46 46 0 0 184 267 276 382 413 590 615 677 685 773 940 989
80.2272727273 67.6056338028 14 0 4 7 10 11 17 21 22 28 29 42 44 48 48 0 108 277 465 498 513 579 662 668 686 792 828 830 911
45.0 60.1609657948 14 0 3 15 16 16 18 18 20 24 28 31 42 42 45 0 0 207 242 268 305 393 431 531 587 674 688 775 795
84.5454545455 62.5754527163 14 0 2 7 12 18 19 21 22 24 31 33 36 37 44 0 262 271 305 552 606 623 645 652 762 806 980 994 994
48.4090909091 26.7605633803 14 0 0 3 22 26 27 31 33 34 35 37 41 43 49 0 0 100 102 235 239 247 276 332 381 443 523 909 949
36.8181818182 72.6358148893 14 0 4 4 9 9 16 17 23 23 26 29 35 36 43 0 108 137 188 261 261 496 564 636 654 655 740 863 980
18.1818181818 44.6680080483 14 0 1 10 11 14 15 16 17 23 25 28 37 42 46 0 0 141 296 298 391 581 644 686 719 768 782 968 994
49.5454545455 28.7726358149 14 0 0 2 3 6 7 8 31 32 37 42 44 44 46 0 134 227 289 362 566 623 739 795 802 845 898 962 976
75.4545454545 45.8752515091 14 0 6 9 9 15 18 19 28 32 37 37 45 45 47 0 100 232 296 329 414 453 567 690 732 797 869 887 944
44.7727272727 64.7887323944 14 0 1 3 4 9 15 22 24 31 35 36 37 40 42 0 117 123 176 226 399 402 506 706 738 853 881 917 936
36.3636363636 16.4989939638 14 0 0 3 4 8 13 17 20 21 27 35 36 43 43 0 122 286 323 510 640 690 859 899 911 921 932 939 965
89.7727272727 65.9959758551 14 0 1 2 14 20 25 32 33 36 39 39 42 42 48 0 104 172 204 204 211 287 323 363 452 661 678 848 888
72.5 43.4607645875 14 0 3 6 7 13 17 22 22 29 31 31 34 42 42 0 182 257 406 528 577 653 733 762 775 838 857 938 990
47.2727272727 31.3883299799 14 0 3 4 11 11 13 16 17 25 25 25 31 38 45 0 134 171 193 380 445 466 598 658 658 719 947 976 986
29.3181818182 34.4064386318 14 0 2 6 6 12 15 17 22 23 40 41 41 41 43 0 0 266 345 347 405 442 716 732 752 784 837 927 931
43.4090909091 30.1810865191 14 0 6 12 18 21 23 30 40 40 41 42 43 48 49 0 169 187 212 277 286 295 437 683 790 860 893 988 988
60.4545454545 43.661971831 14 0 2 10 14 16 19 21 23 24 31 38 45 46 48 0 115 157 182 260 294 473 516 707 775 841 846 989 991
78
36.5740740741 53.2407407407 3
41.4351851852 83.7962962963 6
19.6759259259 5.09259259259 4
48.1481481481 73.6111111111 6
95.3703703704 77.7777777778 4
21.5277777778 34.0277777778 8
31.25 59.0277777778 7
100.0 39.8148148148 8
35.4166666667 57.8703703704 4
46.0648148148 41.2037037037 2
56.0185185185 39.8148148148 4
81.712962963 42.3611111111 9
83.1018518519 30.0925925926 1
79.3981481481 0.0 9
59.2592592593 77.5462962963 7
60.6481481481 36.8055555556 7
0.0 42.8240740741 5
6.01851851852 38.8888888889 1
56.4814814815 47.9166666667 3
26.1574074074 64.1203703704 3
24.7685185185 59.4907407407 4
70.6018518519 52.7777777778 3
38.8888888889 19.212962963 3
14.5833333333 71.5277777778 6
25.9259259259 29.3981481481 3
63.1944444444 20.6018518519 4
65.9722222222 56.25 9
84.4907407407 15.5092592593 8
80.3240740741 75.0 9
49.0740740741 30.5555555556 3
40.5092592593 68.0555555556 2
44.6759259259 52.0833333333 4
31.9444444444 43.75 8
44.6759259259 55.0925925926 9
47.9166666667 27.0833333333 9
48.6111111111 22.9166666667 1
43.0555555556 100.0 4
52.0833333333 58.3333333333 1
39.1203703704 53.0092592593 7
70.1388888889 25.2314814815 1
16.4351851852 15.2777777778 2
50.6944444444 21.5277777778 8
69.6759259259 43.0555555556 6
28.0092592593 37.962962963 1
24.537037037 56.0185185185 1
69.4444444444 65.5092592593 2
45.1388888889 58.1018518519 4
54.6296296296 19.212962963 3
12.5 30.787037037 9
7.17592592593 42.1296296296 8
68.75 44.4444444444 5
21.9907407407 43.5185185185 6
4.62962962963 59.2592592593 5
54.8611111111 34.2592592593 5
26.6203703704 69.6759259259 8
25.9259259259 25.9259259259 9
35.6481481481 79.1666666667 5
34.7222222222 75.2314814815 7
56.0185185185 37.037037037 6
45.8333333333 52.3148148148 3
9.25925925926 27.3148148148 5
91.4351851852 62.5 2
25.2314814815 78.4722222222 1
35.1851851852 25.6944444444 1
47.4537037037 46.7592592593 2
12.2685185185 38.4259259259 5
35.8796296296 59.9537037037 8
43.5185185185 31.25 9
55.787037037 65.5092592593 7
25.6944444444 51.3888888889 3
4.86111111111 34.2592592593 4
80.0925925926 66.8981481481 8
59.9537037037 34.2592592593 3
44.6759259259 31.0185185185 2
43.287037037 37.5 8
50.0 36.3425925926 8
24.537037037 18.287037037 1
50.0 34.2592592593 7
