136
67.754318618 45.4700854701 37 0 0 0 3 5 9 10 12 13 13 18 19 21 21 22 24 25 30 32 33 33 34 34 36 38 40 40 41 41 42 44 44 44 46 46 48 49 0 103 110 167 185 190 204 380 412 436 437 465 469 478 491 491 495 509 547 547 568 578 658 672 689 692 696 721 742 769 780 808 863 963 968 972 980
45.4894433781 10.2564102564 37 0 0 2 2 5 7 7 9 10 14 15 16 17 17 20 21 23 23 25 26 27 28 29 29 30 33 35 37 39 40 41 41 42 42 45 45 47 0 104 115 128 132 145 210 227 228 245 266 331 397 459 480 499 520 520 527 551 569 598 652 685 706 732 830 831 840 857 890 923 933 935 950 952 954
13.6276391555 70.2564102564 37 0 0 1 1 6 6 8 9 9 9 11 11 12 14 14 17 18 20 20 24 25 27 28 32 33 35 37 37 38 38 39 39 43 44 44 48 49 0 199 281 284 293 358 359 371 396 408 412 429 437 469 474 503 527 603 610 614 666 675 686 690 698 716 722 756 780 809 845 850 872 907 909 971 977
61.4203454894 15.3846153846 37 0 0 2 3 4 10 12 13 14 16 16 16 17 19 19 20 20 21 22 23 23 24 25 29 33 37 38 38 39 40 40 40 41 43 46 46 48 0 101 106 106 106 123 127 146 167 179 267 287 318 343 436 445 508 531 563 568 597 602 620 621 692 718 740 757 766 771 781 815 824 853 921 960 970
0.0 23.4188034188 37 0 1 1 1 2 2 5 7 8 9 9 10 10 18 19 19 20 22 23 28 29 31 34 35 37 38 38 39 42 42 44 46 46 46 47 48 49 0 118 127 164 192 211 219 234 312 322 327 327 420 519 540 549 621 626 649 664 665 670 716 718 725 730 788 803 843 849 873 881 897 918 944 967 968
34.7408829175 24.4444444444 37 0 0 6 8 9 9 10 10 12 14 16 19 20 20 21 22 25 26 26 30 32 33 33 33 34 36 36 37 40 41 41 42 46 46 46 47 47 0 101 112 125 152 178 184 218 231 270 296 298 311 312 364 465 481 557 580 628 636 647 648 669 674 734 764 765 830 835 856 877 910 956 966 990 999
50.6717850288 18.2905982906 37 0 0 0 0 1 1 1 3 5 6 10 11 12 12 13 18 19 24 25 26 28 29 31 31 32 32 32 33 34 34 35 40 43 43 44 45 47 0 0 132 151 172 228 231 243 247 274 286 325 361 390 416 423 437 507 561 571 660 668 670 710 774 778 779 799 801 828 834 866 887 896 927 960 976
49.3282149712 60.1709401709 37 0 2 3 3 4 6 7 8 9 13 15 15 16 18 19 20 22 22 24 29 32 33 36 36 40 40 42 43 44 44 45 45 45 47 47 48 49 0 111 151 179 188 200 253 257 260 309 384 385 398 456 460 485 520 522 535 556 559 583 627 628 656 681 717 717 719 763 772 883 886 909 947 978 987
63.339731286 0.0 37 0 0 1 1 2 3 5 5 7 9 14 14 19 19 21 23 24 24 24 25 28 28 28 31 31 32 32 35 38 38 42 42 43 44 44 45 48 0 0 109 118 131 155 159 161 165 202 217 231 243 250 338 342 376 401 453 489 515 520 602 625 645 665 691 708 719 787 809 811 828 857 879 923 991
73.896353167 15.5555555556 37 0 1 1 2 4 5 7 7 9 11 13 13 13 13 14 14 19 20 21 25 25 25 27 27 28 29 33 34 34 35 40 41 43 46 47 48 49 0 0 171 192 209 244 253 301 301 350 355 378 413 415 461 468 548 552 634 648 663 665 671 743 747 755 756 759 766 784 814 835 843 872 898 921 941
73.5124760077 49.9145299145 37 0 1 4 5 6 6 7 9 9 10 13 14 18 18 18 20 20 22 23 23 25 26 28 29 29 31 31 32 32 33 38 38 38 44 47 47 48 0 138 196 205 239 284 341 355 366 368 373 376 381 398 418 454 457 462 463 486 489 525 563 588 623 649 663 691 692 697 713 801 809 852 908 924 926
40.6909788868 9.91452991453 37 0 1 2 3 4 5 11 13 13 13 14 14 14 16 17 18 21 22 22 22 24 25 30 32 34 34 35 35 35 35 38 39 41 41 43 44 46 0 0 105 107 139 192 213 234 248 278 289 299 305 320 333 334 356 378 479 495 526 559 569 577 618 620 623 644 665 711 750 788 806 809 853 948 969
38.1957773512 23.2478632479 37 0 0 0 2 3 5 7 8 8 9 11 14 14 15 18 19 19 20 20 23 25 26 27 27 28 29 29 30 31 35 39 39 45 46 46 46 47 0 109 116 119 152 170 175 184 222 227 243 282 300 302 333 368 380 388 459 469 477 489 502 545 585 605 705 726 780 814 909 914 942 958 973 976 986
45.4894433781 64.9572649573 37 0 0 3 4 7 7 8 8 8 9 9 11 12 16 19 23 24 25 25 25 26 26 27 28 32 32 36 37 39 39 41 42 44 46 46 46 47 0 143 179 183 205 232 257 265 291 298 316 318 334 411 418 459 466 513 546 554 594 635 640 691 781 803 835 862 867 920 923 931 933 938 949 952 974
71.4011516315 52.4786324786 37 0 1 1 3 5 5 6 6 7 12 13 15 16 19 21 21 22 22 24 24 25 25 28 30 31 32 34 35 41 42 45 45 45 46 47 49 49 0 105 134 149 155 162 163 195 208 231 266 327 341 390 463 557 565 567 568 583 584 642 661 722 724 732 739 744 796 839 853 870 876 879 921 922 974
16.122840691 30.0854700855 37 0 0 2 4 5 6 7 8 10 11 14 14 14 15 16 17 23 24 24 24 27 27 32 35 36 38 41 42 44 44 45 46 46 47 47 48 49 0 0 108 112 113 117 121 125 225 285 317 325 332 363 380 480 497 531 532 606 636 640 719 777 812 820 826 837 852 883 889 919 948 971 981 985 986
63.1477927063 66.8376068376 37 0 0 1 5 5 7 11 11 13 15 21 24 25 26 26 26 27 28 31 34 34 35 39 40 41 41 42 43 44 44 45 46 46 46 48 48 49 0 108 122 127 138 160 191 244 265 310 314 315 328 413 430 483 485 557 586 589 595 605 642 699 704 786 818 823 824 846 858 908 920 942 983 992 996
66.0268714012 28.2051282051 37 0 0 1 5 6 7 7 9 10 12 15 18 19 22 24 24 26 27 27 29 29 32 33 34 36 37 38 38 39 40 42 42 44 47 48 49 49 0 142 185 251 259 289 314 315 346 353 357 376 413 437 449 507 510 582 598 637 640 665 676 691 746 771 778 831 853 871 897 911 930 932 937 940 959
50.2879078695 34.358974359 37 0 3 6 8 10 10 10 12 13 14 16 16 20 21 21 21 21 22 23 24 25 29 30 31 31 33 33 34 34 35 39 39 42 44 48 48 49 0 101 108 120 164 206 217 263 268 284 291 390 391 443 481 494 537 539 550 560 588 628 647 672 756 772 791 791 798 814 824 867 894 918 929 960 963
51.6314779271 34.7008547009 37 0 3 3 4 4 7 7 8 8 10 11 13 14 15 21 22 24 25 25 28 28 31 32 34 36 37 37 38 38 39 39 40 42 45 47 47 49 0 106 141 171 198 206 229 238 256 265 293 300 309 314 391 412 430 432 493 551 586 603 609 611 622 642 643 751 761 827 886 910 951 958 966 980 998
35.1247600768 11.6239316239 37 0 1 2 4 4 5 5 5 7 7 14 17 17 17 20 21 24 25 27 29 30 30 33 34 35 35 36 36 39 42 43 43 47 48 48 48 48 0 0 244 264 264 265 305 311 351 357 360 384 484 485 485 535 563 586 598 599 615 616 642 659 660 685 693 729 768 807 823 855 873 914 923 941 942
44.1458733205 36.2393162393 37 0 2 4 5 6 6 7 14 15 15 20 21 21 22 24 25 26 28 31 33 34 37 38 38 38 39 42 43 44 44 44 45 47 47 47 48 48 0 115 123 186 281 298 311 334 336 348 394 449 492 513 537 555 564 576 604 647 717 739 749 763 767 780 787 807 813 835 864 925 927 941 943 973 976
59.3090211132 34.7008547009 37 0 1 2 2 3 5 5 6 6 7 7 10 11 12 12 12 14 15 18 20 23 25 28 28 29 29 31 33 33 36 40 41 45 45 47 47 49 0 131 140 151 165 176 190 245 299 320 329 336 420 450 482 491 498 546 570 626 720 751 757 759 791 802 810 818 852 866 866 905 922 969 971 977 991
28.5988483685 40.6837606838 37 0 2 2 3 4 6 6 8 8 8 9 10 14 19 19 19 20 20 20 24 24 25 25 27 27 28 32 32 34 35 38 39 39 40 41 43 44 0 116 135 142 210 225 248 301 302 306 306 326 365 378 381 385 397 417 424 458 535 545 570 590 593 600 665 728 778 794 800 826 850 856 859 921 930
42.0345489443 22.0512820513 37 0 0 2 3 5 6 7 8 9 9 11 14 15 17 17 17 22 22 25 26 27 29 30 30 30 30 31 32 35 36 38 39 40 41 42 45 49 0 0 212 305 328 338 346 385 403 440 445 445 468 469 489 511 529 544 604 629 664 725 739 739 740 745 745 805 810 816 834 850 852 884 906 988 990
63.915547025 28.7179487179 37 0 0 0 6 6 8 11 11 12 13 15 15 15 16 20 22 23 26 26 27 29 30 31 31 31 32 37 38 40 41 42 43 44 44 45 45 49 0 0 125 135 136 164 179 196 197 235 241 247 247 328 330 356 427 442 477 511 518 525 595 653 721 729 731 731 753 754 795 914 929 934 966 975 985
53.9347408829 45.811965812 37 0 0 0 2 2 3 4 4 7 7 10 10 10 11 13 13 16 16 18 18 20 21 23 24 26 29 29 30 31 35 35 37 38 42 44 46 47 0 125 144 146 181 200 246 263 271 339 379 452 472 476 487 542 547 597 622 653 664 668 678 708 713 732 740 783 788 855 896 905 953 960 979 987 999
43.9539347409 42.2222222222 37 0 0 1 3 5 6 11 11 13 16 18 20 20 24 25 25 27 28 29 29 30 32 33 36 38 38 40 40 41 42 42 43 44 45 46 48 48 0 125 143 154 154 185 221 237 260 264 265 280 340 359 396 404 441 542 546 615 634 640 653 680 739 761 772 777 797 801 834 839 900 921 937 943 952
70.8253358925 46.8376068376 37 0 0 2 3 8 9 10 12 12 13 14 14 21 21 22 22 23 23 25 27 27 28 29 29 32 33 33 33 33 36 38 41 44 44 44 48 49 0 0 123 147 163 208 217 228 241 251 272 298 338 342 349 350 357 418 430 435 526 584 634 638 684 697 804 811 835 847 867 891 907 918 964 971 973
57.0057581574 29.7435897436 37 0 0 2 2 3 6 6 6 8 9 10 16 16 19 19 19 19 21 24 26 29 30 31 31 31 32 34 34 35 36 39 40 40 42 45 49 49 0 167 172 178 200 234 254 258 333 339 352 358 362 392 420 445 483 487 524 563 607 630 632 688 709 725 734 747 792 807 830 836 838 898 900 905 907
27.8310940499 40.8547008547 37 0 1 2 5 5 11 11 11 12 12 12 15 16 19 19 19 20 21 22 23 23 25 25 28 32 33 35 38 39 40 40 42 42 44 46 46 49 0 0 101 122 139 144 182 205 227 231 239 272 278 320 326 389 393 421 450 453 486 540 566 586 636 650 669 691 722 725 772 811 853 856 864 935 975
45.2975047985 49.5726495726 37 0 0 1 2 2 4 8 9 9 10 11 12 13 13 14 14 15 17 19 19 20 22 23 24 25 25 29 30 35 36 41 42 45 46 47 47 48 0 101 127 157 163 193 217 218 239 286 355 367 369 394 416 440 459 462 503 535 552 572 633 633 650 686 710 801 820 831 882 903 920 920 963 992 994
75.6238003839 21.7094017094 37 0 0 2 2 6 6 8 11 13 16 16 16 20 23 25 27 28 29 29 30 31 31 34 34 34 35 38 38 38 39 39 41 43 44 48 48 49 0 105 113 135 136 166 192 242 244 249 281 291 313 324 350 366 377 389 389 419 429 433 513 570 604 634 671 680 709 740 745 750 796 822 834 977 993
81.9577735125 19.3162393162 37 0 0 5 11 12 13 13 14 15 17 18 20 20 22 22 23 25 28 29 30 32 33 35 38 39 40 40 40 41 43 43 45 46 47 48 48 48 0 134 143 182 200 224 231 267 268 278 317 340 342 356 361 407 442 452 499 522 573 617 618 627 632 651 679 702 723 728 783 793 802 845 952 986 992
46.8330134357 51.2820512821 37 0 0 3 3 5 6 7 10 12 13 13 13 14 15 16 16 17 18 20 20 20 23 24 24 28 30 32 38 38 39 43 43 44 44 46 47 47 0 0 131 138 203 210 232 305 336 427 429 435 462 475 481 508 514 522 589 620 625 655 663 677 718 721 729 779 854 855 856 910 936 937 941 954 997
45.2975047985 34.5299145299 37 0 0 5 7 8 9 9 10 10 10 12 13 14 16 19 22 25 26 27 28 30 31 32 32 33 35 36 36 38 40 41 44 44 47 48 48 49 0 111 120 155 207 289 306 342 346 353 396 424 471 486 539 579 586 595 636 659 726 733 748 759 791 804 821 838 860 870 892 904 927 938 940 952 977
36.084452975 34.8717948718 37 0 0 1 2 3 4 5 11 11 15 15 16 18 18 19 20 21 23 24 24 27 27 29 30 32 33 36 39 41 41 43 45 46 46 48 48 48 0 0 125 128 132 172 184 197 241 276 293 324 355 359 536 548 579 601 612 617 645 685 721 745 756 776 782 785 794 816 848 848 886 926 958 961 976
37.4280230326 34.358974359 37 0 2 3 3 3 6 8 8 9 15 17 17 17 17 19 19 20 24 24 24 24 28 31 31 32 32 32 33 33 34 34 34 35 38 41 45 49 0 0 114 140 170 180 203 216 267 275 282 311 332 335 456 465 465 525 574 595 599 620 627 666 714 729 773 778 788 804 826 851 862 902 904 987 998
76.9673704415 37.7777777778 37 0 0 3 6 6 11 11 13 15 15 18 19 21 23 24 25 26 27 28 28 30 31 32 32 33 33 34 36 37 39 39 39 41 46 47 48 48 0 142 145 179 185 190 231 287 326 332 340 379 408 425 427 462 467 470 470 479 544 582 592 607 614 640 661 671 742 753 768 831 839 848 868 969 989
54.7024952015 39.6581196581 37 0 1 1 2 7 10 11 12 17 19 19 21 24 24 27 27 29 31 31 31 32 32 34 36 36 36 37 37 43 43 43 44 44 45 46 47 49 0 104 112 118 197 204 217 223 227 267 295 319 386 417 467 468 471 472 507 587 596 637 654 660 666 725 759 763 796 820 849 854 899 933 938 943 957
40.1151631478 36.5811965812 37 0 0 4 4 5 6 8 8 12 12 18 19 20 21 21 24 26 27 30 35 36 37 40 40 42 42 43 44 44 45 45 45 46 46 46 47 48 0 0 100 127 134 139 211 216 237 260 289 323 328 344 352 467 468 474 566 604 650 669 765 789 799 812 813 840 872 879 901 918 932 935 936 938 991
9.78886756238 46.6666666667 37 0 1 1 2 3 6 6 7 8 8 9 13 14 16 18 22 23 23 25 28 30 32 32 33 33 36 37 42 44 45 45 45 47 47 48 49 49 0 102 132 158 168 178 187 196 221 278 362 401 424 466 467 499 506 518 522 531 550 590 670 675 684 701 732 746 751 767 770 793 806 820 897 898 987
53.9347408829 36.2393162393 37 0 3 4 4 4 5 8 8 8 9 11 11 16 17 19 21 23 23 23 25 27 27 28 28 30 31 34 34 34 37 38 38 38 39 41 42 42 0 133 173 190 250 253 257 293 305 315 322 411 433 503 521 560 595 603 658 659 682 713 715 723 750 753 778 813 838 853 863 865 923 959 962 983 989
10.9404990403 26.1538461538 37 0 0 2 4 4 4 6 7 11 11 12 15 15 16 16 16 17 18 19 20 21 26 27 28 34 35 40 41 41 41 42 43 43 45 48 49 49 0 126 151 159 179 203 226 274 313 327 374 388 408 419 466 514 542 545 549 568 579 588 597 606 627 655 699 707 718 753 759 777 799 805 822 884 944
71.4011516315 25.4700854701 37 0 0 1 4 5 7 7 11 14 14 15 17 18 18 20 20 21 22 24 24 25 27 28 28 30 31 34 34 35 36 36 37 38 40 40 45 49 0 151 177 183 236 276 309 319 358 394 409 473 479 537 547 560 567 584 601 632 649 711 728 732 734 735 777 819 822 841 849 864 908 929 940 943 975
60.0767754319 27.8632478632 37 0 2 2 5 5 5 7 8 9 9 11 11 13 13 14 15 16 16 18 18 18 20 20 23 24 25 27 28 31 32 36 37 38 43 43 44 49 0 118 125 129 163 171 173 200 235 239 239 245 254 254 339 401 442 443 473 480 513 536 545 545 556 592 626 637 695 733 754 780 874 886 898 915 977
46.0652591171 32.9914529915 37 0 0 1 2 3 6 7 9 12 14 16 17 17 23 24 25 25 26 27 28 28 28 30 31 32 35 37 40 41 41 42 42 43 44 45 46 47 0 107 127 170 186 235 255 313 321 330 338 372 385 400 420 431 442 468 511 539 551 580 599 663 694 765 796 797 799 833 866 891 943 969 978 979 993
29.3666026871 13.6752136752 37 0 0 8 8 9 9 9 12 13 15 15 15 16 17 18 19 20 23 24 24 24 25 26 27 28 29 32 34 36 36 37 39 44 45 45 48 49 0 156 174 186 199 223 234 236 240 258 306 335 340 343 357 443 455 486 492 504 504 507 534 540 557 565 588 619 644 668 705 811 849 864 890 952 984
14.5873320537 44.1025641026 37 0 0 0 3 3 4 4 6 6 7 10 11 12 14 19 20 20 20 21 23 23 24 26 27 28 29 33 34 35 35 36 36 37 39 42 43 45 0 0 111 147 148 151 161 170 172 221 243 272 282 285 286 290 291 359 392 448 486 576 587 665 679 704 708 710 756 783 790 804 819 840 861 874 892
60.6525911708 51.7948717949 37 0 0 0 1 2 2 2 2 2 2 4 5 5 6 9 10 10 16 17 18 24 27 28 28 29 29 33 37 37 39 42 42 43 43 48 48 49 0 164 167 176 215 270 284 297 356 412 427 433 441 453 455 468 478 498 508 531 558 560 561 592 629 715 775 778 795 833 879 882 901 945 951 961 996
57.9654510557 15.5555555556 37 0 1 3 4 5 6 6 7 7 8 11 14 16 17 19 20 20 21 22 22 24 25 25 27 27 29 31 31 33 33 34 36 41 42 43 44 49 0 171 172 175 184 233 253 253 262 266 335 409 419 426 492 529 531 587 596 613 661 675 678 692 714 714 716 762 781 834 874 885 903 909 922 957 988
62.9558541267 60.0 37 0 0 0 0 1 2 3 7 9 12 16 16 18 19 20 23 25 25 26 27 29 29 30 31 31 32 32 35 36 37 38 38 39 41 43 46 48 0 100 138 141 165 200 210 249 259 342 369 412 421 424 444 445 451 458 481 487 501 508 526 584 587 624 626 640 673 703 743 752 772 848 892 948 997
78.6948176583 43.9316239316 37 0 0 3 9 12 12 16 17 17 18 20 21 22 22 23 23 24 24 25 26 29 29 32 34 36 37 38 38 38 38 40 40 43 43 48 49 49 0 118 151 165 185 199 200 200 208 266 291 319 333 352 360 371 411 434 473 506 534 623 647 665 684 720 792 795 857 862 869 878 891 899 928 980 990
100.0 75.8974358974 37 0 1 1 1 1 3 4 8 9 10 12 14 14 14 17 17 21 22 24 24 27 27 27 28 28 29 30 32 32 35 36 40 41 48 48 48 49 0 135 183 192 195 228 261 263 296 319 352 454 457 468 495 507 560 565 565 567 635 641 646 658 669 737 738 740 741 741 745 812 884 903 907 948 995
47.792706334 44.9572649573 37 0 0 1 2 4 4 5 6 7 11 11 12 12 14 15 15 16 17 19 19 19 21 21 23 29 33 35 38 39 39 39 40 41 42 45 45 48 0 100 101 117 147 157 175 185 219 234 252 257 285 305 372 394 401 517 540 543 558 566 568 577 601 613 633 649 697 713 746 747 802 850 882 917 960
23.2245681382 32.4786324786 37 0 3 5 6 8 11 13 13 14 16 16 18 18 20 21 21 22 23 25 26 26 27 27 28 28 29 31 33 42 42 42 43 44 45 49 49 49 0 152 159 160 171 229 229 261 272 287 303 325 356 383 436 443 458 535 538 543 554 564 576 601 729 730 742 819 843 854 862 883 918 947 960 969 998
76.7754318618 39.1452991453 37 0 1 1 2 4 4 5 8 9 11 11 13 13 19 20 21 21 21 23 23 23 26 26 27 30 32 34 35 35 36 37 38 38 38 42 47 49 0 188 199 227 243 269 286 305 345 366 402 529 529 543 544 544 552 561 573 637 645 695 723 728 837 842 847 849 881 897 899 917 938 950 957 984 985
57.773512476 42.0512820513 37 0 2 3 4 4 6 7 7 8 8 10 13 14 15 15 16 19 20 20 23 26 28 31 31 31 31 33 35 35 35 38 39 40 45 47 47 48 0 0 100 128 145 145 192 254 299 301 321 345 358 375 437 439 452 460 473 506 548 613 673 704 706 715 756 765 816 868 872 931 943 947 950 982 992
48.7523992322 21.5384615385 37 0 0 1 1 2 4 5 5 8 9 10 12 15 20 20 22 24 28 28 30 32 32 33 36 37 37 37 38 42 42 42 43 43 47 47 48 49 0 0 132 156 181 226 230 236 247 250 250 286 289 309 393 416 460 470 473 474 544 550 572 582 595 662 677 759 786 790 801 807 859 901 963 988 997
56.2380038388 11.2820512821 37 0 2 2 4 5 8 10 11 13 13 15 16 19 20 21 24 24 24 25 25 32 33 36 37 39 40 42 42 43 44 44 46 46 47 47 47 49 0 0 106 114 118 135 140 152 191 224 245 299 315 487 495 510 513 514 530 563 573 612 627 650 662 664 677 683 688 699 717 718 739 843 882 921 975
49.7120921305 21.3675213675 37 0 1 1 1 2 3 3 6 7 8 9 9 10 10 10 17 17 19 22 22 22 23 23 24 36 36 38 39 39 41 44 44 45 45 46 47 49 0 119 169 171 173 199 230 269 269 293 295 300 310 367 375 382 398 435 492 493 494 544 566 576 622 638 690 703 711 787 826 855 858 872 889 926 933
68.7140115163 45.1282051282 37 0 0 1 1 5 8 10 11 11 14 15 15 17 18 19 21 25 25 25 28 29 30 30 30 32 34 39 40 40 41 42 45 45 47 48 48 49 0 115 129 148 176 181 184 200 231 347 398 447 467 506 507 524 565 618 620 646 654 655 674 723 737 739 776 778 788 803 818 829 889 892 903 955 989
56.6218809981 33.3333333333 37 0 0 0 1 5 6 9 9 10 11 12 13 13 16 17 18 19 19 23 27 29 30 30 35 36 37 38 38 40 41 41 42 44 44 45 45 46 0 114 156 163 171 194 197 205 228 258 273 288 325 339 343 398 436 463 533 561 583 599 640 657 667 673 676 714 719 731 732 789 791 801 827 888 897
62.763915547 36.7521367521 37 0 2 4 5 5 5 5 5 6 6 8 9 14 16 18 20 21 22 22 23 25 30 30 30 34 35 35 35 36 39 39 39 44 45 45 47 49 0 121 164 181 206 222 224 270 302 378 404 456 458 520 536 556 559 560 563 587 589 596 609 639 677 732 753 763 767 800 868 901 921 937 938 947 958
22.6487523992 33.5042735043 37 0 0 0 0 1 9 10 11 12 13 18 20 24 25 26 27 30 31 32 33 33 33 33 34 36 36 37 37 40 41 41 42 45 45 46 47 48 0 127 164 218 248 265 320 342 370 419 431 442 463 498 510 530 595 615 646 664 711 722 729 732 735 764 770 784 796 829 855 860 914 914 935 982 995
37.6199616123 65.4700854701 37 0 4 5 5 5 5 7 9 11 12 13 13 14 14 18 22 25 25 26 26 26 27 29 33 34 35 40 42 42 43 43 47 47 47 48 49 49 0 124 128 147 169 176 183 185 189 250 257 288 383 389 391 429 433 452 460 565 581 613 630 654 676 678 682 693 715 739 753 764 766 881 936 991 996
39.1554702495 18.9743589744 37 0 0 0 1 4 8 8 8 11 12 13 14 14 15 18 18 21 21 23 24 25 27 29 31 31 32 33 34 36 38 39 40 42 43 45 45 45 0 0 112 140 155 156 175 176 190 193 230 257 273 301 307 310 311 323 323 378 411 460 461 527 530 544 596 603 604 760 764 824 837 887 961 964 994
84.6449136276 58.8034188034 37 0 0 1 1 1 2 4 7 8 9 10 10 10 11 11 13 16 17 18 18 20 22 25 27 30 32 32 32 34 35 35 36 40 40 44 48 49 0 101 113 144 148 148 165 170 234 244 267 365 384 389 405 450 458 496 497 530 542 553 566 612 629 637 685 732 735 779 814 833 876 889 942 945 993
29.3666026871 56.2393162393 37 0 0 3 4 5 8 8 9 10 12 13 15 16 16 17 18 19 22 23 24 25 27 28 28 29 30 30 33 35 41 41 41 42 43 43 47 49 0 114 117 121 139 228 266 283 297 337 399 403 412 435 440 490 494 516 521 557 558 561 598 631 695 704 742 792 805 818 835 836 852 853 919 950 996
74.8560460653 24.9572649573 37 0 2 2 3 3 4 6 7 9 10 12 12 13 13 14 18 19 22 23 23 26 26 30 32 33 34 35 35 36 37 39 41 42 42 43 43 47 0 0 129 138 158 186 192 198 206 206 208 248 332 338 348 388 402 437 454 454 480 583 594 608 609 619 643 655 679 708 708 773 877 882 935 967 997
17.6583493282 26.8376068376 37 0 0 3 5 6 7 7 8 9 11 12 12 12 13 14 18 18 20 26 28 28 28 29 29 30 31 31 38 39 40 41 43 43 44 44 47 47 0 103 108 122 150 151 183 193 211 284 285 304 327 376 405 435 440 501 532 545 565 573 607 625 630 645 691 693 694 822 861 868 893 916 919 946 992
27.6391554702 11.2820512821 37 0 0 0 4 5 6 6 7 8 8 10 10 12 13 17 19 19 22 23 27 30 31 32 33 34 35 35 36 37 39 39 41 41 43 45 46 46 0 139 156 172 174 193 196 198 275 287 299 341 365 370 420 447 462 468 529 561 571 578 610 621 622 677 699 718 750 786 801 808 899 919 928 938 966
80.0383877159 57.6068376068 37 0 2 4 4 4 5 6 6 7 8 8 8 10 12 12 12 13 14 14 15 15 16 18 19 22 25 25 26 27 36 38 43 46 48 48 48 49 0 0 113 148 169 174 244 261 274 292 305 353 367 385 422 438 470 485 495 496 499 499 507 530 545 639 689 760 788 850 868 896 897 916 920 929 957
42.802303263 53.1623931624 37 0 0 0 1 1 3 3 4 5 7 9 14 14 18 22 23 24 25 26 26 27 28 30 31 31 31 32 34 35 36 38 38 39 42 43 43 49 0 140 170 204 211 241 254 260 261 273 283 334 347 373 384 424 514 519 535 554 572 575 576 577 704 712 717 730 737 743 754 862 888 910 911 978 988
2.68714011516 42.3931623932 37 0 0 2 3 5 5 6 6 7 9 9 12 13 15 20 20 21 22 22 23 25 27 27 27 31 33 33 38 41 43 43 44 46 47 48 48 48 0 0 118 153 162 190 200 205 290 291 342 357 377 399 473 474 480 500 538 591 596 610 632 635 693 699 705 716 728 745 793 812 814 814 856 915 964
34.3570057582 29.4017094017 37 0 0 0 4 7 9 9 10 11 12 13 13 14 17 18 19 19 19 21 23 23 26 29 29 30 32 34 35 35 35 35 36 40 42 42 45 46 0 172 209 217 218 229 236 245 252 284 293 294 329 353 413 424 431 434 442 472 492 518 576 742 749 782 797 812 857 884 901 920 927 927 932 945 969
39.9232245681 30.7692307692 37 0 1 3 8 8 10 10 10 11 12 13 13 16 17 19 20 21 22 22 25 25 27 27 27 28 30 34 39 40 41 43 44 44 46 47 49 49 0 114 120 145 156 197 227 256 289 307 344 418 426 466 481 492 539 545 571 616 618 643 653 669 673 702 718 738 783 801 806 869 888 937 955 996 999
62.5719769674 37.6068376068 37 0 0 0 1 4 4 8 9 12 14 15 16 16 17 17 18 19 19 20 21 23 27 27 28 29 29 34 35 36 40 42 42 43 46 46 49 49 0 120 189 199 285 336 341 371 418 429 430 442 473 483 508 591 608 609 632 688 698 713 735 744 751 754 777 791 819 831 848 855 866 928 936 963 971
62.763915547 68.0341880342 37 0 1 3 3 4 4 5 6 6 6 7 8 12 12 14 15 15 17 17 18 19 19 23 24 24 25 26 30 35 43 43 44 44 45 45 49 49 0 119 120 123 167 168 190 217 235 289 326 341 359 363 363 382 425 501 507 520 529 533 562 581 619 631 644 645 658 670 679 770 778 888 926 991 991
70.6333973129 34.5299145299 37 0 0 0 5 6 7 10 11 13 15 17 18 20 20 23 25 27 28 28 29 30 31 31 32 34 35 35 36 38 40 43 44 44 45 47 49 49 0 101 103 109 147 156 182 218 225 234 267 292 314 332 338 354 375 521 566 600 611 618 635 643 674 693 771 786 793 812 816 829 900 912 923 955 990
51.4395393474 57.094017094 37 0 1 1 3 3 7 7 9 10 11 13 14 14 15 16 18 18 19 19 21 21 23 24 24 25 27 31 33 34 34 35 37 40 42 43 46 48 0 129 130 130 168 192 192 193 196 238 268 281 354 418 427 462 464 506 526 528 590 608 613 670 700 732 734 749 769 770 795 826 827 922 929 946 983
77.5431861804 30.4273504274 37 0 0 2 2 6 7 8 11 11 12 14 15 16 18 20 22 23 24 24 25 25 26 27 28 32 35 36 40 41 42 43 45 45 47 47 48 49 0 0 189 199 220 220 226 299 349 366 367 374 415 449 484 532 537 548 553 556 577 639 643 663 666 669 671 684 694 694 698 728 740 808 835 878 921
30.7101727447 34.5299145299 37 0 0 1 4 5 8 10 10 11 11 11 12 13 13 15 17 18 18 19 19 20 22 24 26 27 29 31 34 35 35 37 41 42 47 47 48 48 0 101 113 136 152 309 316 344 379 388 410 420 431 462 502 514 555 558 574 623 631 655 658 662 669 674 741 770 776 809 819 830 860 896 969 979 995
56.4299424184 28.2051282051 37 0 0 0 1 2 3 6 8 10 11 12 13 14 15 16 17 26 26 28 28 32 32 34 35 37 37 39 43 43 44 44 44 44 45 45 48 48 0 137 168 197 228 241 252 262 279 286 288 324 327 351 382 468 510 518 630 632 634 646 651 655 656 708 719 722 800 822 824 853 883 946 955 963 987
57.773512476 15.0427350427 37 0 0 1 1 2 3 5 10 12 12 12 14 15 17 18 18 22 23 24 24 29 29 30 31 33 36 39 41 41 43 43 43 43 45 46 47 49 0 0 111 125 125 135 164 165 216 293 294 341 366 389 410 422 433 523 556 573 592 629 656 671 709 721 728 743 747 810 819 836 849 875 880 937 963
41.650671785 23.4188034188 37 0 0 9 9 10 11 13 14 15 16 16 18 18 18 20 21 21 22 23 23 24 27 28 29 30 31 35 35 36 37 38 38 39 46 47 48 48 0 155 190 220 229 230 238 251 280 284 294 354 363 383 398 403 548 577 586 593 602 622 659 662 747 763 767 789 794 805 822 825 834 890 927 964 980
51.6314779271 47.1794871795 37 0 0 1 5 8 9 11 11 12 13 14 17 17 19 19 21 22 23 23 25 25 26 28 32 33 33 35 35 37 37 38 40 40 42 45 47 49 0 0 134 155 171 212 239 241 296 300 312 323 384 385 416 447 455 471 494 529 616 622 633 639 660 710 808 817 837 850 853 890 942 969 976 978 979
13.6276391555 43.4188034188 37 0 1 2 3 4 5 5 5 7 9 9 16 16 16 17 18 19 22 22 23 27 32 33 33 35 35 35 36 36 38 38 38 39 41 41 46 46 0 107 160 214 225 244 263 269 285 304 323 347 366 368 378 385 437 455 464 475 509 573 602 636 645 665 685 750 786 930 951 952 952 968 968 976 991
53.358925144 32.4786324786 37 0 1 2 2 2 2 4 5 6 7 8 8 9 12 15 15 17 18 19 23 23 24 24 26 26 28 31 32 35 36 40 41 41 43 47 48 48 0 105 112 135 146 164 181 214 228 279 283 301 308 311 321 342 375 375 451 551 561 575 661 673 677 687 696 738 812 812 835 844 885 891 938 963 977
72.7447216891 25.641025641 37 0 0 0 1 2 5 9 9 11 14 18 19 20 21 22 23 24 27 28 32 32 33 34 35 36 37 37 38 38 38 40 40 42 42 47 47 48 0 109 129 136 178 206 333 370 378 448 509 582 582 594 601 625 626 629 666 668 678 680 702 708 779 793 808 853 864 872 880 888 906 923 936 968 977
42.4184261036 35.0427350427 37 0 2 6 6 7 10 13 13 18 18 18 18 20 22 22 23 24 26 26 28 29 31 33 35 35 36 36 37 37 38 41 43 45 47 47 48 49 0 100 117 142 157 167 169 189 221 227 244 258 285 320 334 337 354 411 418 430 437 543 622 623 624 665 696 712 724 739 754 796 826 863 910 964 979
52.0153550864 41.1965811966 37 0 0 2 3 3 4 6 8 9 9 10 11 14 15 17 17 18 19 21 27 28 30 30 31 32 35 38 39 39 40 41 43 44 46 47 47 48 0 0 162 206 220 228 267 285 288 326 366 372 396 400 403 444 478 485 491 524 530 546 601 630 679 682 692 696 700 716 806 845 866 927 954 966 970
78.1190019194 43.0769230769 37 0 2 4 5 8 8 9 10 11 11 12 12 12 13 16 16 17 19 20 20 23 29 29 30 31 32 32 34 34 36 36 40 44 45 45 45 48 0 106 114 119 199 224 250 253 253 281 329 347 448 462 464 478 515 605 609 647 648 665 701 743 749 801 803 804 807 889 894 921 923 974 980 986 996
38.5796545106 38.9743589744 37 0 4 4 9 11 12 14 14 14 14 17 20 22 22 25 25 25 26 27 27 28 29 29 30 30 30 31 34 34 34 36 37 38 41 43 47 49 0 0 105 114 143 222 224 251 265 337 387 413 458 487 513 527 537 544 556 640 644 651 657 681 706 760 772 808 823 840 864 892 931 947 972 995 999
34.7408829175 50.2564102564 37 0 0 1 2 2 5 7 8 8 10 11 11 11 13 13 14 14 17 17 19 21 23 24 24 25 26 30 34 34 35 37 41 43 45 46 47 49 0 100 104 133 152 160 172 270 298 337 340 352 352 430 466 487 510 528 547 616 619 627 639 644 682 711 728 728 740 764 766 791 828 876 894 897 927
36.4683301344 23.0769230769 37 0 2 2 4 4 5 8 11 13 15 17 18 19 20 23 26 26 27 32 33 34 34 35 37 38 40 42 44 44 45 45 46 47 48 49 49 49 0 121 125 140 180 219 236 262 273 292 309 360 383 386 388 409 441 460 474 559 562 571 608 718 736 765 770 791 827 836 838 855 876 879 933 965 975
67.1785028791 48.7179487179 37 0 1 1 2 3 3 4 5 7 7 8 11 12 14 14 17 18 20 23 25 25 26 30 33 33 34 34 35 35 36 39 41 41 42 45 48 49 0 128 136 227 240 256 259 293 304 311 342 352 358 363 381 384 413 424 431 436 557 579 601 610 658 673 684 697 746 788 811 851 858 902 916 921 945
66.0268714012 33.3333333333 37 0 2 7 8 8 8 10 10 13 14 17 17 20 26 26 27 27 29 30 31 31 33 34 34 34 35 39 42 43 45 45 45 46 47 48 48 49 0 116 128 149 181 231 244 261 325 354 376 407 444 448 458 467 487 497 512 536 544 551 556 609 660 681 726 746 833 836 841 847 848 873 930 932 956
73.320537428 22.5641025641 37 0 0 1 2 5 6 7 8 9 9 12 13 14 15 18 18 20 25 29 29 30 30 34 34 34 36 37 40 41 45 45 46 47 48 48 48 49 0 117 118 144 178 197 298 326 326 338 364 377 400 408 415 434 469 474 478 512 540 588 645 651 661 679 713 736 757 835 854 881 910 959 977 983 998
51.4395393474 23.2478632479 37 0 2 3 4 6 7 7 9 13 14 14 15 17 17 18 18 19 21 23 25 26 27 27 27 34 35 35 38 40 41 43 44 45 47 47 49 49 0 0 154 176 194 218 235 243 246 265 273 275 310 331 349 389 394 409 413 427 446 458 566 641 670 729 751 758 771 779 790 858 860 868 939 962 987
95.5854126679 41.3675213675 37 0 0 1 2 2 2 2 3 4 4 6 8 9 9 12 12 14 15 15 16 17 18 23 24 25 25 31 31 35 36 39 41 41 42 42 43 43 0 192 193 195 199 229 243 245 248 259 259 275 325 363 367 388 432 480 482 494 497 511 525 599 601 646 700 706 731 742 788 799 803 804 889 891 949
40.3071017274 41.5384615385 37 0 1 2 4 5 7 7 7 9 12 14 17 19 19 22 23 24 29 29 31 31 33 36 38 38 39 41 41 42 43 44 45 46 47 48 48 49 0 106 107 110 113 143 175 186 211 216 271 295 296 296 306 311 352 380 410 452 460 481 481 514 527 540 541 603 677 690 712 756 768 776 782 792 973
68.330134357 28.2051282051 37 0 0 1 3 8 8 9 10 13 13 13 14 15 17 22 24 27 28 30 32 34 34 35 36 37 39 39 39 40 41 43 43 46 48 49 49 49 0 114 220 282 302 349 353 355 365 404 463 466 483 513 534 555 582 609 633 659 670 682 715 718 746 781 800 808 817 824 834 871 904 907 948 982 995
54.7024952015 72.6495726496 37 0 1 1 5 6 7 8 9 9 9 10 13 13 15 18 18 23 26 28 28 29 30 30 31 31 33 36 37 39 41 43 44 46 47 49 49 49 0 118 145 187 198 204 226 226 237 243 262 282 287 301 314 323 334 336 345 370 400 417 463 469 482 492 516 554 606 637 716 726 764 768 782 819 977
42.226487524 37.264957265 37 0 0 0 1 1 2 3 3 3 4 9 12 13 14 17 21 21 23 23 24 24 26 28 30 30 31 33 33 35 36 37 39 40 42 42 48 49 0 111 118 119 153 196 272 295 308 354 367 393 407 431 458 528 602 622 638 650 657 666 691 704 755 777 780 835 839 851 873 881 933 938 939 946 955
31.094049904 37.264957265 37 0 0 0 2 4 5 5 8 10 10 10 10 11 12 19 20 20 23 23 26 26 30 30 30 32 32 32 33 34 34 37 39 39 42 46 48 49 0 206 282 310 316 376 378 429 430 442 446 449 473 490 495 508 544 545 545 586 594 603 618 618 692 722 723 746 789 793 796 805 815 835 871 932 999
62.763915547 28.2051282051 37 0 1 2 4 4 4 4 4 6 8 8 12 13 13 14 14 14 16 16 16 17 20 22 25 26 27 30 31 32 34 34 34 37 37 38 44 46 0 125 144 165 169 206 213 236 244 250 288 292 295 322 335 368 372 380 411 429 434 468 506 571 614 633 662 664 721 786 861 872 881 885 929 935 943
52.3992322457 39.3162393162 37 0 0 3 4 5 5 5 5 6 6 10 10 13 21 22 22 24 25 26 27 28 29 31 31 32 34 35 35 37 39 40 40 42 45 45 46 46 0 0 115 131 177 185 213 238 271 298 308 347 349 371 398 417 448 481 496 512 524 526 560 574 577 602 650 707 717 721 733 741 825 852 886 953 961
94.8176583493 15.0427350427 37 0 0 1 1 4 4 8 9 10 12 17 17 20 22 23 24 24 25 25 26 26 29 29 31 31 32 32 36 37 40 42 43 44 48 49 49 49 0 114 130 137 176 181 203 236 239 248 285 286 322 332 342 347 381 387 387 518 634 654 666 671 679 694 694 714 732 771 783 813 820 857 863 873 987
55.4702495202 31.6239316239 37 0 1 2 2 3 3 5 6 6 8 9 9 12 17 17 18 20 22 23 25 28 28 29 30 31 33 34 39 43 43 43 43 43 44 45 45 47 0 160 163 180 184 192 200 227 255 272 275 331 335 375 376 403 429 438 445 454 460 499 511 560 585 599 614 652 692 711 758 795 826 900 940 944 981
54.8944337812 67.3504273504 37 0 0 3 3 5 7 8 9 10 11 13 18 18 19 20 21 21 22 22 24 25 27 31 33 34 34 37 38 39 39 42 43 44 44 46 47 49 0 105 165 181 207 232 250 293 333 356 356 389 414 439 456 485 488 496 508 538 540 566 571 574 632 659 760 765 767 787 792 810 830 855 865 936 995
61.2284069098 35.0427350427 37 0 0 2 6 7 9 9 9 10 10 11 11 13 15 15 17 17 19 20 22 23 26 27 30 31 33 33 35 38 43 43 45 47 47 47 49 49 0 147 166 172 256 270 305 310 315 339 343 361 367 388 434 460 498 521 523 527 540 603 618 627 636 658 703 760 785 810 813 855 890 909 917 959 983
72.5527831094 38.9743589744 37 0 0 0 1 2 4 4 7 8 10 10 11 11 13 14 22 23 24 26 26 27 27 29 31 31 31 32 32 34 34 34 35 36 39 40 44 48 0 152 185 192 203 241 266 279 294 330 336 343 463 475 508 528 565 592 595 626 659 664 670 670 676 698 728 735 742 796 845 848 854 876 892 982 989
74.2802303263 36.4102564103 37 0 0 2 4 5 6 7 7 8 9 9 10 13 15 15 17 18 20 22 23 23 23 24 25 26 26 31 32 34 37 37 38 39 41 43 48 49 0 124 184 193 228 237 272 300 310 324 350 401 411 462 480 517 532 538 553 558 562 603 642 653 664 671 686 728 776 782 899 899 912 922 949 963 992
67.9462571977 53.6752136752 37 0 0 1 2 8 10 11 11 12 15 16 17 18 18 19 20 21 23 27 28 29 30 30 31 31 33 36 36 37 37 39 40 42 43 46 47 49 0 118 150 153 199 201 205 226 289 328 366 379 381 387 400 417 443 445 479 514 551 562 590 595 606 620 646 663 687 692 712 761 846 856 924 937 941
54.1266794626 42.0512820513 37 0 0 0 2 3 4 5 8 9 9 11 12 13 18 19 20 23 25 26 26 27 29 33 33 35 35 36 36 37 38 38 42 43 44 45 47 48 0 130 134 195 206 260 272 279 284 285 312 316 350 352 354 371 385 400 436 441 504 521 553 612 632 673 750 763 787 793 796 831 834 847 868 913 917
41.4587332054 75.2136752137 37 0 1 1 2 3 5 6 6 6 6 7 9 13 13 14 14 15 15 15 16 17 19 19 26 28 29 30 33 34 36 38 39 40 43 47 48 49 0 112 114 124 129 129 196 307 316 357 361 468 482 485 504 510 528 565 606 615 621 629 630 630 634 635 652 653 659 712 718 772 815 828 877 927 945
39.5393474088 37.094017094 37 0 1 3 6 6 6 7 8 9 12 13 13 16 16 20 21 22 23 23 24 24 25 25 26 27 28 29 29 30 32 33 35 36 42 43 45 47 0 0 102 103 132 144 148 193 245 315 352 391 398 408 427 482 515 539 540 547 605 624 629 674 687 687 687 699 699 765 785 831 839 883 944 948 969
66.2188099808 29.7435897436 37 0 0 1 5 11 13 13 14 14 14 16 17 19 19 22 24 26 28 29 29 29 30 30 32 33 35 36 36 37 40 41 42 42 43 44 46 48 0 106 118 190 194 207 214 254 267 292 293 317 329 337 339 380 398 405 409 414 443 470 509 553 584 586 669 671 674 684 685 687 751 754 900 973 978
50.6717850288 27.5213675214 37 0 6 7 7 8 8 8 9 10 12 13 16 17 17 19 20 22 22 26 27 28 29 31 33 33 35 36 37 38 38 40 40 41 43 43 44 49 0 106 157 184 226 247 262 274 297 329 344 392 460 467 486 524 527 541 547 584 591 608 615 622 660 663 671 777 813 824 881 883 903 915 955 993 996
59.1170825336 28.0341880342 37 0 1 1 2 2 3 6 8 9 9 10 11 13 16 16 19 23 26 33 34 34 35 35 36 36 36 37 38 38 40 42 43 43 44 46 48 49 0 102 113 131 146 216 230 258 282 286 364 365 394 404 427 434 459 498 519 537 565 572 573 575 704 706 758 770 772 783 788 832 836 866 926 984 994
69.8656429942 44.2735042735 37 0 2 2 4 5 6 7 8 13 14 14 19 19 20 22 22 22 25 26 26 30 32 33 33 33 34 34 36 37 37 40 45 46 47 48 48 48 0 109 157 175 209 255 276 282 291 352 444 446 477 491 500 501 517 624 650 675 675 692 701 729 751 790 798 803 826 842 857 909 917 931 947 952 971
49.1362763916 51.9658119658 37 0 0 0 1 3 3 3 4 4 5 8 9 9 13 15 16 20 22 22 24 24 25 26 29 29 30 32 33 39 39 40 41 42 45 45 48 48 0 0 108 124 206 213 225 247 291 293 374 379 405 420 433 441 529 533 546 555 559 607 655 673 681 695 706 709 719 740 797 854 863 887 927 933 986
59.6928982726 48.547008547 37 0 0 0 2 2 2 3 4 4 6 6 7 10 14 16 20 22 23 24 25 25 28 28 29 31 31 33 35 36 37 39 40 41 42 44 46 49 0 148 174 192 218 249 264 276 299 319 360 360 362 366 377 384 388 420 437 449 616 617 648 671 700 720 732 750 756 795 804 830 855 895 935 953 959
75.8157389635 37.264957265 37 0 4 4 6 6 10 12 12 15 15 16 18 19 19 24 26 28 29 29 29 29 30 31 31 33 34 35 35 37 37 38 43 44 47 48 48 48 0 0 108 153 154 176 196 214 243 267 310 339 397 424 432 439 442 490 496 505 568 591 595 600 607 630 648 676 693 713 730 820 834 847 865 895 967
46.2571976967 39.4871794872 37 0 0 2 4 6 7 7 7 7 7 8 9 10 10 11 16 17 18 19 19 21 23 23 25 27 30 33 33 34 36 38 38 38 40 40 40 45 0 134 142 164 200 213 227 239 258 306 319 359 398 427 461 483 512 535 593 605 631 672 715 716 721 743 744 762 764 771 780 810 866 905 939 991 992
34.9328214971 33.8461538462 37 0 1 4 6 7 8 9 10 11 12 14 17 19 20 21 21 22 22 22 22 23 23 23 26 28 29 30 33 36 37 37 38 42 42 45 45 48 0 113 114 141 154 158 197 259 280 292 299 346 405 408 436 442 452 474 523 565 653 658 682 690 697 744 806 850 869 909 918 925 956 959 961 995 995
62.763915547 44.1025641026 37 0 0 0 1 2 2 6 13 14 17 20 22 23 24 24 26 27 27 29 29 31 31 34 35 39 40 42 42 42 43 44 44 46 46 48 48 49 0 0 146 151 154 179 222 284 355 374 392 425 456 467 546 552 596 606 613 642 706 725 746 747 771 781 784 806 817 866 867 879 903 921 924 963 976
84.6449136276 52.4786324786 37 0 0 1 2 3 3 6 9 9 10 10 12 17 21 21 22 25 27 27 27 29 30 31 33 37 38 40 40 41 43 45 46 46 47 49 49 49 0 0 126 129 196 222 272 279 293 320 376 379 416 439 449 461 462 479 483 496 544 547 581 642 696 703 738 749 749 775 783 785 789 825 871 898 934
86.9481765835 39.4871794872 37 0 2 3 3 4 5 7 9 11 13 15 17 17 20 20 20 20 27 27 27 31 32 33 35 35 35 35 40 40 40 43 43 44 45 46 47 48 0 116 209 232 234 251 277 281 325 341 359 407 432 437 454 471 474 557 562 583 670 679 686 709 712 760 775 806 843 844 846 856 939 956 962 962 997
72.9366602687 40.1709401709 37 0 0 6 6 6 6 9 10 11 11 13 14 16 17 17 18 18 18 19 20 21 21 23 30 31 31 31 33 33 36 36 36 37 38 40 43 46 0 0 104 107 114 145 165 171 177 178 206 219 221 235 250 302 391 417 445 466 503 522 530 560 584 626 766 766 809 837 856 919 923 923 937 968 993
43.5700575816 43.0769230769 37 0 1 1 2 4 4 5 6 7 9 10 10 12 13 14 18 19 19 21 22 22 24 25 25 28 29 33 33 35 36 38 41 41 41 44 46 49 0 0 112 116 128 148 195 265 298 334 432 441 444 463 474 479 503 518 527 572 609 639 682 715 733 743 761 764 770 799 864 895 914 918 920 939 982
65.2591170825 100.0 37 0 0 0 2 3 4 5 12 13 14 18 18 21 22 22 26 28 28 30 31 31 32 33 34 35 37 37 37 38 39 39 39 40 42 43 46 48 0 109 174 176 221 253 309 315 361 407 447 477 504 504 507 581 608 629 630 655 657 683 703 705 750 755 771 778 838 849 855 857 871 917 927 967 986
60.0767754319 5.47008547009 37 0 2 2 2 3 3 3 6 9 10 14 15 18 22 23 23 25 25 26 26 27 28 29 31 33 34 35 36 36 37 41 42 43 46 46 48 49 0 0 172 199 200 213 255 316 340 354 391 401 521 552 565 590 601 649 666 699 704 713 717 740 778 782 801 816 881 918 919 925 956 958 971 973 991
55.4702495202 16.9230769231 37 0 0 0 3 9 13 16 16 18 18 19 19 20 21 22 23 23 23 25 26 28 29 29 31 31 34 35 35 36 36 37 39 40 41 42 43 47 0 0 204 216 233 270 286 331 348 365 407 413 432 474 492 498 502 503 513 559 578 582 668 710 723 734 742 742 814 823 865 871 872 920 931 939 992
69.0978886756 40.6837606838 37 0 0 1 1 2 4 5 6 6 6 7 9 10 12 14 15 15 15 16 17 17 18 25 27 33 33 35 36 38 39 42 42 43 44 46 47 49 0 123 159 162 184 230 238 282 315 345 380 388 423 427 443 466 498 535 583 622 664 667 686 710 753 769 782 804 810 821 828 837 855 926 966 983 998
226
25.5717255717 19.3825042882 3
48.4407484407 48.7135506003 1
53.8461538462 41.166380789 2
40.3326403326 38.936535163 5
52.3908523909 53.0017152659 7
3.5343035343 59.8627787307 6
71.1018711019 38.936535163 1
23.9085239085 31.0463121784 3
37.2141372141 77.0154373928 8
50.7276507277 60.0343053173 3
37.6299376299 48.3704974271 8
60.9147609148 63.1217838765 9
70.2702702703 38.2504288165 3
45.738045738 44.2538593482 5
58.0041580042 55.4030874786 1
66.735966736 71.8696397942 4
84.4074844075 54.7169811321 4
64.8648648649 49.7427101201 7
82.5363825364 27.4442538593 6
67.9833679834 48.1989708405 1
41.7879417879 34.1337907376 9
12.0582120582 35.1629502573 1
30.9771309771 74.9571183533 4
61.9542619543 80.6174957118 9
34.9272349272 35.6775300172 4
54.0540540541 38.4219554031 2
58.6278586279 3.2590051458 8
85.6548856549 53.1732418525 7
47.6091476091 39.7941680961 6
88.1496881497 61.2349914237 7
33.0561330561 24.6998284734 5
80.2494802495 25.7289879931 5
76.7151767152 14.2367066895 5
62.7858627859 55.5746140652 1
99.3762993763 41.166380789 4
89.604989605 39.9656946827 6
69.2307692308 46.8267581475 1
91.683991684 46.9982847341 5
28.8981288981 39.4511149228 2
76.9230769231 63.9794168096 8
38.4615384615 60.7204116638 5
10.1871101871 42.3670668954 8
81.7047817048 60.7204116638 9
55.0935550936 43.7392795883 7
65.2806652807 93.653516295 9
73.8045738046 41.6809605489 9
42.2037422037 90.9090909091 3
66.3201663202 37.3927958834 5
55.0935550936 37.0497427101 3
70.6860706861 55.2315608919 1
73.5966735967 55.5746140652 9
18.0873180873 50.2572898799 8
37.0062370062 79.5883361921 9
53.8461538462 50.7718696398 9
71.3097713098 86.7924528302 1
55.5093555094 70.6689536878 2
54.4698544699 65.5231560892 8
60.7068607069 41.166380789 3
9.97920997921 34.9914236707 7
17.0478170478 48.1989708405 5
58.8357588358 54.0308747856 6
68.814968815 75.12864494 1
92.5155925156 23.4991423671 6
62.9937629938 80.4459691252 7
34.5114345114 67.2384219554 2
40.9563409563 36.0205831904 5
17.6715176715 38.5934819897 8
65.4885654886 54.3739279588 2
8.73180873181 62.0926243568 7
41.3721413721 13.0360205832 6
40.5405405405 56.2607204117 1
33.264033264 57.8044596913 9
41.3721413721 50.6003430532 4
85.0311850312 62.9502572899 4
32.0166320166 53.5162950257 1
48.6486486486 56.9468267581 9
37.6299376299 45.1114922813 9
61.3305613306 48.3704974271 8
39.2931392931 49.7427101201 5
26.8191268191 33.4476843911 1
57.1725571726 76.6723842196 3
97.920997921 20.0686106346 9
50.9355509356 76.8439108062 7
53.4303534304 67.2384219554 6
19.7505197505 45.4545454545 2
74.0124740125 84.2195540309 1
73.3887733888 71.6981132075 2
75.6756756757 44.2538593482 5
35.9667359667 48.1989708405 3
79.20997921 44.9399656947 9
40.3326403326 53.0017152659 5
60.7068607069 51.114922813 7
26.4033264033 49.2281303602 6
100.0 75.3001715266 3
71.7255717256 0.0 7
39.501039501 17.8387650086 7
66.3201663202 55.2315608919 6
66.1122661123 73.0703259005 3
60.2910602911 60.7204116638 7
25.1559251559 75.9862778731 2
48.6486486486 48.5420240137 9
33.6798336798 34.1337907376 2
47.4012474012 49.0566037736 6
46.1538461538 60.0343053173 5
48.0249480249 39.2795883362 8
70.893970894 63.6363636364 6
22.0374220374 24.6998284734 9
93.1392931393 72.2126929674 4
41.58004158 55.9176672384 9
30.3534303534 59.3481989708 9
29.3139293139 32.590051458 4
63.2016632017 59.0051457976 2
33.264033264 40.6518010292 5
56.340956341 81.4751286449 8
63.2016632017 43.910806175 3
40.7484407484 67.409948542 4
46.5696465696 56.089193825 5
64.0332640333 39.7941680961 5
60.7068607069 49.0566037736 9
33.0561330561 63.2933104631 7
65.2806652807 63.1217838765 4
43.0353430353 30.1886792453 4
29.5218295218 66.3807890223 6
54.4698544699 37.56432247 6
33.4719334719 49.5711835334 8
45.9459459459 36.3636363636 8
28.6902286902 21.9554030875 7
50.5197505198 39.7941680961 8
60.498960499 64.4939965695 1
69.0228690229 25.3859348199 3
41.9958419958 39.4511149228 3
25.3638253638 45.6260720412 8
40.1247401247 63.4648370497 1
66.9438669439 63.4648370497 6
48.6486486486 40.6518010292 6
59.4594594595 19.2109777015 9
51.3513513514 45.1114922813 6
54.8856548857 37.9073756432 2
59.2515592516 55.0600343053 3
38.0457380457 45.1114922813 1
66.5280665281 42.7101200686 7
48.6486486486 64.3224699828 1
37.8378378378 44.4253859348 4
84.1995841996 48.0274442539 5
73.8045738046 100.0 5
50.5197505198 44.5969125214 5
16.0083160083 39.1080617496 6
64.4490644491 42.7101200686 7
59.4594594595 82.1612349914 1
63.6174636175 66.3807890223 4
18.9189189189 41.166380789 3
33.4719334719 56.089193825 1
78.3783783784 16.4665523156 7
54.6777546778 19.5540308748 4
75.4677754678 61.7495711835 7
45.9459459459 42.7101200686 5
69.2307692308 39.7941680961 8
40.1247401247 39.2795883362 9
73.1808731809 59.5197255575 8
56.5488565489 76.1578044597 8
54.261954262 44.2538593482 8
54.6777546778 38.7650085763 9
38.0457380457 42.7101200686 8
59.8752598753 69.6397941681 1
49.4802494802 51.8010291595 3
69.6465696466 56.4322469983 7
39.7089397089 39.4511149228 4
63.8253638254 55.9176672384 7
42.6195426195 20.7547169811 3
61.9542619543 60.7204116638 6
84.1995841996 57.1183533448 1
59.0436590437 68.9536878216 1
22.6611226611 21.269296741 9
38.8773388773 11.1492281304 9
73.1808731809 15.2658662093 4
19.3347193347 68.2675814751 2
39.0852390852 72.2126929674 9
62.1621621622 57.461406518 2
64.656964657 53.5162950257 7
54.4698544699 57.1183533448 1
55.5093555094 42.0240137221 4
15.8004158004 39.1080617496 6
42.6195426195 63.2933104631 5
19.7505197505 54.8885077187 5
65.2806652807 44.7684391081 2
12.0582120582 49.0566037736 7
55.7172557173 59.5197255575 8
29.106029106 62.2641509434 3
91.4760914761 36.8782161235 4
43.8669438669 60.3773584906 4
50.7276507277 80.4459691252 1
60.2910602911 27.4442538593 8
13.9293139293 22.641509434 3
16.0083160083 50.2572898799 5
36.7983367983 21.6123499142 4
23.2848232848 74.9571183533 3
65.9043659044 19.2109777015 3
76.7151767152 31.0463121784 2
58.8357588358 54.5454545455 4
68.1912681913 50.4288164666 6
42.2037422037 65.5231560892 2
42.8274428274 49.2281303602 2
39.9168399168 56.7753001715 2
63.8253638254 56.4322469983 1
48.6486486486 65.0085763293 6
49.4802494802 40.1372212693 9
84.6153846154 44.7684391081 1
44.9064449064 43.2246998285 3
40.7484407484 26.4150943396 6
44.0748440748 33.6192109777 9
23.9085239085 34.6483704974 2
50.7276507277 73.2418524871 4
72.5571725572 36.8782161235 7
0.0 72.384219554 1
52.5987525988 56.089193825 4
33.264033264 38.4219554031 2
14.553014553 66.2092624357 6
67.9833679834 84.9056603774 6
42.4116424116 28.9879931389 8
42.4116424116 29.3310463122 2
35.343035343 59.0051457976 3
57.1725571726 46.6552315609 2
64.656964657 28.6449399657 5
65.9043659044 46.6552315609 6
51.7671517672 80.7890222985 6
96.0498960499 40.9948542024 5
