115
39.1025641026 37.2781065089 32 0 3 3 4 6 6 8 10 11 12 17 17 22 22 23 23 27 31 31 32 32 38 41 42 43 43 43 44 44 45 47 49 0 101 125 184 187 191 197 230 264 305 308 321 371 398 439 556 558 595 603 623 641 672 694 706 770 790 812 903 917 934 936 990
39.7435897436 42.9980276134 32 0 1 3 5 7 10 10 14 15 19 20 21 21 21 26 26 29 31 33 35 35 36 37 38 38 39 42 43 43 46 49 49 0 0 101 120 159 244 316 360 373 419 429 433 446 463 464 494 536 566 666 672 735 760 792 850 869 890 899 914 919 922 932 937
57.905982906 42.0118343195 32 0 0 1 2 2 3 4 5 11 12 13 13 14 19 19 20 22 25 27 28 29 29 30 35 35 36 38 40 40 41 47 48 0 133 133 141 166 184 244 368 389 414 453 455 466 478 490 496 500 503 517 562 579 609 626 627 720 799 853 863 876 878 933 983
14.9572649573 54.83234714 32 0 4 5 7 7 9 10 11 18 20 20 20 20 20 20 21 21 23 23 26 26 26 26 27 30 30 34 38 39 44 45 46 0 0 124 124 134 167 193 280 351 355 445 466 490 493 532 539 556 599 627 642 657 677 698 705 728 777 809 820 829 840 865 967
61.9658119658 45.16765286 32 0 1 4 8 8 9 15 17 18 21 24 27 29 31 31 32 32 32 34 34 35 35 35 36 40 42 42 44 45 46 47 48 0 0 139 169 189 207 233 326 394 418 422 427 456 471 504 531 563 575 584 630 635 651 663 667 672 748 778 783 817 822 903 931
73.0769230769 36.6863905325 32 0 2 4 4 6 6 7 11 11 12 14 15 15 15 15 17 22 22 23 23 25 26 28 29 30 33 36 36 39 42 49 49 0 0 134 153 189 200 212 248 303 311 317 340 444 448 496 509 528 531 538 542 594 645 680 691 735 744 751 785 832 882 919 948
45.9401709402 74.1617357002 32 0 1 1 1 3 7 8 8 10 11 13 13 13 14 14 15 16 16 20 21 25 26 28 28 28 29 31 31 33 41 48 48 0 0 149 151 152 170 184 255 308 325 344 384 388 418 496 525 579 591 669 686 699 721 723 820 859 861 865 870 904 906 918 942
45.0854700855 25.4437869822 32 0 0 1 4 6 8 9 15 16 16 17 18 20 21 21 22 23 26 27 27 27 28 30 30 36 40 41 42 45 45 46 47 0 126 186 205 233 281 286 340 360 399 435 436 439 499 543 546 576 687 700 713 745 765 779 781 793 797 804 823 865 953 971 982
42.735042735 34.3195266272 32 0 0 0 3 3 4 9 9 11 12 14 16 18 19 22 24 26 29 31 32 32 33 33 40 41 41 45 45 45 48 48 49 0 135 143 148 157 192 211 248 264 265 283 323 338 361 394 414 422 530 536 545 548 551 614 643 648 721 723 740 747 785 786 889
33.1196581197 71.9921104536 32 0 2 3 6 8 9 13 13 16 16 17 18 20 21 21 22 24 26 26 29 29 33 33 33 35 35 36 38 39 43 43 44 0 0 107 110 135 140 142 241 252 256 282 291 332 391 402 448 451 470 477 499 550 565 573 589 606 676 687 753 776 838 922 978
30.3418803419 54.6351084813 32 0 1 4 4 4 5 6 10 10 12 12 15 18 18 19 20 20 22 25 25 27 36 39 40 43 43 44 44 44 48 48 49 0 0 149 186 203 299 361 365 400 419 431 470 521 589 616 619 620 630 665 698 704 707 779 785 793 795 825 826 881 905 911 915
60.6837606838 74.1617357002 32 0 0 1 2 4 7 8 10 15 15 17 17 24 24 26 27 29 31 31 31 32 36 36 39 40 43 44 44 45 45 45 48 0 104 144 184 196 253 321 367 376 389 413 421 469 478 530 531 536 541 626 662 715 715 751 831 887 907 915 933 935 947 950 972
60.0427350427 42.4063116371 32 0 2 2 3 7 9 12 12 14 15 15 20 22 23 24 25 25 27 31 34 35 36 36 36 38 42 42 43 44 45 46 48 0 102 102 167 172 287 338 419 445 517 526 569 587 591 624 630 708 735 776 782 785 790 811 811 820 830 862 912 950 965 989 990
46.3675213675 94.0828402367 32 0 4 4 7 7 7 7 8 8 12 14 15 16 17 17 19 30 30 37 38 38 38 39 42 43 43 43 43 44 46 46 48 0 105 190 195 230 250 267 298 302 310 322 421 452 461 462 505 540 567 569 610 628 645 648 688 708 729 788 810 896 951 987 999
56.1965811966 76.3313609467 32 0 0 4 4 5 6 8 10 11 14 15 18 19 20 21 27 28 30 30 31 34 35 35 36 36 37 39 41 41 46 48 48 0 159 164 192 233 267 276 301 303 308 314 330 353 395 407 419 427 434 457 485 496 577 582 652 664 710 795 797 830 933 961 996
56.1965811966 52.4654832347 32 0 0 4 7 7 8 8 8 11 11 14 14 16 19 20 20 21 23 24 24 32 32 34 34 35 36 36 37 40 42 42 44 0 108 108 117 132 142 149 323 346 388 405 423 424 463 482 487 528 544 544 641 679 682 694 772 777 804 810 832 857 865 888 921
49.358974359 21.6962524655 32 0 0 0 1 4 5 5 10 12 14 14 15 15 18 19 23 23 26 26 26 28 29 31 36 38 38 39 39 44 45 47 48 0 152 198 233 254 288 321 325 377 394 414 483 492 525 545 564 569 582 636 639 642 683 741 750 782 818 843 875 887 919 927 935
2.99145299145 49.5069033531 32 0 0 2 6 8 8 9 11 12 15 15 15 16 16 18 19 22 24 26 27 27 27 29 31 33 36 38 39 39 39 40 41 0 131 138 139 276 330 374 388 433 485 535 609 649 657 664 665 671 672 688 690 702 732 790 811 814 918 923 939 970 971 988 990
42.735042735 54.2406311637 32 0 3 5 6 9 13 14 17 22 22 22 24 25 26 26 28 29 29 33 33 35 36 37 39 40 42 42 44 45 47 47 48 0 111 113 115 116 162 168 248 294 297 316 362 383 385 407 425 449 490 500 500 571 608 680 712 722 728 763 776 807 871 895 961
39.5299145299 74.7534516765 32 0 0 1 2 2 3 3 3 3 5 5 7 7 12 13 20 24 26 28 29 30 34 35 37 37 38 40 40 41 45 45 49 0 150 177 195 196 207 215 224 266 310 348 367 389 409 413 457 504 523 523 580 625 636 650 722 730 800 803 824 846 875 945 973
62.3931623932 10.0591715976 32 0 1 4 5 8 8 8 11 12 17 17 18 18 19 19 21 22 23 26 28 31 32 33 34 34 36 38 40 43 45 45 48 0 106 137 167 252 324 327 362 381 392 455 485 514 528 570 597 604 606 635 709 714 752 754 764 833 872 909 921 925 930 931 932
0.0 67.6528599606 32 0 1 2 2 6 9 11 12 13 13 17 17 19 20 21 22 22 24 27 30 32 33 34 35 35 38 38 38 39 43 45 47 0 163 178 196 200 202 226 257 300 307 342 374 440 445 566 578 582 588 610 672 753 758 758 799 842 847 858 883 886 895 898 970
52.5641025641 47.9289940828 32 0 1 3 3 4 5 6 9 10 13 15 16 18 20 20 21 21 22 23 24 25 29 30 31 37 38 39 39 40 45 46 49 0 210 257 284 286 321 324 396 419 441 472 491 499 525 539 581 588 623 648 657 663 722 769 813 835 857 865 916 936 958 964 996
25.8547008547 0.0 32 0 0 0 2 3 3 5 5 6 11 12 15 20 20 25 25 26 27 31 32 34 35 37 39 39 41 42 44 45 46 47 48 0 114 184 212 223 267 308 332 346 352 365 403 425 441 558 572 604 607 624 634 675 735 739 782 807 861 930 947 949 959 984 990
43.5897435897 36.6863905325 32 0 0 1 3 3 6 8 9 11 12 13 14 15 19 20 22 23 25 26 26 33 38 38 39 39 39 41 42 43 45 49 49 0 134 140 160 249 254 277 309 345 360 370 370 413 415 457 464 481 503 531 556 612 660 682 728 748 773 789 814 889 927 958 982
34.8290598291 54.4378698225 32 0 1 1 3 3 3 4 6 6 7 7 9 9 10 10 12 14 17 17 21 24 25 27 28 28 29 36 38 38 42 43 45 0 116 146 161 205 217 257 264 281 284 288 294 294 301 307 311 315 368 368 497 619 636 641 650 663 720 741 766 832 904 943 948
36.7521367521 100.0 32 0 0 1 2 2 3 4 4 7 8 11 17 19 20 20 20 21 22 23 25 25 29 31 33 34 35 38 38 40 41 44 45 0 127 165 194 199 216 266 271 277 320 377 382 404 438 496 498 562 562 565 626 661 667 702 709 744 755 777 786 821 896 947 974
67.9487179487 74.358974359 32 0 2 4 4 6 6 9 11 13 19 21 22 23 24 25 27 28 28 32 32 34 34 36 37 37 39 40 40 42 43 44 48 0 170 202 237 282 316 336 349 360 375 485 497 558 568 583 678 723 744 750 770 775 781 801 884 886 889 892 917 938 941 947 957
24.7863247863 45.7593688363 32 0 0 2 5 7 9 11 12 18 19 19 20 21 22 24 24 28 29 29 30 31 35 35 37 37 38 39 39 43 43 47 48 0 0 115 132 136 168 175 211 221 234 239 249 301 337 396 406 507 532 538 567 627 658 666 669 723 824 836 877 899 924 935 976
16.8803418803 47.7317554241 32 0 0 7 9 10 10 14 16 16 17 18 18 18 19 20 23 23 29 32 33 34 39 39 42 43 43 43 45 45 46 48 48 0 119 127 202 212 247 307 350 363 392 412 432 443 448 454 504 508 686 700 702 722 734 752 814 827 834 853 907 910 939 957 995
62.1794871795 32.1499013807 32 0 1 3 3 4 7 15 16 21 23 27 27 29 31 31 33 33 36 36 39 40 41 41 42 43 44 45 46 46 47 48 49 0 124 126 173 262 281 289 322 325 332 335 365 368 430 469 502 553 637 639 664 698 718 730 748 749 772 833 852 880 925 952 961
19.0170940171 36.4891518738 32 0 0 2 3 4 8 8 10 12 15 15 16 19 19 20 22 23 25 27 27 28 29 31 31 34 36 37 37 44 46 49 49 0 120 175 207 265 272 306 306 311 330 354 367 398 446 447 488 495 498 513 617 636 778 801 818 832 841 843 863 874 944 949 971
61.1111111111 54.0433925049 32 0 2 5 5 8 9 12 15 17 18 19 19 21 23 25 26 27 30 30 32 33 34 35 35 35 38 38 42 43 45 45 48 0 130 225 245 250 277 282 306 374 420 422 518 520 524 528 543 585 586 607 616 639 699 739 753 756 762 773 824 945 952 974 980
26.9230769231 34.1222879684 32 0 2 5 7 10 11 14 14 14 15 15 15 16 16 19 20 20 23 23 27 28 28 35 35 37 40 40 41 44 44 47 47 0 156 223 224 230 240 291 303 335 342 349 378 398 403 492 616 663 679 716 721 740 778 820 833 868 876 886 908 909 912 914 944
35.6837606838 52.4654832347 32 0 1 3 3 5 7 12 13 14 17 17 17 17 17 18 19 20 20 24 31 31 35 39 40 41 43 43 45 46 48 48 49 0 155 157 185 226 268 378 384 389 396 425 450 457 458 474 485 494 495 504 527 537 573 598 631 672 699 791 838 874 911 976 976
13.0341880342 39.2504930966 32 0 1 2 6 7 10 11 12 16 17 18 19 20 20 20 21 21 23 26 30 31 32 33 35 35 36 36 42 44 45 49 49 0 0 107 133 160 189 233 248 300 342 364 384 390 406 458 469 472 494 497 536 575 585 643 647 672 679 750 807 837 898 923 968
53.2051282051 57.0019723866 32 0 2 5 5 7 8 10 12 14 16 16 17 18 18 19 20 23 25 28 30 30 31 33 34 37 39 42 42 43 44 46 49 0 154 163 167 179 181 231 238 249 254 262 285 309 366 424 476 563 594 627 662 678 704 737 785 793 802 804 856 886 923 956 981
43.8034188034 72.3865877712 32 0 1 2 3 7 8 8 11 14 16 17 17 22 22 24 25 31 31 33 33 35 37 37 39 40 42 43 47 48 48 48 48 0 163 163 185 191 233 242 247 253 309 366 435 476 491 492 513 549 650 705 715 716 738 747 755 813 819 832 897 904 904 953 971
20.2991452991 58.7771203156 32 0 0 2 4 5 6 8 9 9 11 11 14 17 19 20 21 21 22 22 25 26 29 32 34 35 37 37 40 44 45 47 48 0 124 128 133 137 143 143 148 153 175 240 302 320 453 494 538 566 575 619 626 651 655 655 743 760 789 854 870 877 919 957 967
33.7606837607 32.9388560158 32 0 8 8 8 10 10 11 12 12 12 14 16 17 19 19 20 20 29 29 32 33 34 36 36 37 41 43 44 44 46 48 49 0 101 106 116 116 180 202 218 223 294 344 363 391 407 424 439 443 450 487 519 552 565 591 618 697 701 800 817 818 822 844 861
55.9829059829 63.3136094675 32 0 1 1 2 3 4 7 12 13 14 16 20 20 22 23 24 26 26 28 30 32 33 35 35 40 40 40 40 42 46 47 48 0 108 122 123 135 145 174 188 204 291 333 395 436 442 450 488 508 509 510 542 617 642 666 678 711 772 803 810 824 870 993 999
58.1196581197 32.1499013807 32 0 0 1 6 6 11 11 11 11 13 14 14 15 16 17 17 18 20 21 28 32 32 32 35 37 39 42 45 45 46 46 47 0 0 142 158 159 178 182 223 223 297 302 324 341 401 428 434 453 458 597 607 628 652 678 695 704 731 752 799 902 906 956 976
38.4615384615 20.5128205128 32 0 0 1 2 3 3 7 7 9 10 13 14 14 16 16 19 23 25 26 27 31 33 33 34 39 39 41 42 43 43 44 44 0 100 115 130 155 158 214 218 240 254 263 300 318 324 363 365 371 579 587 636 639 773 775 838 850 850 851 854 896 936 970 975
63.8888888889 46.3510848126 32 0 0 0 0 0 2 3 4 5 6 6 9 12 12 12 13 15 15 18 20 22 23 25 32 38 39 41 41 43 44 46 49 0 159 170 198 226 234 247 275 293 300 332 362 408 450 462 473 503 507 511 525 563 591 634 672 725 765 815 860 865 928 956 994
29.4871794872 40.2366863905 32 0 0 5 6 7 7 8 8 9 11 14 14 15 22 24 25 26 30 32 32 33 34 34 34 36 36 37 38 42 44 46 48 0 101 102 116 160 175 179 189 228 292 332 332 448 471 486 509 517 529 543 592 605 656 706 712 724 736 808 819 848 873 936 945
41.0256410256 50.0986193294 32 0 1 5 5 5 7 7 15 15 16 16 17 17 20 20 21 28 29 30 30 30 33 35 36 38 41 42 43 45 46 46 49 0 170 177 204 212 228 242 253 271 346 375 400 403 440 472 485 543 578 579 623 626 687 727 765 768 815 832 865 890 931 971 992
60.6837606838 67.6528599606 32 0 2 4 5 7 10 10 15 20 22 22 23 23 24 25 28 29 30 31 32 33 38 40 40 41 42 44 45 46 47 49 49 0 134 141 165 184 204 212 222 264 290 346 377 402 403 430 442 448 474 530 546 549 617 621 678 684 713 725 780 866 868 920 941
41.8803418803 71.0059171598 32 0 0 2 2 2 6 6 9 11 13 14 15 15 16 17 18 20 31 32 32 33 34 34 35 35 35 36 39 41 42 45 48 0 100 113 127 128 192 259 280 309 339 393 404 427 439 453 461 468 476 571 605 661 683 753 782 794 835 839 850 867 910 927 994
58.1196581197 45.3648915187 32 0 0 4 5 6 8 9 10 11 14 16 16 17 18 20 21 25 27 27 32 35 36 38 38 40 40 41 42 43 46 47 49 0 110 125 173 221 229 235 254 262 265 343 354 483 495 517 562 565 596 602 618 676 687 706 718 770 770 777 854 873 951 969 976
51.0683760684 42.2090729783 32 0 2 2 2 5 6 7 7 10 10 11 11 16 20 23 23 24 27 30 31 31 32 32 37 38 38 40 43 44 46 49 49 0 0 105 109 153 171 208 258 295 388 408 416 455 473 477 522 603 611 612 638 723 735 759 788 808 811 909 914 919 959 968 992
46.3675213675 82.6429980276 32 0 0 1 1 2 3 3 4 6 9 10 11 12 13 14 14 15 15 15 18 20 21 25 30 30 31 36 37 37 45 46 47 0 133 135 148 195 223 270 281 347 425 446 449 454 494 502 510 594 625 636 646 716 728 809 816 834 858 889 890 900 940 987 991
16.0256410256 42.9980276134 32 0 0 3 9 11 11 12 15 17 17 18 18 18 19 21 22 22 22 23 27 27 30 37 37 38 39 40 43 44 46 47 49 0 111 143 218 221 222 244 266 329 354 357 357 389 435 483 571 583 585 589 601 629 668 689 707 726 735 752 762 813 854 884 891
5.98290598291 22.4852071006 32 0 0 3 5 7 8 9 17 19 21 21 22 23 24 25 29 29 30 31 36 36 37 39 40 40 43 43 44 45 46 47 48 0 100 118 202 272 283 376 388 433 472 489 490 524 539 556 589 627 669 704 705 714 720 744 810 815 825 836 856 922 949 965 966
40.5982905983 46.3510848126 32 0 0 3 5 7 7 7 8 12 16 16 17 19 20 22 22 24 24 24 25 29 29 31 31 33 42 43 46 47 48 49 49 0 103 134 150 203 259 276 280 342 392 396 464 483 528 538 565 575 592 625 637 670 704 717 751 783 800 832 851 870 916 958 999
68.5897435897 35.7001972387 32 0 0 2 2 3 7 8 9 10 11 12 12 17 18 19 20 21 24 26 27 28 30 32 35 39 40 43 44 45 46 47 47 0 115 141 188 193 229 241 259 298 362 365 408 416 445 580 598 614 628 662 666 674 685 687 715 719 767 783 856 907 922 947 997
54.4871794872 67.4556213018 32 0 1 4 6 6 6 8 9 11 12 13 13 14 14 16 17 18 19 20 21 23 25 25 25 32 34 37 40 40 47 48 48 0 203 215 225 226 237 342 360 419 420 452 469 472 493 506 520 544 570 579 594 623 625 685 768 788 793 821 832 896 896 965 970
19.6581196581 45.16765286 32 0 0 0 2 3 4 4 12 14 16 16 17 20 21 25 26 27 27 30 32 32 33 34 34 36 39 40 45 47 47 48 48 0 0 108 130 143 143 151 211 232 277 321 344 351 395 409 425 434 452 465 634 646 699 713 726 785 882 893 918 922 937 955 980
43.1623931624 16.5680473373 32 0 6 6 7 9 10 10 12 14 14 16 17 18 22 27 28 29 33 37 37 38 38 40 40 40 42 43 45 46 48 49 49 0 143 190 198 211 215 286 362 375 405 526 551 569 572 586 645 687 691 699 708 740 796 814 833 835 836 854 944 951 967 970 992
21.1538461538 44.3786982249 32 0 1 1 1 4 4 5 9 10 14 16 16 17 17 19 20 22 27 27 28 34 36 37 38 39 39 41 42 43 43 44 48 0 0 163 182 196 288 313 348 362 373 412 431 438 487 521 537 612 638 642 642 671 702 753 779 797 803 828 831 904 905 946 997
21.3675213675 50.2958579882 32 0 0 2 2 3 9 12 12 12 13 15 17 17 19 20 22 25 28 29 29 29 30 37 39 41 42 43 43 46 47 48 49 0 0 110 188 231 303 325 388 416 422 481 500 503 508 518 610 623 624 715 745 746 755 762 769 774 779 799 866 894 937 952 983
72.0085470085 38.8560157791 32 0 2 3 4 6 7 7 7 14 17 19 20 21 21 26 28 30 32 33 34 34 36 37 38 38 39 39 40 42 44 46 49 0 110 118 121 153 162 186 192 225 238 334 352 354 455 505 530 568 622 622 661 698 705 711 718 761 763 766 797 884 945 956 983
65.5982905983 56.607495069 32 0 0 1 4 8 10 12 13 13 14 14 15 16 17 17 18 20 26 30 31 32 33 36 38 40 41 43 44 46 48 49 49 0 140 175 187 236 244 277 293 326 366 402 405 477 531 547 548 622 629 631 637 640 678 706 741 816 851 868 881 945 948 986 992
25.4273504274 46.1538461538 32 0 4 6 8 12 13 14 18 19 19 21 23 27 28 28 28 29 30 32 32 33 33 35 36 38 40 40 43 44 44 45 46 0 109 129 145 163 187 210 227 227 244 255 265 265 291 388 421 433 448 473 498 532 543 586 598 647 721 805 869 887 929 933 934
25.8547008547 74.9506903353 32 0 0 1 1 2 3 3 3 4 5 6 7 9 11 15 15 17 18 19 21 21 24 25 28 29 33 36 36 37 38 38 48 0 113 166 166 190 263 274 304 350 369 373 411 455 461 471 482 537 562 588 588 591 600 667 686 704 711 762 795 845 871 895 981
52.9914529915 69.6252465483 32 0 2 3 6 6 9 10 12 13 18 20 26 27 27 28 30 30 34 34 36 37 37 38 40 43 45 45 48 48 48 49 49 0 115 148 186 207 254 286 304 325 351 361 373 375 394 400 410 411 433 437 481 491 512 552 590 620 690 698 753 819 838 924 941
18.5897435897 75.1479289941 32 0 1 1 5 9 12 15 19 21 30 31 31 31 31 32 32 33 33 34 35 35 36 38 38 38 38 39 40 41 42 46 48 0 0 104 106 254 283 319 320 354 359 386 454 490 509 604 613 641 660 693 765 767 778 782 805 806 825 825 881 924 947 955 963
73.7179487179 66.8639053254 32 0 1 4 8 9 10 13 15 16 17 19 20 23 25 30 30 35 36 36 37 37 38 41 42 42 43 43 44 45 46 46 48 0 0 116 165 180 185 221 238 288 304 324 367 379 421 436 447 488 503 512 521 544 544 691 695 716 723 760 771 802 867 915 945
59.6153846154 52.6627218935 32 0 1 6 9 12 12 13 13 14 17 20 21 23 23 26 28 29 31 32 32 32 33 33 33 37 41 42 43 43 47 49 49 0 109 188 227 275 284 327 365 366 389 391 409 410 441 452 528 553 575 580 618 663 708 714 727 742 843 844 851 891 913 957 973
27.7777777778 27.2189349112 32 0 0 0 3 4 5 5 5 12 13 14 17 20 24 25 29 32 32 33 33 34 35 36 37 41 43 43 46 46 47 48 49 0 112 125 197 203 234 237 241 320 336 348 410 410 416 425 521 600 625 677 685 687 710 720 722 753 792 833 882 910 922 940 993
23.2905982906 36.6863905325 32 0 1 1 1 2 4 7 9 11 13 15 17 18 19 22 25 27 30 31 33 35 35 36 39 42 42 43 46 47 47 47 48 0 0 116 133 143 272 324 331 354 373 374 400 400 445 479 491 522 524 527 529 545 559 559 583 600 662 666 770 806 892 921 969
44.0170940171 74.7534516765 32 0 0 2 3 5 7 7 10 12 14 14 15 15 15 16 17 21 21 24 24 29 30 30 31 33 41 41 42 42 42 42 49 0 0 126 188 195 224 289 309 330 354 437 494 512 589 591 601 618 638 640 679 693 713 781 804 821 890 904 909 921 932 946 970
47.4358974359 29.3885601578 32 0 0 1 4 5 6 6 7 10 12 12 12 13 17 17 18 20 20 21 22 22 23 29 29 29 32 34 35 39 41 46 48 0 228 239 247 279 295 296 311 344 394 398 436 448 480 501 514 570 574 614 627 653 699 710 794 826 857 897 904 938 971 981 994
54.4871794872 50.6903353057 32 0 0 1 1 3 6 10 11 15 16 16 17 17 18 19 20 21 25 26 27 29 29 30 34 36 39 40 41 42 43 44 48 0 0 102 106 111 121 227 228 297 306 461 480 491 533 557 699 737 739 742 781 802 823 873 880 886 907 920 921 928 941 955 968
30.7692307692 71.7948717949 32 0 2 3 4 6 7 9 10 10 12 13 17 21 21 23 24 29 30 31 31 34 37 40 42 42 42 42 42 43 44 45 49 0 102 121 157 157 162 251 289 300 326 328 333 342 348 409 504 573 615 635 674 684 737 795 798 802 859 883 890 897 902 966 976
27.9914529915 78.6982248521 32 0 1 4 6 7 8 9 10 10 13 15 16 18 18 20 22 22 25 27 30 31 34 35 37 38 39 40 42 43 44 45 45 0 182 197 227 282 292 294 367 369 371 401 405 407 511 633 639 665 677 691 693 778 784 805 808 869 873 876 896 938 943 945 970
33.3333333333 34.9112426036 32 0 3 5 9 9 12 14 16 16 16 17 18 18 18 19 23 23 26 28 28 29 31 35 37 37 39 45 46 47 49 49 49 0 103 140 199 250 304 309 329 422 466 471 476 488 570 577 600 704 714 746 759 760 799 823 850 880 882 920 967 970 972 984 995
43.8034188034 69.4280078895 32 0 0 1 4 5 9 12 14 15 15 15 15 16 17 22 26 26 28 29 30 33 35 37 38 38 38 39 41 42 42 42 46 0 119 144 157 176 204 247 287 308 322 413 432 447 459 509 518 520 533 557 582 582 588 600 602 711 779 799 823 826 866 904 922
27.1367521368 46.3510848126 32 0 3 3 5 5 6 7 10 12 12 14 15 16 21 24 26 26 31 33 34 34 38 38 39 39 41 41 46 46 46 47 48 0 119 124 156 216 230 297 368 391 393 403 416 420 449 506 531 534 543 720 723 770 800 807 824 836 850 868 890 931 933 953 960
77.5641025641 69.6252465483 32 0 0 1 4 5 5 8 8 9 9 10 11 13 13 13 16 21 21 22 23 27 30 31 33 33 33 33 36 36 40 43 48 0 120 121 149 205 253 321 332 373 379 429 466 470 482 492 563 620 627 628 641 644 652 675 685 695 723 795 862 891 899 972 984
10.0427350427 47.3372781065 32 0 1 2 2 3 4 5 8 9 11 12 13 15 17 18 24 24 25 27 27 31 38 38 40 40 40 41 42 43 44 45 47 0 0 105 115 163 183 222 266 269 274 374 515 517 555 562 566 652 666 670 682 685 694 717 779 845 873 896 910 920 961 965 996
1.28205128205 63.708086785 32 0 1 3 4 4 5 9 10 12 13 14 21 21 22 24 26 27 32 37 38 38 40 41 41 42 42 42 44 44 45 47 49 0 0 106 182 232 236 300 367 380 402 431 446 482 483 524 524 603 630 636 676 692 760 767 775 821 852 863 895 918 929 943 984
0.0 33.3333333333 32 0 1 5 10 11 12 12 13 13 16 19 19 22 22 25 26 27 27 27 30 32 33 34 34 35 35 35 37 39 41 42 46 0 136 139 175 189 265 290 298 313 321 350 357 398 399 458 518 551 591 606 611 614 633 736 747 772 799 868 880 895 916 923 974
4.2735042735 96.0552268245 32 0 3 4 4 5 5 7 8 12 12 15 16 17 19 27 28 30 32 35 36 38 39 40 40 41 41 42 44 44 45 47 49 0 102 102 131 146 159 188 212 214 266 336 363 450 458 499 548 563 585 598 603 605 637 657 677 727 758 761 772 789 817 959 997
36.7521367521 30.3747534517 32 0 0 1 6 7 9 11 11 13 19 19 20 20 21 23 24 24 25 27 32 32 33 34 37 38 38 40 40 43 43 44 46 0 165 176 201 212 220 253 301 359 379 385 422 431 437 449 456 478 479 498 604 644 737 742 750 813 817 865 877 895 898 916 998
100.0 56.0157790927 32 0 0 1 2 3 3 5 10 17 18 19 23 23 24 25 27 27 28 31 31 32 32 33 35 38 38 38 41 43 43 48 48 0 114 149 152 162 172 215 413 423 435 470 507 542 556 687 689 702 706 707 727 776 785 816 825 847 870 888 893 895 895 970 973
31.1965811966 83.6291913215 32 0 0 1 1 1 2 3 6 7 12 13 15 16 18 19 19 20 23 23 25 26 27 28 34 35 38 38 39 43 44 44 45 0 118 163 245 272 383 385 392 435 454 472 481 498 509 543 585 594 609 622 626 632 644 672 697 711 738 776 864 892 916 936 960
35.0427350427 73.1755424063 32 0 2 2 3 3 7 8 8 8 9 11 13 15 17 21 21 22 26 26 26 29 31 31 32 35 39 39 40 45 47 47 47 0 109 118 118 146 161 188 210 289 330 370 387 393 417 448 485 493 496 528 543 581 608 641 669 717 784 819 904 936 942 949 980
28.2051282051 44.7731755424 32 0 2 2 2 6 9 9 10 10 12 13 13 13 15 15 16 23 25 26 26 27 33 33 33 36 37 39 40 43 45 46 47 0 113 191 199 200 290 320 353 415 416 454 455 486 557 569 588 611 617 637 664 675 694 726 774 787 826 850 861 880 922 927 972
33.3333333333 63.9053254438 32 0 1 1 1 5 9 11 11 12 13 21 22 22 23 23 25 26 26 27 29 30 34 34 34 35 38 38 40 42 44 47 49 0 125 147 160 178 187 196 202 233 236 334 361 454 495 535 568 643 646 659 716 786 814 840 850 868 876 883 896 936 936 976 991
23.5042735043 30.3747534517 32 0 1 1 3 4 4 5 5 5 10 12 12 21 24 26 26 28 29 29 31 32 34 35 35 38 40 40 41 44 48 48 49 0 171 190 192 232 313 389 431 437 444 470 479 530 536 536 558 579 585 592 659 678 718 728 759 759 776 852 853 942 942 957 961
31.4102564103 26.8244575937 32 0 0 0 4 6 6 9 13 13 13 17 20 20 21 23 24 31 31 32 35 36 36 37 38 40 42 43 44 45 46 46 47 0 0 210 235 240 253 304 305 307 336 384 396 426 437 471 517 551 564 569 624 665 679 681 740 752 767 777 793 825 844 864 877
68.5897435897 36.6863905325 32 0 3 4 5 5 6 7 8 9 10 11 12 13 15 16 17 21 21 22 22 23 23 28 34 37 37 41 41 45 46 46 48 0 118 149 159 187 212 219 226 259 281 322 370 387 388 404 428 451 460 467 532 535 542 693 733 738 739 742 817 829 849 885 906
34.4017094017 33.1360946746 32 0 0 1 1 2 2 4 4 7 9 17 19 21 23 23 24 26 28 28 33 35 35 36 37 39 40 41 43 43 45 46 46 0 122 154 161 194 195 285 323 371 378 410 420 426 448 464 509 544 579 607 624 637 669 682 728 731 742 781 807 866 869 906 916
7.05128205128 21.6962524655 32 0 0 1 1 3 5 6 6 6 7 8 13 13 16 16 17 24 25 27 33 35 37 37 37 40 40 41 42 43 44 45 47 0 146 151 225 234 270 316 410 444 541 633 657 708 720 726 727 748 761 765 796 802 818 824 830 832 840 853 896 920 959 962 978
27.5641025641 39.6449704142 32 0 0 2 5 8 8 9 9 12 12 13 13 14 16 21 23 26 29 33 33 35 36 36 37 38 40 41 42 44 44 46 48 0 109 120 136 136 189 225 226 263 281 292 309 328 331 357 382 395 463 465 546 657 662 677 842 853 882 882 891 893 904 914 931
61.5384615385 57.0019723866 32 0 0 1 1 2 4 4 5 5 6 8 9 10 12 13 14 16 19 21 21 27 29 30 31 31 35 36 39 39 39 49 49 0 135 142 158 161 202 296 309 328 347 365 379 451 454 510 560 573 594 616 631 638 644 673 758 820 850 854 871 872 896 918 985
42.094017094 46.1538461538 32 0 1 2 2 3 5 9 12 12 14 17 17 19 20 22 23 24 24 26 26 29 31 32 32 37 38 38 43 45 46 46 47 0 0 164 166 212 271 306 329 346 350 367 434 473 480 492 515 528 543 641 655 662 693 714 736 752 762 799 804 885 887 934 977
49.7863247863 59.5660749507 32 0 1 3 3 5 5 6 6 6 9 10 11 12 18 18 20 28 28 29 29 30 32 33 33 33 37 38 39 39 42 44 48 0 126 170 175 187 200 261 287 310 343 371 380 388 403 403 417 458 487 496 502 576 649 651 775 793 810 823 830 907 958 963 991
9.82905982906 48.1262327416 32 0 0 0 6 7 7 7 8 8 10 10 10 12 13 14 16 18 23 26 27 30 32 34 38 39 40 40 42 42 43 44 46 0 107 117 178 194 265 299 332 354 411 431 453 489 510 516 517 518 532 535 626 639 656 688 701 710 781 840 928 965 970 982 989
22.2222222222 61.3412228797 32 0 0 2 3 3 7 7 8 9 10 11 12 13 21 23 24 26 26 27 27 28 29 29 32 33 34 39 40 43 43 45 46 0 113 143 144 148 169 201 247 253 273 302 321 321 370 398 412 453 481 514 546 551 620 666 669 764 795 821 828 868 948 955 981
23.5042735043 50.8875739645 32 0 2 5 5 7 7 8 9 12 13 13 14 14 17 18 19 19 20 20 21 27 30 33 33 34 34 36 37 41 42 48 49 0 109 243 288 332 358 372 377 408 415 446 463 485 492 510 546 571 579 604 611 650 700 764 774 818 834 853 878 881 890 954 980
65.5982905983 41.617357002 32 0 1 4 5 8 8 9 9 11 12 12 16 17 20 26 26 28 29 29 29 36 36 37 39 40 40 40 41 41 42 44 48 0 0 137 179 184 215 224 266 278 286 338 340 350 360 368 445 515 542 609 654 661 676 715 716 786 806 820 849 874 874 942 949
36.9658119658 51.2820512821 32 0 2 3 5 6 8 15 16 16 16 17 18 19 19 22 25 26 26 27 29 33 34 34 35 39 39 40 40 43 46 48 49 0 153 207 223 269 290 290 303 335 342 361 387 411 485 528 566 593 626 676 694 694 715 722 764 768 781 817 873 879 903 910 959
30.3418803419 65.8777120316 32 0 2 4 4 4 9 11 11 12 12 14 21 22 22 23 25 26 28 29 31 32 33 37 37 39 40 41 42 42 42 46 49 0 0 100 125 166 182 201 216 262 285 288 311 340 380 395 399 424 467 473 496 522 532 569 618 627 724 759 776 850 875 909 957
38.8888888889 31.9526627219 32 0 0 3 4 5 6 6 9 10 11 11 15 16 19 21 22 27 34 34 34 35 37 37 37 40 40 42 44 46 46 47 47 0 114 115 122 145 161 167 191 234 248 263 316 353 373 386 399 413 418 435 444 446 491 521 539 564 702 706 716 777 815 912 988
36.1111111111 42.9980276134 32 0 0 0 1 2 3 3 3 6 8 9 10 10 12 14 15 16 16 17 17 18 19 20 25 26 27 28 29 38 38 43 44 0 0 128 141 165 180 196 214 232 237 245 315 436 443 509 527 528 530 564 593 658 686 701 740 771 776 792 836 872 878 892 930
50.2136752137 68.6390532544 32 0 4 4 8 10 11 11 12 13 15 16 18 25 28 29 30 30 30 32 32 34 39 39 40 40 41 43 43 46 46 47 48 0 154 184 194 223 230 233 276 373 378 428 444 459 463 481 493 508 553 567 595 604 607 629 629 678 687 725 752 826 918 962 982
42.5213675214 45.3648915187 32 0 0 0 2 3 3 4 6 6 7 8 8 9 12 15 18 21 23 24 24 26 26 33 33 33 35 35 35 35 37 40 45 0 126 229 233 249 259 269 291 303 383 419 451 510 533 537 545 629 632 640 640 644 687 695 723 734 749 835 893 910 921 955 983
63.0341880342 55.8185404339 32 0 0 1 2 5 8 8 8 9 10 11 14 15 17 22 23 24 26 28 30 30 31 33 35 39 40 41 42 43 44 46 46 0 134 146 162 171 192 203 292 455 461 477 501 510 556 604 605 613 616 629 640 650 674 693 723 746 759 770 777 785 824 950 968
19.0170940171 40.0394477318 32 0 0 5 5 9 9 10 11 11 12 14 17 18 21 23 26 27 28 29 29 30 31 31 32 34 35 35 36 40 45 46 47 0 123 138 149 159 226 246 252 298 312 334 453 475 492 506 531 544 560 610 615 627 679 710 729 737 772 775 831 887 927 937 999
31.4102564103 52.8599605523 32 0 1 2 4 7 7 8 9 14 16 18 19 19 20 22 24 29 31 31 32 33 34 35 35 36 37 42 42 45 45 46 49 0 115 131 156 186 201 206 240 247 271 356 395 438 474 526 527 604 612 625 665 674 682 694 712 744 745 747 833 857 956 958 997
48.9316239316 42.9980276134 32 0 5 5 6 10 12 15 15 15 16 18 19 24 25 28 29 36 36 37 38 39 40 42 43 43 44 45 45 47 47 47 48 0 128 132 141 155 194 231 271 276 303 348 353 359 365 417 440 450 473 488 526 641 655 659 706 723 732 812 829 865 931 939 967
41.0256410256 47.9289940828 32 0 0 2 4 5 7 8 8 13 16 17 19 19 21 23 26 27 29 30 30 31 33 35 36 37 41 41 43 47 48 48 49 0 129 187 189 205 207 209 324 346 359 370 402 498 510 555 559 583 590 639 680 696 703 705 771 802 808 833 836 843 847 856 931
48.2905982906 35.7001972387 32 0 0 1 2 3 4 7 12 13 16 20 21 24 27 27 27 28 29 32 33 34 34 37 37 39 40 40 41 43 43 47 49 0 124 173 189 193 226 282 284 290 294 328 328 340 351 353 439 492 502 512 526 545 573 592 662 730 752 760 765 850 889 926 951
68.5897435897 27.0216962525 32 0 3 5 8 10 15 16 16 17 17 21 23 23 24 25 28 29 30 35 35 36 37 37 39 41 43 44 44 45 46 47 48 0 132 180 191 245 258 285 345 381 390 433 479 540 552 572 590 608 651 652 678 696 735 746 752 768 836 840 889 900 904 936 974
248
58.1102362205 31.2146892655 2
34.0157480315 50.5649717514 7
49.1338582677 21.6101694915 5
49.1338582677 37.5706214689 6
48.188976378 62.1468926554 5
31.811023622 53.2485875706 8
77.6377952756 85.7344632768 2
40.7874015748 75.7062146893 3
62.8346456693 37.1468926554 1
55.2755905512 72.3163841808 6
56.3779527559 74.5762711864 1
62.9921259843 37.2881355932 3
58.4251968504 83.8983050847 1
53.3858267717 66.2429378531 8
41.2598425197 50.4237288136 3
29.6062992126 62.7118644068 5
61.4173228346 45.3389830508 2
93.7007874016 36.0169491525 3
51.968503937 38.5593220339 1
66.1417322835 37.4293785311 8
47.2440944882 22.5988700565 8
41.1023622047 34.0395480226 6
34.8031496063 28.9548022599 5
52.9133858268 39.406779661 7
32.5984251969 43.2203389831 1
29.1338582677 68.3615819209 8
57.0078740157 27.2598870056 6
82.0472440945 56.0734463277 1
62.0472440945 65.9604519774 5
33.3858267717 47.4576271186 6
71.968503937 82.7683615819 1
57.1653543307 59.1807909605 2
64.4094488189 47.8813559322 2
32.5984251969 23.1638418079 7
63.7795275591 59.4632768362 2
47.0866141732 35.7344632768 7
59.2125984252 53.813559322 6
53.0708661417 55.3672316384 3
53.8582677165 60.0282485876 6
60.9448818898 51.8361581921 1
69.6062992126 33.3333333333 7
25.9842519685 46.186440678 3
86.6141732283 43.7853107345 8
55.5905511811 71.4689265537 2
68.188976378 47.7401129944 2
66.7716535433 78.1073446328 1
41.2598425197 52.5423728814 9
33.8582677165 34.0395480226 1
79.2125984252 86.1581920904 2
46.1417322835 50.8474576271 4
39.6850393701 53.5310734463 5
67.874015748 64.2655367232 1
31.0236220472 54.802259887 9
39.6850393701 56.9209039548 3
71.3385826772 32.3446327684 4
39.842519685 88.9830508475 8
60.4724409449 52.2598870056 6
93.5433070866 72.8813559322 5
48.3464566929 47.7401129944 3
48.5039370079 73.5875706215 4
45.5118110236 67.5141242938 1
22.2047244094 66.1016949153 6
66.6141732283 61.0169491525 3
36.062992126 39.406779661 3
68.031496063 54.0960451977 1
45.0393700787 49.4350282486 7
63.1496062992 56.3559322034 1
65.8267716535 46.8926553672 6
73.7007874016 64.406779661 3
46.9291338583 53.813559322 5
66.9291338583 41.384180791 3
76.3779527559 64.406779661 4
0.0 54.9435028249 4
70.5511811024 58.4745762712 5
75.2755905512 43.5028248588 3
43.937007874 36.581920904 9
63.1496062992 68.0790960452 8
69.2913385827 58.1920903955 1
61.7322834646 58.3333333333 1
69.7637795276 30.3672316384 8
90.0787401575 71.4689265537 2
75.5905511811 42.0903954802 2
62.2047244094 58.7570621469 7
49.4488188976 53.5310734463 8
75.905511811 50.7062146893 6
84.2519685039 42.3728813559 2
31.0236220472 55.2259887006 5
20.0 75.4237288136 8
69.9212598425 16.384180791 7
60.3149606299 55.6497175141 2
68.8188976378 56.4971751412 6
42.3622047244 52.9661016949 7
55.2755905512 58.7570621469 8
72.7559055118 30.6497175141 3
64.7244094488 51.9774011299 6
58.5826771654 27.8248587571 5
76.062992126 41.9491525424 8
41.5748031496 46.6101694915 2
41.5748031496 65.5367231638 6
51.4960629921 75.0 6
48.9763779528 39.5480225989 3
56.6929133858 48.4463276836 6
27.0866141732 75.5649717514 3
56.8503937008 63.2768361582 3
57.6377952756 48.5875706215 4
78.7401574803 31.7796610169 8
100.0 63.9830508475 8
60.6299212598 11.0169491525 5
63.1496062992 32.4858757062 3
73.0708661417 50.8474576271 1
45.6692913386 59.4632768362 5
62.5196850394 66.8079096045 5
51.6535433071 35.8757062147 3
43.937007874 33.7570621469 7
54.4881889764 43.3615819209 3
43.3070866142 34.3220338983 2
42.9921259843 86.0169491525 1
42.9921259843 100.0 7
54.0157480315 65.5367231638 4
60.0 38.1355932203 5
33.2283464567 60.0282485876 8
47.2440944882 34.8870056497 9
47.874015748 29.2372881356 4
57.3228346457 48.3050847458 9
22.0472440945 38.7005649718 9
58.5826771654 60.3107344633 9
42.5196850394 58.8983050847 3
58.2677165354 36.581920904 9
64.5669291339 65.2542372881 8
51.3385826772 33.1920903955 1
57.7952755906 37.2881355932 5
46.1417322835 47.1751412429 3
63.4645669291 47.3163841808 4
43.937007874 63.1355932203 6
85.5118110236 44.0677966102 1
50.7086614173 43.6440677966 6
33.5433070866 53.6723163842 1
94.4881889764 47.4576271186 4
48.8188976378 45.4802259887 3
48.6614173228 62.4293785311 4
72.9133858268 63.1355932203 6
57.1653543307 46.8926553672 1
71.0236220472 46.0451977401 9
80.157480315 58.3333333333 5
37.9527559055 46.186440678 9
70.7086614173 53.2485875706 3
53.2283464567 35.1694915254 5
88.5039370079 48.1638418079 6
66.7716535433 37.8531073446 3
61.8897637795 61.8644067797 5
36.3779527559 64.5480225989 9
61.8897637795 50.7062146893 2
53.7007874016 58.7570621469 1
46.6141732283 22.4576271186 7
63.6220472441 46.7514124294 2
51.1811023622 43.0790960452 2
45.1968503937 55.3672316384 5
35.2755905512 56.7796610169 7
72.125984252 64.6892655367 6
65.1968503937 43.7853107345 9
61.7322834646 51.5536723164 1
53.3858267717 59.8870056497 7
47.2440944882 85.4519774011 1
51.968503937 53.813559322 9
81.7322834646 52.8248587571 8
66.6141732283 54.9435028249 6
69.9212598425 58.7570621469 6
29.9212598425 50.988700565 7
44.2519685039 64.6892655367 5
53.8582677165 44.7740112994 7
78.1102362205 66.2429378531 9
71.0236220472 47.0338983051 9
66.2992125984 43.9265536723 9
54.3307086614 54.802259887 1
33.7007874016 69.4915254237 8
64.094488189 52.8248587571 7
76.062992126 62.7118644068 5
24.5669291339 45.197740113 5
64.2519685039 79.2372881356 2
68.9763779528 58.7570621469 4
61.8897637795 46.7514124294 8
69.2913385827 48.5875706215 2
37.9527559055 38.7005649718 2
56.8503937008 76.2711864407 3
78.1102362205 56.2146892655 3
64.8818897638 50.4237288136 5
57.9527559055 43.9265536723 7
65.3543307087 47.3163841808 1
75.2755905512 67.9378531073 5
37.1653543307 42.0903954802 1
49.4488188976 56.4971751412 2
74.3307086614 61.1581920904 8
48.031496063 69.4915254237 2
62.3622047244 66.384180791 4
26.7716535433 67.2316384181 2
42.9921259843 47.4576271186 9
58.5826771654 61.8644067797 7
64.8818897638 73.0225988701 7
51.6535433071 59.4632768362 1
58.8976377953 54.2372881356 3
51.0236220472 51.4124293785 4
67.5590551181 57.9096045198 3
75.4330708661 68.0790960452 2
61.8897637795 43.6440677966 3
72.2834645669 31.3559322034 8
71.968503937 35.7344632768 4
60.7874015748 42.5141242938 2
44.5669291339 53.6723163842 7
50.7086614173 64.2655367232 9
63.937007874 63.8418079096 3
58.4251968504 58.8983050847 4
58.1102362205 46.7514124294 5
61.5748031496 77.1186440678 3
53.0708661417 54.9435028249 5
68.5039370079 60.7344632768 7
45.3543307087 42.6553672316 7
64.2519685039 54.6610169492 5
53.0708661417 61.2994350282 6
57.7952755906 45.3389830508 5
48.6614173228 47.5988700565 3
49.6062992126 44.3502824859 9
46.9291338583 77.6836158192 3
69.2913385827 70.3389830508 2
54.8031496063 50.7062146893 3
73.8582677165 55.3672316384 9
65.8267716535 60.1694915254 7
59.2125984252 69.6327683616 9
68.3464566929 64.2655367232 8
62.5196850394 53.5310734463 1
26.1417322835 46.3276836158 2
76.3779527559 64.1242937853 3
23.6220472441 80.6497175141 6
53.2283464567 43.6440677966 5
41.1023622047 0.0 4
81.7322834646 20.3389830508 2
88.5039370079 56.7796610169 2
49.7637795276 50.4237288136 1
87.4015748031 50.8474576271 1
19.5275590551 42.5141242938 5
51.6535433071 64.406779661 1
21.4173228346 52.2598870056 2
69.7637795276 56.2146892655 8
47.5590551181 85.0282485876 9
37.7952755906 64.2655367232 8
61.8897637795 43.3615819209 1
39.6850393701 54.6610169492 9
45.3543307087 53.1073446328 5
40.7874015748 37.4293785311 1
