215
48.0631276901 58.2677165354 20 0 5 7 8 9 14 15 16 19 19 20 20 26 29 40 40 42 45 46 47 0 151 164 230 305 380 401 404 446 491 538 628 637 726 826 866 892 923 959 976
55.9540889527 40.7480314961 20 0 3 5 6 14 14 15 20 24 26 27 30 31 37 38 38 39 40 43 45 0 0 109 113 165 172 196 198 290 335 341 432 552 595 674 686 755 761 776 860
50.2152080344 61.4173228346 20 0 0 3 4 6 8 11 14 15 16 19 27 27 28 29 33 33 35 38 47 0 118 127 128 174 191 205 217 225 234 285 298 323 344 396 629 655 827 963 977
56.2410329986 30.905511811 20 0 0 3 3 4 6 10 11 22 27 30 36 36 37 39 40 40 46 47 48 0 0 128 146 158 175 265 305 308 399 470 514 546 556 575 629 702 874 917 992
62.5538020086 2.55905511811 20 0 2 4 8 10 13 13 15 17 20 21 26 29 31 39 39 40 41 42 42 0 169 182 201 204 283 289 298 342 361 382 466 481 508 568 734 770 774 953 972
17.6470588235 54.9212598425 20 0 2 3 5 12 17 21 22 23 23 27 28 28 30 35 37 37 38 41 45 0 109 126 131 249 289 326 336 377 430 507 582 614 672 679 724 771 797 852 875
32.8550932568 0.0 20 0 3 4 7 11 12 13 14 22 23 27 31 33 35 38 39 40 41 45 49 0 0 112 225 375 379 433 477 687 702 746 754 813 816 858 917 924 927 958 988
72.8837876614 46.2598425197 20 0 4 6 10 16 16 16 19 23 24 27 27 30 32 33 40 40 41 43 48 0 144 174 219 262 274 287 370 414 425 511 520 527 597 625 715 715 793 921 939
66.8579626973 60.2362204724 20 0 1 2 4 5 7 7 11 11 14 21 21 28 28 31 36 37 46 46 47 0 0 125 146 149 214 236 237 245 376 435 447 461 466 493 550 673 737 752 782
57.6757532281 12.4015748031 20 0 4 5 8 12 13 16 17 23 24 29 33 38 38 38 38 38 44 44 46 0 164 193 196 239 331 387 399 422 423 452 548 606 627 639 668 710 943 980 982
76.9010043042 62.5984251969 20 0 6 6 9 11 11 15 16 17 21 21 23 25 28 30 31 32 35 35 47 0 0 100 136 141 235 277 298 320 349 538 667 742 817 840 841 896 904 966 981
56.5279770445 61.0236220472 20 0 1 6 10 12 13 19 21 28 29 32 33 34 37 40 41 46 46 47 47 0 113 271 436 444 466 475 492 510 565 640 642 647 657 670 679 813 878 920 981
73.8880918221 54.3307086614 20 0 3 4 12 13 19 20 20 29 32 33 34 37 37 39 42 44 45 45 47 0 270 314 455 528 567 571 576 583 660 680 696 703 706 764 817 885 928 957 974
32.281205165 62.4015748031 20 0 1 5 8 11 15 16 18 18 19 19 22 27 32 34 35 40 40 46 49 0 0 111 165 237 244 246 262 268 432 464 550 622 634 667 687 747 794 944 945
67.5753228121 41.9291338583 20 0 6 8 9 10 13 15 16 17 18 18 20 22 22 22 26 36 41 43 45 0 0 247 280 289 295 447 447 459 491 539 542 664 674 770 797 813 826 897 952
66.8579626973 48.2283464567 20 0 1 2 12 12 14 24 26 27 27 27 31 32 33 39 39 41 44 48 49 0 109 134 147 318 373 451 463 570 603 673 685 712 723 744 756 792 807 874 895
61.9799139168 67.7165354331 20 0 3 4 8 9 9 10 12 19 23 25 27 28 30 31 37 37 40 43 48 0 131 134 145 155 198 335 408 461 507 539 663 696 720 760 770 830 837 903 955
42.3242467719 23.8188976378 20 0 2 5 8 10 15 16 17 18 22 23 28 29 35 38 41 41 42 43 44 0 140 165 199 278 348 413 416 435 450 470 624 636 709 733 778 784 794 823 889
26.1119081779 11.811023622 20 0 0 7 14 17 18 19 25 25 28 29 33 33 36 38 39 43 43 45 45 0 153 162 226 343 367 388 417 461 505 573 588 614 693 775 823 885 886 923 955
81.7790530846 37.2047244094 20 0 4 4 4 5 5 8 10 10 11 16 25 25 29 34 34 40 41 45 46 0 107 143 148 159 242 259 307 349 444 476 552 667 709 722 877 910 922 949 956
58.106169297 55.7086614173 20 0 2 3 6 13 14 15 24 26 27 28 29 32 34 35 37 39 41 42 43 0 104 318 319 431 477 485 486 584 590 642 643 770 807 814 852 904 936 937 956
36.4418938307 83.4645669291 20 0 2 3 4 4 6 7 8 11 13 16 25 29 32 37 40 40 45 48 48 0 222 298 318 369 417 424 485 618 622 650 671 699 714 717 880 926 980 983 999
76.9010043042 53.7401574803 20 0 0 2 6 6 6 10 12 15 16 18 25 26 34 35 36 39 40 44 48 0 213 230 246 403 416 437 483 544 557 634 677 738 801 808 881 906 910 915 948
54.806312769 45.8661417323 20 0 0 1 1 8 8 13 14 16 17 19 25 26 26 27 34 34 39 49 49 0 123 142 144 183 186 192 243 258 281 344 422 486 490 571 654 831 834 895 909
51.0760401722 84.2519685039 20 0 3 4 13 15 17 17 18 19 20 22 24 27 33 34 35 39 47 47 48 0 154 223 237 241 260 309 365 382 400 522 541 562 567 610 621 766 793 930 966
64.9928263989 60.8267716535 20 0 0 0 2 7 9 9 14 24 24 26 34 36 36 43 46 46 46 46 48 0 0 105 146 220 231 313 345 363 384 390 451 457 534 542 589 631 753 850 991
54.2324246772 68.5039370079 20 0 1 1 5 8 10 10 13 15 18 20 21 22 24 25 30 36 36 45 45 0 122 186 242 295 310 389 407 442 553 559 599 662 673 698 722 797 904 936 979
17.9340028694 34.0551181102 20 0 0 2 2 7 14 16 17 18 18 21 25 26 34 35 41 42 44 47 48 0 108 256 289 289 338 338 451 511 549 557 583 586 701 744 772 832 887 889 984
54.5193687231 37.0078740157 20 0 0 2 13 14 14 16 18 19 19 26 26 28 31 35 35 38 41 41 48 0 212 212 266 282 315 364 491 525 574 618 626 674 683 904 927 934 951 983 983
50.5021520803 84.0551181102 20 0 4 7 7 15 15 18 18 20 21 21 24 25 29 32 35 35 38 40 44 0 178 198 213 265 299 321 332 382 406 488 602 605 658 692 892 942 946 978 990
53.0846484935 48.2283464567 20 0 2 5 6 9 12 19 20 21 25 27 30 32 33 33 36 39 40 42 47 0 126 231 285 316 323 390 397 420 510 580 585 595 602 689 710 717 860 928 937
69.7274031564 34.4488188976 20 0 0 2 2 6 11 13 19 21 22 31 31 33 34 37 38 38 38 42 49 0 195 196 263 330 365 370 378 391 401 417 506 516 524 533 566 574 584 826 928
73.3142037303 74.2125984252 20 0 3 13 17 17 22 22 24 24 27 28 29 31 33 34 38 40 42 42 49 0 167 183 227 262 263 301 342 357 464 501 529 677 721 742 773 778 872 893 930
41.1764705882 61.0236220472 20 0 3 13 14 16 18 19 24 27 27 29 30 35 36 36 42 43 47 47 49 0 127 156 165 169 177 246 257 328 349 363 410 531 566 636 650 707 720 824 956
53.9454806313 48.6220472441 20 0 3 5 9 10 10 14 17 18 19 19 19 23 29 30 37 38 42 49 49 0 0 102 119 129 184 274 378 390 460 554 557 648 695 717 741 759 761 915 947
63.2711621234 35.0393700787 20 0 1 3 4 6 9 13 21 23 26 27 28 29 29 30 39 40 40 43 46 0 0 189 256 307 440 506 528 609 654 680 749 751 768 785 813 853 914 939 953
33.7159253945 33.8582677165 20 0 0 0 1 1 5 12 12 17 17 27 30 30 34 40 40 41 41 43 49 0 145 179 303 320 363 387 432 482 521 574 577 650 660 688 741 784 833 896 951
83.5007173601 71.062992126 20 0 5 5 7 9 14 16 23 23 24 24 26 29 30 34 36 38 42 44 48 0 0 113 118 125 230 323 387 392 395 598 624 631 655 703 848 848 861 986 994
57.8192252511 66.1417322835 20 0 5 13 13 15 20 22 23 23 24 24 24 31 32 34 34 35 36 38 48 0 174 251 267 350 421 437 439 449 465 520 565 637 704 715 727 833 844 857 981
70.7317073171 71.062992126 20 0 2 4 8 8 10 14 15 18 21 22 23 25 30 30 40 42 43 44 45 0 110 113 117 161 211 221 267 270 452 493 550 578 624 857 880 892 925 931 955
42.4677187948 80.905511811 20 0 0 1 3 12 15 16 19 19 20 24 25 25 26 26 29 31 31 35 36 0 0 117 141 164 264 320 463 618 629 676 706 750 780 824 826 847 900 924 989
72.7403156385 91.1417322835 20 0 3 4 5 9 14 15 15 17 24 30 32 35 37 39 40 41 45 47 49 0 118 251 264 339 384 417 438 538 543 589 600 711 711 719 735 874 921 942 964
44.7632711621 48.2283464567 20 0 0 7 10 14 15 15 21 22 24 26 33 35 37 38 40 40 41 42 49 0 179 183 211 251 308 340 371 397 438 447 453 467 563 630 651 682 813 863 897
43.0416068867 25.5905511811 20 0 4 8 10 11 13 13 16 16 16 17 19 20 22 25 27 31 38 39 46 0 112 163 169 173 196 329 338 378 412 530 610 694 749 762 787 800 825 897 956
65.9971305595 67.7165354331 20 0 1 1 5 8 9 10 12 15 23 24 25 28 28 33 39 41 41 42 42 0 104 133 166 227 281 288 383 439 592 644 739 789 799 839 845 855 915 939 965
55.5236728838 29.3307086614 20 0 0 1 5 8 12 14 17 19 21 23 23 24 32 33 36 37 40 41 44 0 115 145 160 199 246 385 463 485 494 596 608 668 741 803 816 868 872 889 997
65.8536585366 50.5905511811 20 0 3 9 12 13 15 18 21 23 25 26 26 28 36 37 38 44 44 48 49 0 136 161 257 307 397 436 471 519 552 600 680 689 694 720 751 826 832 875 908
66.2840746055 76.968503937 20 0 7 7 8 8 13 19 19 20 24 29 29 30 30 31 33 35 37 41 44 0 113 217 258 270 509 554 601 687 689 706 742 792 817 828 853 861 862 904 914
37.1592539455 11.6141732283 20 0 1 3 6 8 9 10 16 23 28 35 36 37 40 41 41 42 45 48 48 0 128 142 182 196 292 358 458 475 526 553 592 660 674 778 778 791 795 811 946
47.4892395983 50.1968503937 20 0 1 3 12 17 27 31 34 34 36 40 40 40 43 43 43 43 45 49 49 0 0 228 238 297 409 413 462 493 570 585 670 718 820 849 866 881 936 960 967
64.9928263989 57.0866141732 20 0 2 4 14 17 18 19 19 22 25 27 27 30 31 32 33 35 45 47 48 0 0 100 128 141 174 253 276 366 377 467 529 593 700 764 802 831 849 880 949
64.418938307 59.0551181102 20 0 0 1 2 4 7 15 16 22 23 26 26 35 35 36 38 42 45 46 49 0 0 167 204 280 323 330 477 495 542 569 572 609 689 692 697 851 883 908 909
61.8364418938 61.811023622 20 0 0 1 1 9 11 12 21 23 24 30 31 34 37 41 42 42 43 45 49 0 107 145 157 169 173 186 195 315 339 345 446 548 617 626 647 812 918 969 982
68.7230989957 82.6771653543 20 0 2 2 4 5 5 7 9 9 10 12 14 15 21 31 32 33 33 44 46 0 111 136 243 243 280 315 316 441 597 618 653 688 767 775 804 917 932 955 993
72.3098995696 68.1102362205 20 0 7 10 18 19 21 23 23 26 27 28 32 33 34 40 42 42 45 48 49 0 139 186 219 267 313 320 353 429 494 524 565 636 645 647 747 822 837 948 981
72.0229555237 30.1181102362 20 0 3 7 7 13 16 18 19 21 25 27 28 32 35 35 40 41 44 45 49 0 191 203 205 216 228 240 250 356 372 408 437 582 668 708 778 787 867 907 981
75.4662840746 19.6850393701 20 0 0 2 8 9 10 11 12 16 20 27 35 35 35 42 42 47 47 49 49 0 126 176 273 297 317 363 371 446 461 559 574 708 795 825 888 921 948 976 982
70.3012912482 56.2992125984 20 0 0 2 3 7 8 10 12 16 24 24 24 25 29 29 34 37 41 42 43 0 0 159 184 245 377 406 432 450 479 481 483 516 520 521 616 616 696 741 943
59.5408895265 52.9527559055 20 0 4 9 21 23 30 31 33 34 35 36 39 42 42 44 45 45 45 47 48 0 166 184 207 336 354 457 486 512 525 598 617 651 682 759 811 874 888 901 939
73.0272596844 50.9842519685 20 0 0 1 4 6 11 11 17 17 29 29 32 32 33 34 43 44 45 47 49 0 178 194 313 375 387 509 603 658 670 702 743 766 849 852 885 948 955 964 975
52.6542324247 62.7952755906 20 0 1 1 8 12 12 13 13 18 24 26 29 37 40 40 42 44 46 47 49 0 0 103 204 244 294 343 352 374 411 416 446 496 558 639 658 729 795 907 930
61.8364418938 44.2913385827 20 0 1 1 5 7 8 8 20 21 22 22 23 26 27 27 35 37 37 38 39 0 155 315 365 437 442 484 545 579 582 680 688 739 752 753 770 788 819 846 875
55.9540889527 50.0 20 0 5 8 10 10 16 17 18 20 22 24 25 28 29 30 32 41 45 45 48 0 117 142 190 192 331 332 395 411 571 633 635 651 673 680 696 718 745 822 829
70.5882352941 82.6771653543 20 0 2 4 7 11 13 14 14 20 23 25 29 32 34 34 36 39 40 43 44 0 117 143 178 358 366 371 374 403 417 523 574 733 799 800 820 840 887 913 925
42.7546628407 73.8188976378 20 0 3 10 11 17 19 19 20 21 21 21 26 29 34 34 39 39 43 44 47 0 127 152 366 367 401 520 523 540 592 617 657 686 757 858 864 955 957 967 969
70.7317073171 34.6456692913 20 0 4 10 12 14 16 19 20 25 26 27 29 32 35 42 46 47 48 48 48 0 112 129 157 263 294 341 347 379 428 438 491 506 687 697 773 803 925 962 970
78.9096126255 43.1102362205 20 0 0 2 4 10 10 11 14 16 18 18 18 19 20 24 28 31 36 47 48 0 124 196 243 325 388 400 440 476 569 633 639 648 773 828 928 942 947 963 972
63.4146341463 31.1023622047 20 0 0 2 4 6 13 13 15 16 17 17 23 34 34 34 39 44 45 47 48 0 130 182 249 262 273 319 331 363 363 466 487 515 523 715 721 919 924 996 999
81.3486370158 100.0 20 0 0 7 7 8 9 14 23 25 30 31 32 37 38 41 43 44 47 49 49 0 196 258 270 337 415 488 562 587 609 653 662 692 727 731 768 800 895 902 983
41.3199426112 9.84251968504 20 0 11 14 14 19 20 21 22 25 28 31 32 33 35 37 43 46 47 49 49 0 111 131 245 250 349 379 442 573 578 590 770 810 819 850 872 878 897 925 962
50.9325681492 13.3858267717 20 0 0 2 5 10 13 14 20 21 28 29 29 30 31 36 38 39 42 48 49 0 140 161 184 198 243 260 269 272 302 337 453 567 599 708 783 827 845 848 879
67.1449067432 63.9763779528 20 0 0 2 4 9 10 11 12 13 21 23 24 27 29 29 37 38 38 43 44 0 0 155 162 189 212 356 379 389 473 486 502 547 569 576 863 870 910 921 992
42.6111908178 79.3307086614 20 0 1 1 2 5 10 10 16 18 21 28 28 29 30 33 35 39 42 44 47 0 127 142 149 183 229 236 272 325 352 406 441 543 619 681 750 788 835 901 980
78.3357245337 18.1102362205 20 0 1 4 6 9 14 15 17 20 28 28 31 35 36 38 40 40 43 46 47 0 0 233 286 363 387 387 466 480 524 531 566 619 692 737 759 822 848 877 958
57.6757532281 75.3937007874 20 0 0 5 9 9 14 16 17 17 20 24 25 39 39 40 41 42 46 49 49 0 189 273 281 303 335 345 347 479 524 552 577 661 662 692 692 717 746 904 979
80.487804878 40.7480314961 20 0 1 5 5 7 9 11 13 15 21 22 22 22 23 24 34 38 39 39 43 0 256 266 278 283 303 308 439 513 582 620 637 654 678 795 845 905 932 945 984
67.5753228121 63.5826771654 20 0 2 5 5 7 18 21 24 24 26 27 29 30 31 33 38 40 43 44 45 0 124 156 286 300 392 443 446 459 497 537 557 664 666 733 816 819 838 859 908
76.6140602582 43.3070866142 20 0 0 1 4 5 8 9 11 13 17 18 20 25 26 26 30 30 33 38 47 0 134 140 142 151 207 248 331 342 465 466 483 578 606 790 834 923 936 949 949
61.262553802 92.7165354331 20 0 3 12 13 17 18 19 19 20 27 28 28 29 32 32 34 35 37 46 46 0 151 222 291 390 438 488 617 689 723 727 784 798 861 878 916 949 952 956 992
54.0889526542 75.0 20 0 2 3 11 12 17 20 24 24 28 29 29 33 42 44 44 47 48 49 49 0 128 158 158 177 222 392 450 473 559 658 662 681 685 800 803 846 859 980 985
75.0358680057 77.9527559055 20 0 7 9 13 14 21 25 26 28 28 30 32 32 33 36 38 38 44 46 49 0 114 179 235 334 370 376 413 500 553 569 570 575 594 700 761 821 846 935 963
43.0416068867 54.7244094488 20 0 2 5 11 14 18 18 24 27 32 32 39 40 42 45 45 45 46 46 48 0 0 114 118 242 327 336 408 506 587 669 673 687 779 798 898 906 906 942 962
44.9067431851 46.2598425197 20 0 3 7 9 10 14 17 18 19 20 24 26 30 30 31 32 39 41 44 44 0 102 124 148 212 258 262 340 362 383 557 558 582 670 721 817 818 828 836 870
67.5753228121 46.062992126 20 0 0 0 2 8 12 13 17 17 21 24 24 24 31 32 34 34 42 47 47 0 208 227 257 260 266 389 400 530 555 555 707 729 768 780 803 819 855 952 959
79.0530846485 86.4173228346 20 0 0 0 0 4 10 11 11 19 19 25 27 31 31 33 38 41 41 46 48 0 190 223 240 298 331 363 374 473 495 496 562 645 655 718 730 731 761 789 972
46.0545193687 76.7716535433 20 0 1 5 6 8 13 14 14 17 19 20 21 23 28 38 40 43 46 46 47 0 0 127 143 198 289 311 376 380 387 393 452 604 636 637 661 742 820 896 918
64.418938307 74.4094488189 20 0 0 7 7 8 9 11 20 21 21 25 29 33 34 35 38 39 40 48 48 0 205 337 357 398 418 428 514 539 582 591 650 660 783 837 845 919 921 929 987
63.1276901004 75.5905511811 20 0 6 15 17 20 21 24 27 29 31 32 32 32 34 36 38 38 38 39 42 0 0 265 294 338 338 344 353 510 534 575 691 741 822 832 877 892 903 913 933
58.106169297 73.8188976378 20 0 2 2 9 9 10 11 15 16 18 20 24 25 27 27 29 30 31 33 49 0 117 120 149 157 242 268 481 699 702 757 760 812 825 877 881 911 925 948 956
77.6183644189 55.1181102362 20 0 0 4 7 9 17 18 19 24 31 33 33 34 36 37 37 39 39 42 46 0 115 183 231 257 262 373 397 435 484 489 515 579 590 669 675 680 874 911 946
64.56241033 47.6377952756 20 0 1 7 8 8 11 11 15 17 21 23 26 29 29 30 30 35 38 43 46 0 105 138 146 152 208 214 257 352 425 519 531 573 586 602 738 768 808 823 956
57.962697274 43.5039370079 20 0 1 3 3 4 8 17 19 21 23 25 27 29 30 35 36 41 43 43 48 0 152 155 182 196 220 316 322 336 402 457 461 472 521 525 584 641 754 799 946
74.7489239598 89.5669291339 20 0 0 5 11 11 12 12 17 18 20 25 26 27 32 32 34 36 37 39 41 0 183 237 246 495 513 567 579 581 628 644 703 783 828 890 912 940 941 946 986
75.6097560976 76.968503937 20 0 1 7 8 11 12 14 18 23 23 23 24 27 28 29 32 34 36 41 48 0 247 272 386 407 424 482 499 519 520 569 613 616 673 680 709 725 849 956 994
54.2324246772 32.874015748 20 0 0 1 2 4 4 8 8 9 12 13 19 28 34 38 40 42 42 43 44 0 108 165 167 202 220 229 232 271 281 289 401 520 590 605 610 767 852 905 967
76.1836441894 97.4409448819 20 0 0 3 4 7 9 12 15 15 16 24 25 28 28 29 31 35 41 43 45 0 123 198 227 317 331 353 564 570 613 660 664 706 710 734 821 930 940 944 957
56.5279770445 50.5905511811 20 0 0 0 4 4 5 7 10 22 22 27 29 34 37 37 37 38 38 42 43 0 0 154 211 261 324 377 386 467 517 518 572 579 663 711 798 843 865 971 973
65.8536585366 70.8661417323 20 0 2 3 10 13 13 18 19 22 24 26 30 32 34 39 42 43 46 46 49 0 109 132 192 212 215 241 313 500 526 561 638 705 707 722 799 846 855 883 976
47.3457675753 35.8267716535 20 0 0 1 2 3 7 11 12 15 15 16 18 28 31 34 36 37 38 44 48 0 0 185 188 249 271 282 342 494 520 523 561 633 646 652 759 808 808 902 977
56.9583931133 13.5826771654 20 0 3 4 4 5 5 14 17 22 25 28 30 30 33 40 45 46 47 47 49 0 111 171 213 243 292 335 398 408 450 451 456 563 631 677 679 736 902 932 968
35.7245337159 24.0157480315 20 0 0 0 2 5 11 12 15 21 29 32 33 36 39 40 41 41 45 48 49 0 171 180 183 207 241 308 312 312 325 337 343 376 401 599 669 840 854 893 985
63.2711621234 30.905511811 20 0 5 5 9 10 13 14 19 21 22 29 33 34 37 38 39 40 41 46 49 0 0 159 167 182 203 369 486 495 608 648 706 778 822 863 880 905 908 967 997
54.949784792 77.7559055118 20 0 3 4 4 5 5 5 9 17 19 20 20 33 36 38 39 44 47 49 49 0 135 169 176 189 256 263 330 378 444 488 512 750 754 811 839 859 869 872 900
75.3228120516 70.4724409449 20 0 3 4 4 6 8 9 9 10 11 11 14 17 23 24 27 30 37 38 49 0 0 173 177 196 202 204 290 314 331 368 419 439 444 494 514 549 628 743 875
48.350071736 7.87401574803 20 0 0 1 7 8 8 10 16 20 22 26 27 28 33 35 39 42 43 45 48 0 100 146 187 228 275 350 386 386 436 615 615 689 712 816 884 886 899 900 923
55.3802008608 77.1653543307 20 0 2 4 4 7 20 22 23 25 25 28 30 30 30 31 32 37 39 42 49 0 193 198 205 260 286 351 356 360 371 407 446 451 489 544 584 678 742 815 960
47.6327116212 62.9921259843 20 0 0 3 9 10 14 16 21 24 25 26 28 32 36 36 36 36 36 43 45 0 0 168 172 180 270 429 451 462 472 478 486 615 643 692 742 762 852 872 945
80.0573888092 47.8346456693 20 0 0 2 4 5 9 22 26 26 27 28 31 33 39 42 43 43 44 45 45 0 113 130 171 184 223 247 301 301 335 344 398 481 644 844 878 879 884 940 979
75.4662840746 7.08661417323 20 0 2 7 9 10 14 16 17 18 20 20 22 22 33 36 37 38 40 42 48 0 136 174 297 414 466 478 501 542 554 578 586 588 591 617 674 867 939 960 991
71.7360114778 44.2913385827 20 0 0 1 6 7 14 15 20 21 29 31 31 32 33 36 36 41 42 47 49 0 174 279 336 338 358 365 445 497 596 614 697 717 729 844 882 903 916 937 980
43.6154949785 38.5826771654 20 0 5 5 8 9 15 16 16 17 21 23 26 26 32 38 38 41 42 42 48 0 0 105 176 188 195 245 267 286 306 419 579 646 659 691 708 846 864 872 929
51.649928264 6.10236220472 20 0 1 1 2 6 13 15 15 21 30 31 32 33 33 36 38 38 41 46 47 0 103 116 147 209 242 246 337 356 446 522 548 587 593 673 702 750 781 880 988
61.262553802 61.4173228346 20 0 4 6 10 22 26 27 27 27 33 34 35 36 40 42 43 47 47 48 48 0 163 218 287 299 317 436 506 652 668 753 784 797 813 828 832 875 880 968 989
71.4490674319 27.7559055118 20 0 2 4 7 15 16 16 18 19 19 19 21 25 34 35 37 40 42 43 47 0 0 108 268 280 285 575 600 639 691 754 808 820 845 857 883 923 936 945 998
74.0315638451 83.0708661417 20 0 1 2 4 6 7 7 8 8 14 14 23 28 30 31 35 40 45 45 46 0 0 107 138 148 178 218 412 415 416 418 426 644 675 685 784 791 827 925 947
78.6226685796 83.6614173228 20 0 1 3 3 10 11 15 17 17 22 28 28 31 35 36 40 41 41 47 49 0 177 185 249 265 396 497 498 533 543 570 624 659 710 729 753 829 857 958 966
35.2941176471 58.8582677165 20 0 5 7 7 15 18 19 19 19 22 22 24 25 25 27 37 39 39 40 45 0 163 391 418 418 453 470 533 541 613 675 678 687 703 822 875 877 895 918 979
57.962697274 52.9527559055 20 0 0 1 1 8 10 15 19 20 22 24 25 29 33 33 35 39 47 48 49 0 103 148 168 256 273 327 329 354 359 398 409 425 582 657 697 743 817 824 917
60.5451936872 46.8503937008 20 0 0 3 6 14 15 15 19 21 24 25 25 30 31 41 43 44 45 46 47 0 0 117 219 250 306 370 455 472 499 640 729 748 761 761 788 804 827 840 958
78.4791965567 46.6535433071 20 0 4 9 15 15 15 18 20 21 21 25 29 30 34 41 43 44 44 45 46 0 155 238 240 266 273 307 362 441 441 539 543 587 607 783 793 812 876 926 993
57.6757532281 78.5433070866 20 0 1 2 3 4 4 5 12 15 21 23 23 29 35 35 38 41 42 45 47 0 151 160 256 288 361 387 411 415 494 502 550 564 595 699 721 754 757 772 873
61.262553802 34.6456692913 20 0 6 6 9 11 12 13 14 21 21 22 22 26 30 31 37 43 44 44 48 0 113 152 195 261 299 343 347 420 442 453 507 574 692 718 756 766 854 863 924
86.8005738881 35.8267716535 20 0 4 5 7 9 9 14 15 18 25 32 35 39 41 41 43 45 45 48 49 0 0 139 169 176 199 331 341 395 431 445 467 572 604 807 826 837 882 906 997
42.037302726 51.5748031496 20 0 1 1 1 2 3 6 7 10 16 17 21 24 26 28 30 35 38 40 41 0 0 150 193 345 357 458 507 513 519 519 622 665 676 773 791 801 804 815 831
59.2539454806 56.2992125984 20 0 3 5 7 10 16 19 21 22 25 26 30 33 35 37 37 41 44 47 48 0 267 297 350 392 414 477 497 528 558 571 631 638 685 708 891 939 950 963 995
75.3228120516 51.5748031496 20 0 0 5 6 7 8 8 12 13 14 27 28 33 41 42 43 45 46 46 49 0 145 148 159 200 233 243 278 307 319 325 329 334 389 468 564 594 724 837 909
53.2281205165 36.2204724409 20 0 8 11 14 18 20 20 20 23 25 32 36 37 37 37 39 42 46 48 49 0 0 129 136 210 276 284 367 387 490 513 523 549 640 765 912 919 922 943 983
64.7058823529 57.874015748 20 0 1 1 3 8 9 12 13 14 17 19 26 29 30 34 37 40 45 48 49 0 152 184 195 209 351 354 387 407 428 615 663 731 783 839 844 850 911 914 979
44.7632711621 44.094488189 20 0 0 3 6 16 18 18 19 20 23 23 23 24 27 27 29 32 33 41 44 0 0 212 238 260 292 322 325 425 454 539 598 624 739 872 876 949 976 992 997
48.493543759 53.5433070866 20 0 1 15 17 19 19 20 21 21 29 32 32 32 33 33 37 37 43 49 49 0 101 122 197 282 363 564 568 581 602 641 720 750 776 861 924 934 944 961 962
57.8192252511 71.062992126 20 0 0 0 0 9 13 13 19 19 23 28 29 37 38 38 39 40 41 48 48 0 118 170 197 222 249 253 360 408 462 547 573 700 742 790 813 861 918 934 985
54.5193687231 40.7480314961 20 0 0 2 2 6 9 11 18 28 34 35 39 39 40 43 46 47 47 47 48 0 101 111 146 189 305 358 381 435 523 544 578 589 691 694 712 738 844 863 898
70.87517934 73.031496063 20 0 1 5 7 7 10 20 20 20 21 22 23 24 24 27 30 40 44 45 45 0 109 134 205 434 514 531 592 662 681 690 707 814 829 838 872 885 897 901 924
64.9928263989 51.7716535433 20 0 4 9 14 16 27 27 28 28 28 38 41 41 42 42 44 44 45 47 49 0 199 259 266 292 302 355 404 404 522 590 655 675 702 710 743 769 782 793 862
71.018651363 45.0787401575 20 0 3 5 8 10 10 12 14 16 17 17 17 19 26 28 30 39 39 42 49 0 102 110 239 244 319 337 403 433 462 551 654 700 758 796 821 834 894 899 987
54.3758967001 61.2204724409 20 0 3 3 15 17 17 22 24 26 30 30 30 31 31 32 34 34 34 40 43 0 151 193 224 238 245 283 423 495 549 552 556 586 744 758 764 789 792 984 995
42.4677187948 19.094488189 20 0 0 2 7 9 9 11 12 14 15 20 25 29 33 37 40 41 44 44 47 0 136 149 203 297 354 372 394 424 442 464 471 529 596 723 735 754 832 917 939
36.1549497848 63.3858267717 20 0 3 6 7 10 13 19 20 23 29 31 32 33 37 37 38 41 44 48 49 0 100 135 156 215 250 293 394 431 448 506 626 634 685 686 737 738 953 962 982
50.7890961263 84.2519685039 20 0 1 2 4 5 7 7 8 9 16 18 19 20 26 27 28 35 37 39 44 0 107 109 176 178 254 327 436 488 509 554 586 617 622 644 748 803 850 880 931
57.5322812052 65.5511811024 20 0 4 5 6 9 11 12 13 14 15 18 22 24 27 33 36 36 38 42 45 0 107 136 138 146 215 219 392 394 532 682 703 737 749 795 812 835 879 886 913
42.4677187948 35.8267716535 20 0 5 5 6 7 8 13 13 25 29 29 30 31 31 35 36 46 46 46 47 0 0 233 244 262 315 317 334 436 447 510 660 666 674 679 757 819 841 892 954
41.1764705882 47.2440944882 20 0 2 6 7 9 9 16 19 20 23 25 28 28 29 31 34 34 35 40 41 0 160 209 318 339 344 443 465 514 516 566 605 769 783 806 890 979 979 986 990
48.0631276901 64.5669291339 20 0 0 1 2 9 10 15 15 17 18 21 26 27 27 29 30 33 43 44 45 0 218 223 225 252 275 380 497 534 579 631 646 649 652 711 763 772 788 948 967
55.8106169297 46.8503937008 20 0 0 1 2 3 4 11 11 15 16 19 21 23 24 25 33 33 38 46 47 0 123 128 235 255 331 391 423 578 666 697 698 745 815 830 899 904 913 947 970
39.7417503587 67.7165354331 20 0 0 6 7 11 13 14 14 19 21 21 22 30 35 37 38 41 42 45 49 0 116 202 232 247 448 452 520 524 544 544 582 597 712 743 754 814 841 917 948
77.474892396 62.0078740157 20 0 1 4 5 6 10 13 16 19 24 28 36 37 38 38 40 42 44 45 46 0 0 102 103 197 203 240 247 335 359 388 426 465 522 535 599 632 856 898 956
58.8235294118 34.842519685 20 0 0 4 5 10 11 12 16 18 21 25 28 37 39 42 44 47 49 49 49 0 194 202 214 353 447 457 530 599 604 648 704 712 715 724 762 824 858 985 988
44.7632711621 71.8503937008 20 0 1 4 4 6 9 10 11 12 17 23 25 35 41 42 42 43 43 43 45 0 0 151 358 365 365 416 441 477 554 632 642 648 655 681 683 726 729 804 991
50.5021520803 93.3070866142 20 0 0 3 3 12 12 14 15 17 27 30 30 30 32 33 35 39 40 40 47 0 175 198 279 319 336 372 373 409 438 504 517 564 647 660 665 683 727 795 811
54.6628407461 56.4960629921 20 0 13 16 18 19 20 21 22 25 25 29 36 42 43 44 45 46 47 48 49 0 218 278 282 404 434 475 481 484 484 511 532 587 610 673 691 707 726 740 891
50.7890961263 64.1732283465 20 0 0 6 13 13 16 20 20 21 22 23 28 31 31 32 33 34 35 38 40 0 160 199 275 387 413 426 461 595 607 645 664 749 782 821 845 846 847 870 958
51.0760401722 40.157480315 20 0 4 5 9 11 12 17 17 20 22 28 32 35 36 36 38 41 42 44 48 0 0 140 210 231 258 264 319 336 365 397 456 491 514 515 607 755 789 885 886
60.4017216643 50.5905511811 20 0 1 2 3 6 8 11 13 18 18 22 22 23 30 33 38 40 47 48 49 0 0 168 170 178 262 284 300 444 581 604 614 653 772 869 876 877 880 883 956
44.1893830703 48.8188976378 20 0 4 7 10 13 14 14 15 19 19 22 25 30 37 38 39 39 42 42 45 0 110 145 200 240 243 263 295 391 575 603 638 642 646 699 837 843 930 967 995
62.6972740316 52.5590551181 20 0 9 9 10 16 19 20 21 22 24 27 29 31 32 34 34 40 43 46 48 0 0 126 133 254 317 351 450 595 595 680 745 849 875 919 921 943 950 954 993
72.0229555237 27.3622047244 20 0 1 3 5 9 9 13 14 16 22 24 27 27 29 32 33 35 38 40 44 0 188 193 269 298 298 332 351 382 526 537 548 655 669 697 697 837 882 977 989
55.9540889527 86.0236220472 20 0 2 3 6 6 8 8 9 16 16 17 18 21 30 33 34 36 36 41 48 0 118 141 194 225 358 362 376 408 511 513 541 576 589 596 719 763 899 959 988
71.4490674319 31.2992125984 20 0 0 11 11 11 14 17 18 21 26 27 27 28 30 30 36 38 41 41 44 0 0 100 148 186 244 314 494 496 628 680 687 704 727 752 799 806 907 909 957
60.5451936872 67.125984252 20 0 2 2 2 6 11 14 16 18 19 20 22 22 28 30 30 39 43 47 49 0 144 188 192 215 302 386 446 505 593 598 608 696 697 760 867 896 899 933 964
81.4921090387 24.0157480315 20 0 1 2 11 15 15 21 21 22 24 25 29 29 30 33 35 36 43 48 49 0 196 253 367 393 415 485 528 612 613 619 721 754 755 756 804 879 916 935 940
51.506456241 75.0 20 0 1 8 10 13 14 16 16 23 23 25 26 28 33 33 39 40 43 44 46 0 0 135 166 204 281 283 319 326 345 436 478 700 756 758 770 797 813 901 969
25.5380200861 55.905511811 20 0 2 3 4 10 12 13 14 15 23 24 27 29 30 36 37 39 41 45 49 0 144 147 200 230 244 295 352 377 457 519 599 607 649 682 714 727 731 762 781
52.6542324247 73.2283464567 20 0 2 2 3 15 18 18 21 21 25 28 30 31 31 34 34 39 44 46 49 0 152 158 240 242 257 361 373 400 403 577 589 627 630 663 700 785 823 973 980
0.0 29.5275590551 20 0 0 3 7 10 11 16 19 20 20 24 26 30 30 32 35 36 41 47 47 0 112 202 282 312 397 406 432 462 485 505 559 596 644 648 723 734 741 850 908
74.0315638451 94.8818897638 20 0 2 4 8 9 9 13 15 17 18 24 28 29 32 35 36 36 39 41 47 0 156 196 377 404 424 466 491 512 625 637 717 720 748 788 852 874 910 921 994
59.3974175036 51.968503937 20 0 6 8 9 16 17 18 19 20 21 25 28 34 35 37 41 42 44 45 46 0 102 222 251 319 327 434 459 521 609 630 741 743 750 772 806 812 830 915 954
63.4146341463 50.3937007874 20 0 2 2 6 7 11 12 13 15 25 28 28 32 34 35 36 36 38 43 47 0 100 104 268 311 328 407 427 455 455 621 651 662 669 721 817 842 865 878 910
47.0588235294 71.062992126 20 0 0 3 4 5 8 25 26 27 29 33 39 40 42 42 42 43 43 46 48 0 108 125 129 194 205 361 438 456 466 508 607 631 662 778 792 830 877 921 937
55.9540889527 33.8582677165 20 0 2 10 11 11 11 13 15 16 16 20 28 28 29 31 38 41 43 44 47 0 179 185 216 451 466 551 565 609 643 674 704 724 732 747 753 832 864 915 973
66.8579626973 21.062992126 20 0 0 0 5 7 7 12 16 19 20 21 22 28 32 33 34 34 35 36 36 0 119 131 144 296 325 447 450 503 521 591 602 657 683 791 838 840 929 966 977
66.2840746055 47.8346456693 20 0 8 10 15 20 21 25 25 26 27 33 36 36 36 37 44 44 45 47 48 0 161 171 212 221 246 268 383 482 510 537 638 654 695 717 803 822 920 923 964
65.2797704448 54.3307086614 20 0 0 3 3 6 8 12 12 17 18 29 29 30 34 38 43 45 46 47 47 0 129 167 199 213 294 318 399 453 455 514 535 545 568 582 611 667 698 794 836
38.4505021521 16.7322834646 20 0 2 4 6 7 9 17 20 26 27 31 33 38 41 44 46 46 47 47 49 0 0 195 341 421 424 494 513 562 635 664 675 696 699 828 897 926 939 946 949
100.0 49.4094488189 20 0 4 5 7 11 12 13 20 21 22 23 23 25 27 32 36 36 38 48 48 0 0 162 289 311 350 497 532 609 631 789 818 831 838 876 909 910 971 975 986
57.1018651363 49.0157480315 20 0 5 11 14 14 16 16 17 19 20 24 33 40 44 44 45 46 46 47 48 0 122 207 222 361 437 498 644 650 656 656 659 699 805 905 937 955 961 979 999
65.7101865136 36.811023622 20 0 0 1 4 9 19 20 22 22 26 31 37 37 39 39 40 44 44 45 46 0 0 143 187 205 254 287 325 420 431 434 575 617 640 652 688 690 830 854 922
79.1965566714 69.4881889764 20 0 0 1 3 3 3 3 6 10 12 12 16 26 27 27 30 34 39 46 49 0 208 296 344 359 389 474 561 562 629 679 692 736 754 782 860 861 871 876 880
51.3629842181 44.094488189 20 0 6 7 17 17 18 19 19 23 24 25 30 30 32 33 34 34 35 36 46 0 0 240 251 252 283 427 534 539 563 636 655 662 704 731 745 784 817 973 999
53.9454806313 62.7952755906 20 0 0 1 6 7 7 7 12 13 17 22 24 24 26 27 29 43 45 47 48 0 145 152 188 274 278 283 289 307 309 311 315 360 678 752 754 861 924 930 931
84.7919655667 29.7244094488 20 0 9 9 11 16 16 18 19 20 26 29 32 33 34 35 37 39 42 46 48 0 136 146 148 201 380 390 431 470 474 502 523 582 595 660 758 832 865 939 993
52.5107604017 50.9842519685 20 0 1 5 6 6 7 9 10 11 16 16 17 26 32 33 36 36 39 41 46 0 227 260 292 330 351 353 377 381 417 456 526 528 553 562 577 672 725 822 841
59.9713055954 57.874015748 20 0 1 2 10 10 13 19 20 20 25 26 27 29 36 36 42 42 45 45 49 0 0 121 218 237 289 354 472 516 579 579 600 645 702 737 830 858 865 951 954
60.4017216643 53.3464566929 20 0 1 4 5 8 10 12 14 19 25 25 26 27 31 31 32 32 32 34 36 0 148 216 217 217 237 285 382 444 498 563 567 590 610 631 719 726 745 879 915
38.737446198 43.5039370079 20 0 1 3 4 9 11 12 19 19 20 23 24 25 29 30 31 36 39 43 48 0 0 145 156 167 320 333 342 344 517 642 654 655 674 711 762 835 881 908 954
62.9842180775 24.4094488189 20 0 3 4 9 10 11 15 15 19 24 25 31 31 31 33 36 36 37 38 42 0 0 176 186 215 283 416 469 492 505 540 585 604 655 660 732 772 814 858 883
74.318507891 51.3779527559 20 0 5 7 8 11 15 15 17 23 25 28 32 33 39 42 43 45 45 46 46 0 187 291 321 341 351 394 438 518 569 579 601 653 660 674 728 807 817 897 936
79.6269727403 45.0787401575 20 0 0 0 6 11 13 13 14 14 16 16 19 19 19 21 24 29 36 40 41 0 192 200 271 275 304 350 369 396 426 485 503 512 612 632 650 654 796 961 975
83.931133429 40.5511811024 20 0 0 7 9 10 11 15 23 25 25 34 34 38 39 41 43 43 45 47 48 0 102 121 236 257 305 306 324 327 353 359 692 819 843 851 863 874 899 929 981
68.0057388809 23.6220472441 20 0 2 8 10 13 14 17 21 22 28 30 31 33 34 34 37 37 41 42 47 0 0 110 121 136 152 184 222 280 292 324 502 541 558 783 788 837 849 972 974
66.8579626973 51.7716535433 20 0 5 5 6 7 9 11 15 18 18 21 23 29 30 30 33 36 40 40 47 0 163 194 266 343 446 455 501 542 559 585 690 691 716 752 815 840 851 878 970
61.262553802 35.6299212598 20 0 0 14 18 26 26 26 26 29 31 32 36 37 38 38 42 43 44 48 49 0 117 151 155 241 248 284 302 305 340 391 421 436 471 495 534 586 591 655 742
69.8708751793 35.2362204724 20 0 0 3 4 4 5 7 9 11 13 15 17 17 35 39 41 44 45 48 49 0 119 130 234 277 341 408 441 455 475 504 617 682 691 716 724 759 776 805 824
29.2682926829 31.8897637795 20 0 0 1 3 5 5 8 11 11 20 23 24 28 34 38 38 40 43 44 49 0 106 127 134 189 285 323 351 375 463 474 556 620 633 671 683 905 950 982 987
69.2969870875 86.4173228346 20 0 2 3 5 7 7 10 13 14 15 16 17 19 20 25 26 28 36 41 48 0 165 179 201 346 378 404 422 529 545 597 640 656 673 680 704 724 734 770 855
59.6843615495 51.1811023622 20 0 2 5 5 8 10 13 15 16 18 18 20 25 32 35 38 40 42 46 48 0 0 108 119 302 358 359 421 449 533 597 638 645 733 780 814 887 897 934 973
47.2022955524 40.7480314961 20 0 7 7 11 17 18 19 25 33 34 35 36 37 39 40 40 41 43 45 46 0 142 152 219 247 297 301 401 426 433 448 572 624 660 687 798 813 910 963 988
69.2969870875 66.5354330709 20 0 0 4 4 5 9 10 14 14 14 15 19 19 21 31 34 37 37 45 46 0 111 124 140 194 251 267 410 466 498 565 582 588 643 671 771 801 869 906 945
55.9540889527 37.5984251969 20 0 1 7 7 15 16 16 20 21 23 25 29 31 32 33 33 38 38 42 49 0 198 227 254 305 313 336 384 402 627 638 654 660 782 808 822 824 826 836 973
76.3271162123 63.9763779528 20 0 0 2 2 7 13 16 17 18 20 23 25 26 30 32 32 34 42 47 48 0 125 125 168 175 194 310 423 437 460 502 548 645 670 686 759 785 855 855 946
44.7632711621 44.2913385827 20 0 2 3 5 8 9 9 10 11 24 25 29 34 38 39 41 42 46 48 48 0 139 199 219 286 305 333 346 397 399 497 593 678 727 776 818 826 839 886 979
56.0975609756 41.1417322835 20 0 1 2 7 16 17 18 18 24 29 30 30 33 34 36 38 39 44 46 47 0 108 108 130 133 251 295 319 408 446 496 523 678 779 827 890 905 929 997 998
77.474892396 52.5590551181 20 0 4 5 6 7 7 7 11 12 16 19 28 30 31 32 42 46 46 48 48 0 107 125 132 209 246 340 349 359 375 377 397 484 538 557 679 698 715 719 858
64.1319942611 31.2992125984 20 0 1 1 2 7 11 12 13 13 19 22 29 32 39 41 44 44 46 47 48 0 0 116 139 163 234 273 307 321 348 383 450 456 485 535 538 691 797 882 884
51.649928264 37.7952755906 20 0 2 5 7 10 12 15 25 25 27 27 31 31 33 33 42 42 43 49 49 0 0 110 137 231 239 338 538 577 625 641 645 674 682 687 701 714 823 975 994
45.7675753228 51.5748031496 20 0 3 11 11 13 15 16 19 21 21 24 26 36 37 38 38 40 40 41 48 0 167 188 231 252 329 365 383 401 490 529 609 666 761 763 792 841 928 930 957
74.0315638451 50.5905511811 20 0 0 0 0 5 11 12 24 26 35 36 36 38 39 39 39 40 45 47 48 0 157 227 257 286 289 309 324 352 379 549 597 611 612 650 704 779 903 965 986
49.3543758967 64.9606299213 20 0 6 9 14 16 17 18 21 26 31 34 37 39 40 41 45 46 47 49 49 0 145 167 185 201 337 340 363 388 430 436 466 519 554 554 568 585 599 644 726
62.8407460545 57.4803149606 20 0 2 3 8 11 13 14 18 22 23 26 30 33 35 36 41 41 42 47 48 0 216 223 230 280 281 293 306 371 426 525 533 548 703 760 845 919 926 985 991
39.5982783357 43.7007874016 20 0 0 0 1 5 7 8 15 16 16 19 21 23 25 26 31 36 37 39 43 0 195 265 342 369 494 495 510 549 577 585 674 768 812 873 882 888 894 922 964
55.2367288379 25.5905511811 20 0 1 3 4 10 16 17 19 21 22 23 24 25 26 26 29 29 33 33 39 0 224 232 238 265 276 337 354 377 396 544 626 643 663 671 674 685 732 823 978
34.5767575323 31.2992125984 20 0 0 1 5 8 11 12 15 18 20 24 27 27 31 31 40 41 41 43 44 0 155 177 217 294 353 381 446 489 599 709 721 745 749 808 830 875 906 924 933
40.0286944046 59.4488188976 20 0 2 3 6 9 13 15 20 21 21 24 33 35 36 36 37 37 37 41 47 0 201 234 255 258 303 322 394 423 511 512 530 557 629 823 841 879 944 957 989
62.2668579627 54.3307086614 20 0 0 2 4 10 10 11 13 15 16 18 20 27 32 36 36 37 38 43 48 0 159 255 273 281 368 408 438 559 565 643 672 672 677 785 834 847 880 913 948
79.0530846485 45.0787401575 20 0 1 1 2 5 7 7 14 17 17 24 29 29 30 31 32 35 35 39 43 0 155 161 230 310 462 463 485 499 566 610 651 707 838 849 929 974 978 979 982
66.5710186514 28.3464566929 20 0 5 6 7 9 12 13 14 19 20 20 21 22 25 34 38 39 40 42 49 0 156 173 231 236 247 384 421 439 453 470 540 604 669 734 798 813 931 931 966
359
62.9324546952 67.7419354839 5
62.6029654036 42.1252371917 8
61.2850082372 46.4895635674 4
78.4184514003 53.1309297913 9
30.4777594728 45.7305502846 3
31.3014827018 49.1461100569 5
68.039538715 2.08728652751 6
54.2009884679 74.0037950664 3
13.1795716639 23.339658444 6
40.3624382208 55.5977229602 6
50.2471169687 30.55028463 3
58.3196046129 40.2277039848 6
45.9637561779 60.1518026565 6
54.8599670511 58.2542694497 8
55.5189456343 41.935483871 5
37.5617792422 18.9753320683 2
44.6457990115 42.8842504744 5
50.7413509061 11.5749525617 2
39.5387149918 80.4554079696 6
60.7907742998 55.2182163188 3
34.7611202636 44.0227703985 6
59.3080724876 50.284629981 4
55.5189456343 70.9677419355 6
100.0 36.8121442125 7
15.4859967051 57.8747628083 7
33.7726523888 35.4838709677 6
47.6112026359 41.5559772296 3
50.9060955519 64.8956356736 1
35.4200988468 11.5749525617 8
34.7611202636 72.4857685009 7
58.1548599671 54.4592030361 7
26.0296540362 46.8690702087 7
36.4085667216 40.7969639469 2
61.2850082372 63.5673624288 6
10.3789126853 52.5616698292 2
44.8105436573 60.3415559772 9
62.1087314662 84.8197343454 9
54.8599670511 64.1366223909 9
41.3509060956 67.9316888046 7
76.2767710049 59.0132827324 3
28.1713344316 42.8842504744 4
38.2207578254 41.7457305503 3
38.2207578254 80.0759013283 8
37.8912685338 45.7305502846 7
48.4349258649 64.5161290323 9
35.0906095552 15.7495256167 1
46.4579901153 32.4478178368 3
53.5420098847 34.9146110057 5
34.2668863262 60.9108159393 8
0.0 8.72865275142 7
48.5996705107 64.7058823529 2
36.4085667216 58.8235294118 3
34.431630972 51.9924098672 7
70.8401976936 28.4629981025 1
59.6375617792 21.4421252372 6
72.15815486 18.5958254269 1
44.8105436573 76.0910815939 3
57.1663920923 33.2068311195 7
43.9868204283 62.9981024668 5
33.607907743 57.8747628083 2
52.7182866557 43.8330170778 4
13.6738056013 23.9089184061 7
63.92092257 83.8709677419 1
38.0560131796 41.3662239089 3
49.0939044481 100.0 6
38.8797364086 48.5768500949 3
40.3624382208 53.5104364326 8
53.8714991763 56.3567362429 8
73.4761120264 54.6489563567 8
52.3887973641 28.6527514231 8
56.6721581549 38.330170778 7
63.4266886326 84.8197343454 5
53.3772652389 30.9297912713 5
41.8451400329 15.3700189753 7
52.2240527183 47.4383301708 6
24.5469522241 31.8785578748 4
7.57825370675 70.5882352941 9
77.7594728171 47.0588235294 5
32.784184514 40.4174573055 7
81.2191103789 38.89943074 9
58.3196046129 23.339658444 5
95.881383855 60.1518026565 4
63.5914332784 57.495256167 4
30.313014827 38.7096774194 3
24.7116968699 47.4383301708 2
66.392092257 83.3017077799 9
59.9670510708 45.5407969639 1
18.9456342669 23.1499051233 2
47.1169686985 31.6888045541 5
56.1779242175 46.2998102467 4
21.7462932455 68.880455408 6
15.1565074135 0.0 8
72.15815486 47.2485768501 4
43.9868204283 47.2485768501 1
21.4168039539 56.9259962049 8
62.1087314662 44.0227703985 8
57.6606260297 28.6527514231 8
52.8830313015 39.2789373814 4
56.3426688633 15.9392789374 2
50.0823723229 37.7609108159 1
13.5090609555 54.0796963947 4
49.7528830313 31.8785578748 3
54.6952224053 15.3700189753 7
44.4810543657 41.5559772296 2
58.8138385502 60.3415559772 5
42.9983525535 42.1252371917 4
19.9341021417 15.3700189753 8
41.5156507414 53.1309297913 7
64.744645799 0.379506641366 2
27.5123558484 9.48766603416 3
56.6721581549 37.0018975332 6
72.3228995058 7.59013282732 8
80.5601317957 53.1309297913 2
16.6392092257 34.9146110057 6
41.021416804 58.8235294118 4
28.0065897858 10.2466793169 3
78.7479406919 36.4326375712 9
37.0675453048 76.2808349146 9
33.4431630972 86.1480075901 9
38.8797364086 56.3567362429 5
57.6606260297 12.7134724858 3
56.8369028007 76.0910815939 1
45.3047775947 46.8690702087 4
45.9637561779 9.29791271347 4
41.6803953871 15.3700189753 3
29.6540362438 68.5009487666 8
41.6803953871 34.724857685 6
51.7298187809 65.844402277 8
57.9901153213 75.3320683112 8
43.4925864909 38.5199240987 6
36.07907743 63.5673624288 2
67.0510708402 16.6982922201 9
49.9176276771 26.944971537 1
61.1202635914 61.2903225806 8
50.0823723229 56.3567362429 6
38.3855024712 22.3908918406 1
45.3047775947 60.7210626186 8
30.6425041186 70.7779886148 7
36.4085667216 39.2789373814 7
45.7990115321 50.4743833017 1
34.2668863262 33.0170777989 5
39.2092257002 41.5559772296 8
28.8303130148 42.504743833 1
42.6688632619 61.4800759013 9
27.84184514 74.5730550285 3
39.5387149918 49.1461100569 3
42.3393739703 85.009487666 8
14.0032948929 64.1366223909 5
46.2932454695 38.1404174573 1
49.9176276771 21.6318785579 5
70.3459637562 61.4800759013 7
42.3393739703 59.3927893738 7
30.9719934102 37.1916508539 6
21.2520593081 13.6622390892 7
38.3855024712 54.0796963947 2
41.3509060956 16.6982922201 1
46.7874794069 31.6888045541 1
54.3657331137 65.6546489564 7
41.3509060956 44.0227703985 1
54.6952224053 33.9658444023 3
65.2388797364 41.1764705882 2
47.2817133443 62.0493358634 6
26.6886326194 12.1442125237 8
35.255354201 38.5199240987 2
16.4744645799 29.0322580645 4
59.3080724876 55.0284629981 6
7.74299835255 37.5711574953 2
30.4777594728 74.1935483871 5
46.4579901153 35.1043643264 6
57.8253706755 36.6223908918 3
53.7067545305 25.6166982922 4
25.370675453 63.7571157495 6
28.1713344316 51.2333965844 7
30.4777594728 90.8918406072 6
67.215815486 50.8538899431 2
77.9242174629 75.7115749526 7
55.1894563427 35.2941176471 2
58.8138385502 62.6185958254 2
53.8714991763 27.1347248577 2
47.6112026359 64.7058823529 2
47.1169686985 58.2542694497 2
49.7528830313 55.7874762808 6
53.0477759473 8.72865275142 9
36.4085667216 32.4478178368 9
44.4810543657 70.7779886148 3
78.2537067545 52.5616698292 2
62.6029654036 50.0948766603 3
41.8451400329 60.9108159393 4
56.3426688633 40.4174573055 6
50.0823723229 29.7912713472 5
24.2174629325 46.8690702087 8
35.255354201 19.3548387097 1
58.1548599671 66.0341555977 4
54.8599670511 42.3149905123 7
34.1021416804 64.8956356736 5
40.6919275124 25.2371916509 4
53.5420098847 54.8387096774 6
82.2075782537 45.3510436433 3
47.9406919275 30.1707779886 8
50.9060955519 46.110056926 5
13.5090609555 32.4478178368 1
30.1482701812 58.4440227704 6
84.5140032949 49.715370019 5
15.8154859967 38.89943074 5
27.018121911 68.880455408 5
9.06095551895 48.1973434535 8
24.5469522241 41.5559772296 1
9.55518945634 59.3927893738 7
39.373970346 83.4914611006 7
64.5799011532 54.6489563567 3
47.9406919275 20.3036053131 7
42.8336079077 4.93358633776 5
31.4662273476 47.6280834915 8
56.0131795717 53.5104364326 8
56.0131795717 29.9810246679 7
51.0708401977 39.6584440228 9
52.7182866557 50.4743833017 6
71.6639209226 38.1404174573 8
84.0197693575 60.3415559772 7
54.2009884679 28.8425047438 5
45.4695222405 49.5256166983 7
28.9950576606 42.8842504744 9
49.5881383855 59.0132827324 3
65.4036243822 36.8121442125 2
45.3047775947 26.5654648956 4
7.57825370675 30.1707779886 3
50.9060955519 69.6394686907 4
54.2009884679 15.559772296 3
58.6490939044 46.2998102467 3
23.0642504119 38.7096774194 8
39.2092257002 47.2485768501 1
53.5420098847 44.4022770398 4
27.018121911 36.4326375712 8
33.607907743 38.89943074 3
19.9341021417 42.6944971537 4
77.5947281713 55.7874762808 9
54.2009884679 39.4686907021 7
58.3196046129 42.504743833 5
54.5304777595 48.5768500949 9
24.8764415157 61.2903225806 7
52.3887973641 21.2523719165 4
11.6968698517 46.8690702087 8
38.3855024712 32.0683111954 9
49.9176276771 46.8690702087 7
26.6886326194 63.9468690702 7
14.0032948929 53.5104364326 1
55.0247116969 39.6584440228 6
65.2388797364 43.0740037951 1
42.0098846787 39.8481973435 1
56.1779242175 55.9772296015 4
35.9143327842 29.6015180266 1
22.0757825371 61.4800759013 2
44.3163097199 35.4838709677 9
45.6342668863 29.4117647059 3
38.550247117 68.1214421252 7
51.7298187809 85.5787476281 3
55.0247116969 60.9108159393 3
24.3822075783 12.7134724858 6
39.5387149918 35.6736242884 6
41.3509060956 79.6963946869 2
53.0477759473 29.0322580645 1
29.8187808896 58.8235294118 3
45.7990115321 66.7931688805 6
54.2009884679 43.6432637571 4
33.607907743 49.3358633776 1
47.9406919275 22.9601518027 6
72.3228995058 30.7400379507 5
59.802306425 32.6375711575 4
27.3476112026 55.9772296015 7
53.0477759473 49.1461100569 7
23.8879736409 37.7609108159 1
34.9258649094 42.6944971537 7
64.0856672158 61.8595825427 3
56.0131795717 36.2428842505 8
78.4184514003 44.2125237192 3
39.373970346 35.1043643264 6
32.784184514 93.9278937381 4
41.3509060956 2.08728652751 3
34.2668863262 35.8633776091 8
26.3591433278 56.7362428843 3
48.4349258649 25.2371916509 2
42.5041186161 50.284629981 5
41.021416804 53.1309297913 8
16.6392092257 50.6641366224 9
60.7907742998 39.0891840607 9
41.6803953871 37.7609108159 4
57.0016474465 65.275142315 1
40.0329489292 61.4800759013 1
45.3047775947 40.9867172676 8
52.5535420099 21.2523719165 7
39.2092257002 75.7115749526 7
32.784184514 48.5768500949 2
69.3574958814 48.1973434535 8
20.7578253707 1.51802656546 5
71.0049423394 40.6072106262 3
31.3014827018 62.2390891841 4
58.4843492586 38.1404174573 3
62.1087314662 37.0018975332 5
12.8500823723 49.5256166983 4
28.9950576606 32.2580645161 4
11.5321252059 66.7931688805 8
65.7331136738 14.8007590133 6
69.1927512356 37.0018975332 9
51.2355848435 25.9962049336 8
48.4349258649 82.1631878558 8
49.9176276771 19.9240986717 5
49.4233937397 43.6432637571 2
58.3196046129 36.6223908918 8
42.1746293245 6.64136622391 5
54.6952224053 32.4478178368 8
38.8797364086 64.5161290323 1
49.7528830313 34.9146110057 8
28.1713344316 35.2941176471 1
34.7611202636 34.9146110057 6
32.9489291598 29.9810246679 5
56.0131795717 54.6489563567 8
15.8154859967 51.4231499051 1
53.8714991763 50.8538899431 7
43.4925864909 74.9525616698 7
30.8072487644 34.724857685 4
46.2932454695 78.7476280835 3
51.7298187809 21.4421252372 8
77.2652388797 82.9222011385 1
44.3163097199 38.7096774194 6
40.0329489292 45.5407969639 8
26.6886326194 54.4592030361 2
43.3278418451 78.9373814042 5
57.3311367381 59.0132827324 7
74.1350906096 38.5199240987 3
30.6425041186 40.9867172676 3
46.7874794069 40.4174573055 6
47.9406919275 46.4895635674 4
54.5304777595 65.6546489564 8
57.8253706755 38.89943074 4
30.1482701812 35.4838709677 8
19.6046128501 28.0834914611 4
77.4299835255 84.8197343454 3
41.1861614498 51.6129032258 3
43.3278418451 69.44971537 3
60.4612850082 78.3681214421 7
47.2817133443 43.0740037951 9
39.8682042834 38.89943074 3
46.4579901153 39.2789373814 6
9.55518945634 29.2220113852 9
29.3245469522 27.3244781784 1
76.7710049423 54.2694497154 7
53.8714991763 13.4724857685 2
41.6803953871 45.1612903226 8
38.3855024712 49.715370019 8
11.8616144975 49.5256166983 9
43.8220757825 87.4762808349 4
33.7726523888 28.8425047438 8
60.2965403624 59.3927893738 6
64.2504118616 49.1461100569 9
28.0065897858 19.5445920304 5
68.2042833608 58.064516129 3
46.9522240527 49.1461100569 8
71.8286655684 46.4895635674 4
52.3887973641 29.9810246679 7
