233
48.1865284974 33.7301587302 28 0 0 0 10 12 13 13 15 17 22 23 24 25 25 26 27 28 29 30 31 32 34 36 37 42 43 43 47 0 127 153 181 185 216 228 277 298 363 391 567 646 715 759 786 789 797 797 820 829 898 900 920 933 968 978 999
42.4870466321 57.7380952381 28 0 2 3 5 5 7 9 10 10 10 12 13 18 22 22 22 24 28 28 28 28 36 37 38 39 40 43 44 0 121 144 224 233 272 295 359 384 419 485 524 582 582 616 618 629 649 686 711 713 725 794 808 828 947 958 980
53.713298791 64.0873015873 28 0 0 1 4 7 7 9 10 11 13 13 14 15 16 16 17 20 21 23 27 29 32 36 42 43 44 46 48 0 126 139 216 224 235 278 295 314 332 335 340 354 411 427 438 467 545 584 637 640 709 729 782 838 847 944 973
41.9689119171 59.126984127 28 0 0 0 1 6 6 6 8 11 12 12 12 13 14 18 19 23 23 23 27 27 28 31 31 34 41 44 46 0 127 203 240 258 297 367 381 393 467 615 621 674 724 728 732 749 765 774 781 819 832 833 843 871 886 900 910
20.8981001727 48.0158730159 28 0 4 5 7 8 8 10 11 13 15 17 20 21 24 24 24 26 27 28 29 30 31 33 38 40 40 47 48 0 101 116 121 174 181 189 207 292 355 406 438 489 608 642 649 679 693 716 817 835 858 873 883 899 907 974 975
71.1571675302 48.0158730159 28 0 3 8 9 12 14 15 17 19 20 20 23 23 26 29 29 29 30 30 31 36 40 41 41 43 44 47 48 0 106 134 140 152 164 254 256 282 285 301 367 377 395 403 403 492 619 646 664 693 710 719 729 749 877 920 990
53.5405872193 57.5396825397 28 0 0 1 1 2 7 8 10 13 15 15 15 21 22 22 23 24 26 27 28 29 30 32 40 41 45 48 49 0 0 120 123 141 212 230 232 352 358 425 426 466 540 561 566 569 612 617 652 657 828 842 866 932 938 975 995
92.0552677029 27.1825396825 28 0 1 2 5 5 5 7 9 9 9 9 12 15 17 20 22 25 28 29 33 36 38 38 41 43 43 45 48 0 116 163 227 260 270 312 313 368 434 440 460 506 537 563 569 596 629 629 663 716 724 740 773 810 852 922 998
5.69948186528 30.1587301587 28 0 3 3 3 5 6 8 9 13 15 16 21 23 23 24 26 30 31 34 35 35 36 36 38 43 44 49 49 0 139 151 246 329 418 457 464 466 497 513 527 540 556 559 561 584 597 620 681 745 793 797 829 871 945 952 975
48.8773747841 29.7619047619 28 0 1 2 3 4 4 5 5 6 7 8 9 13 14 15 16 25 26 27 32 34 35 36 36 38 42 44 47 0 100 151 163 213 230 301 327 356 360 378 402 411 424 432 451 527 584 637 650 740 758 760 767 817 821 902 905
68.7392055268 75.3968253968 28 0 0 2 4 7 8 14 15 18 18 19 19 19 19 23 25 28 29 30 30 33 33 36 37 40 42 43 47 0 170 261 267 268 294 302 315 331 344 431 603 653 690 737 755 778 807 812 818 841 849 857 885 927 984 985 997
56.8221070812 47.8174603175 28 0 3 4 5 6 10 10 11 12 13 14 17 18 19 20 21 21 23 23 27 29 32 32 36 36 43 48 48 0 102 122 193 194 290 296 374 441 477 512 544 594 599 600 653 674 711 728 774 785 795 797 817 842 852 908 921
17.7892918826 39.6825396825 28 0 3 4 6 9 10 14 16 16 21 21 21 22 26 27 29 34 36 37 38 39 39 40 41 42 45 46 47 0 129 139 146 151 195 274 324 354 413 447 488 501 509 575 621 691 695 770 786 786 788 790 791 830 832 836 933
41.7962003454 22.619047619 28 0 3 4 5 5 10 10 10 10 14 15 15 24 26 29 30 30 32 35 38 39 42 43 44 46 46 47 49 0 241 314 339 350 365 387 394 395 442 478 490 491 499 531 544 567 594 680 687 690 747 754 798 823 893 978 985
32.1243523316 59.5238095238 28 0 1 2 3 4 6 6 13 14 15 15 16 16 18 19 19 22 22 26 26 27 29 31 39 41 42 43 48 0 125 147 170 193 213 239 335 341 352 497 573 607 695 712 714 760 781 830 837 838 846 876 890 909 942 966 972
42.4870466321 12.5 28 0 3 4 6 8 9 10 11 12 14 14 15 15 15 17 19 29 30 31 33 34 34 34 34 36 37 41 47 0 180 192 211 253 256 417 529 530 546 597 609 701 721 724 770 773 800 828 832 835 846 870 879 908 924 987 988
40.0690846287 51.3888888889 28 0 0 0 1 1 2 3 3 4 7 8 9 10 13 14 14 16 25 27 29 30 30 38 39 44 45 46 49 0 141 218 261 283 324 340 378 381 406 414 456 491 528 572 579 589 618 685 692 739 768 770 802 810 916 953 978
44.3868739206 96.4285714286 28 0 1 1 6 8 11 11 11 12 12 15 17 19 21 26 30 31 34 37 38 38 40 41 41 42 43 43 46 0 114 149 279 280 284 288 333 376 471 488 493 506 514 514 536 545 555 574 604 692 787 831 869 870 875 931 960
58.0310880829 48.6111111111 28 0 3 4 5 6 8 11 14 15 16 17 18 19 23 24 28 30 30 31 35 36 37 38 39 39 40 41 49 0 103 128 242 354 365 379 406 418 421 426 445 453 460 535 589 643 664 667 787 807 832 836 839 880 910 939 978
28.4974093264 90.6746031746 28 0 2 3 6 11 11 14 14 18 19 20 23 24 25 25 32 33 33 33 36 36 39 41 43 43 44 45 45 0 0 130 158 184 190 227 260 264 322 376 378 396 398 409 439 549 602 652 670 763 799 823 836 908 909 916 932
29.8791018998 74.0079365079 28 0 1 3 9 11 12 12 14 18 20 20 22 28 29 31 31 33 34 35 36 37 39 40 41 45 47 48 49 0 117 146 188 189 218 218 359 368 383 432 435 525 534 576 583 672 688 694 704 753 758 762 811 852 936 946 995
65.2849740933 44.6428571429 28 0 7 11 13 17 17 18 18 22 22 24 24 26 27 28 30 33 34 36 40 43 43 43 44 45 46 47 49 0 0 130 142 262 342 362 365 421 460 510 526 553 577 592 616 618 699 708 811 845 868 876 880 885 921 955 956
38.3419689119 49.6031746032 28 0 1 3 4 4 6 14 17 18 18 19 20 20 23 23 25 27 34 34 36 36 38 41 42 42 47 47 49 0 124 130 179 206 230 234 249 277 293 335 363 365 377 380 410 471 523 577 583 670 721 727 741 783 905 937 968
34.7150259067 29.1666666667 28 0 2 2 3 4 5 5 9 10 12 15 16 20 20 22 32 32 34 35 40 41 42 44 45 46 46 48 49 0 154 193 225 239 262 267 275 353 370 404 466 524 585 590 600 617 755 760 769 795 834 858 903 964 975 984 994
57.1675302245 66.8650793651 28 0 2 3 6 6 7 8 9 11 12 12 15 19 23 24 24 26 26 28 31 33 34 41 42 42 45 47 48 0 0 208 236 240 251 287 329 341 479 481 529 597 599 601 676 691 755 800 800 820 823 828 857 876 881 903 999
48.7046632124 71.0317460317 28 0 1 4 6 10 13 15 16 17 19 19 21 23 26 27 29 32 33 35 42 44 44 45 45 47 48 48 49 0 123 125 132 168 220 220 225 237 246 254 311 316 328 358 432 549 560 679 748 760 780 792 810 847 852 929 938
35.0604490501 9.72222222222 28 0 2 3 4 4 5 7 8 8 9 11 12 12 13 15 16 17 17 19 19 21 33 34 37 43 45 46 49 0 0 103 205 219 245 248 269 375 398 418 443 497 504 538 571 622 632 658 760 800 848 861 885 928 933 934 936
45.4231433506 46.4285714286 28 0 0 1 5 8 8 10 13 15 15 17 17 17 20 21 25 28 28 29 32 33 33 36 37 37 39 43 49 0 126 145 245 269 295 306 316 358 386 409 434 493 528 535 535 651 654 670 708 733 814 820 874 875 886 896 926
63.9032815199 19.0476190476 28 0 0 2 5 5 7 7 8 10 12 13 15 19 19 20 25 25 25 27 32 33 35 37 40 43 43 46 49 0 126 148 222 223 239 259 264 299 335 424 454 503 506 508 527 559 685 688 732 752 818 857 869 899 920 946 970
66.1485319516 35.3174603175 28 0 1 2 4 5 5 7 10 11 14 15 17 19 21 27 27 27 28 30 31 32 36 41 41 42 46 47 48 0 173 195 201 214 228 309 323 337 440 502 563 584 601 608 649 682 718 760 774 789 800 858 893 896 914 950 991
54.5768566494 65.6746031746 28 0 4 9 11 17 17 18 20 20 21 23 24 25 27 30 31 38 39 40 40 41 43 43 44 46 46 47 49 0 120 129 131 191 200 228 270 276 290 406 411 473 476 510 515 588 605 611 615 684 752 763 764 774 794 866 970
42.3143350604 77.380952381 28 0 2 3 5 8 9 11 12 15 18 19 21 23 23 23 26 27 29 32 33 34 35 36 37 39 45 46 46 0 133 165 204 281 322 365 368 384 414 425 441 507 542 589 594 600 603 611 678 694 754 771 825 872 923 929 952
61.1398963731 5.95238095238 28 0 1 4 9 10 10 13 15 17 18 19 20 23 28 29 31 36 38 41 42 42 43 43 45 45 47 48 49 0 0 128 186 215 227 227 229 233 305 336 378 494 504 510 536 572 601 622 685 694 777 791 791 833 917 944 977
64.7668393782 51.5873015873 28 0 0 1 2 2 2 3 8 8 9 11 11 12 12 18 22 22 28 30 35 38 39 40 42 42 43 46 48 0 102 107 138 168 173 178 267 287 305 354 390 490 508 512 613 654 654 731 737 744 782 812 841 843 929 937 986
24.3523316062 55.1587301587 28 0 2 3 4 4 9 12 12 14 17 17 17 23 25 30 31 36 36 37 37 38 39 42 43 44 47 49 49 0 0 150 158 179 188 227 260 287 321 347 373 401 466 548 585 607 610 612 621 664 692 740 808 843 892 953 959
37.4784110535 5.55555555556 28 0 0 0 1 6 10 13 14 15 18 21 23 23 29 30 33 33 35 35 37 39 40 42 44 45 46 46 48 0 134 144 222 230 238 282 303 345 452 476 506 516 618 642 650 700 790 797 809 810 923 934 940 944 952 980 990
22.1070811744 44.4444444444 28 0 1 5 8 11 13 13 17 17 20 20 20 20 21 22 26 26 32 33 34 34 37 39 42 43 44 44 48 0 0 178 195 230 369 419 451 465 549 589 595 606 634 648 744 781 784 788 828 859 860 869 871 876 891 910 993
83.7651122625 37.6984126984 28 0 2 9 10 11 12 14 15 18 19 20 22 22 26 27 31 31 33 33 33 35 37 39 39 40 44 44 47 0 0 101 141 175 231 285 298 366 398 426 461 490 507 531 552 570 572 604 721 758 764 772 783 901 928 982 985
48.8773747841 51.3888888889 28 0 2 4 7 7 8 12 13 13 13 13 18 20 21 22 26 26 29 30 35 36 36 36 39 42 44 48 48 0 0 115 128 145 176 251 266 324 348 418 432 491 500 501 561 563 569 633 655 718 732 780 811 816 832 855 913
19.8618307427 45.8333333333 28 0 2 3 4 6 7 8 12 12 14 17 20 24 25 25 28 29 31 33 35 37 38 44 44 45 45 46 49 0 108 122 127 144 199 206 233 261 324 345 383 415 416 454 456 497 509 517 548 549 551 615 665 672 700 767 881
67.7029360967 32.1428571429 28 0 5 12 13 13 14 20 21 21 21 23 25 29 31 32 32 32 33 34 38 39 42 43 43 46 46 46 48 0 172 174 197 214 246 255 296 375 391 407 453 466 516 544 563 607 672 677 773 776 809 830 837 876 894 923 986
44.9050086356 50.3968253968 28 0 1 3 6 6 6 9 10 12 12 12 18 19 23 24 27 29 34 37 38 38 38 38 40 40 42 47 49 0 105 116 143 161 179 210 216 232 275 316 363 397 468 469 492 509 518 595 601 624 658 720 786 789 822 826 916
28.3246977547 27.380952381 28 0 3 3 4 7 9 12 16 19 20 23 25 25 26 27 28 28 32 32 34 40 41 42 44 45 46 47 47 0 110 176 195 228 272 352 356 367 405 413 418 488 536 555 562 591 642 747 768 777 800 815 816 887 908 924 958
51.1226252159 32.7380952381 28 0 0 1 6 6 7 7 8 10 13 14 17 17 17 18 25 26 27 30 33 37 37 39 42 43 45 46 49 0 177 240 274 318 330 366 376 382 388 418 473 486 505 509 510 530 620 652 666 680 697 698 720 722 809 813 877
47.322970639 22.4206349206 28 0 0 0 3 4 5 8 8 9 11 11 12 13 16 17 19 21 23 29 30 31 31 33 36 36 42 47 49 0 158 171 196 236 258 259 323 369 376 529 533 623 652 682 710 719 730 760 772 786 827 831 851 890 901 923 926
49.0500863558 63.8888888889 28 0 0 3 6 8 9 10 11 12 14 14 15 15 19 21 22 25 25 26 29 32 32 40 41 43 45 47 48 0 0 100 141 209 210 214 219 266 303 315 324 331 333 450 513 532 535 565 590 637 645 700 715 743 807 837 845
73.5751295337 59.9206349206 28 0 6 8 10 10 11 14 16 17 19 22 26 30 31 34 34 36 36 38 39 40 42 45 45 47 47 47 49 0 172 236 252 253 262 278 292 381 389 438 481 562 588 594 625 637 651 682 711 717 745 759 764 824 847 856 949
68.2210708117 25.1984126984 28 0 4 7 7 10 10 10 12 14 15 15 16 16 23 24 25 29 31 32 34 37 40 41 43 43 45 46 48 0 142 186 188 188 206 243 278 328 392 399 504 507 510 510 523 585 618 744 763 781 830 832 842 888 935 963 982
45.4231433506 46.626984127 28 0 1 4 7 8 9 14 14 15 16 18 20 21 21 21 22 23 25 29 30 33 37 37 42 45 46 46 49 0 0 252 260 295 301 312 333 357 360 362 388 434 476 517 594 627 642 830 845 858 871 882 901 904 918 923 934
57.5129533679 36.5079365079 28 0 1 2 2 3 7 7 9 9 9 14 15 24 24 25 30 37 38 39 39 41 42 44 45 45 47 47 49 0 0 126 247 250 331 337 377 393 423 483 523 543 582 624 635 657 713 745 752 815 842 873 874 876 976 981 993
39.896373057 22.619047619 28 0 1 1 7 7 9 11 12 13 15 17 18 22 24 25 26 29 31 32 35 35 36 42 43 44 47 47 48 0 111 118 128 233 298 376 415 419 430 468 471 478 519 525 544 571 591 600 648 656 660 693 727 764 777 821 823
36.7875647668 25.7936507937 28 0 0 2 3 4 8 11 13 16 18 18 22 25 27 27 28 28 28 32 34 39 40 40 40 45 48 48 48 0 0 127 141 159 175 229 284 330 343 347 387 450 456 501 521 532 541 557 609 659 816 842 857 862 929 942 981
47.8411053541 36.9047619048 28 0 1 2 2 3 4 5 7 7 14 14 15 17 19 19 21 21 23 27 27 27 30 35 43 44 45 48 49 0 101 164 169 242 289 329 368 437 524 549 571 573 593 666 688 696 710 712 770 783 783 914 923 928 979 985 988
35.7512953368 39.6825396825 28 0 10 11 11 14 17 18 19 20 22 23 24 25 25 25 26 28 28 28 29 34 36 39 41 43 44 45 45 0 133 136 150 176 215 230 286 295 325 334 338 359 377 422 482 561 564 642 695 698 720 749 804 826 841 873 974
35.9240069085 31.5476190476 28 0 1 3 3 5 5 7 7 10 11 15 20 20 23 24 26 26 27 31 32 36 39 41 44 44 44 48 49 0 0 175 204 210 281 301 324 333 342 386 486 494 543 547 548 571 591 597 704 756 771 819 867 875 890 968 983
47.1502590674 24.2063492063 28 0 0 0 1 3 14 15 17 18 20 23 24 24 25 26 26 28 31 35 38 38 39 39 45 46 47 48 49 0 122 141 169 191 223 233 239 273 292 324 337 351 382 398 414 422 460 560 683 733 734 783 809 826 968 972 986
65.4576856649 25.9920634921 28 0 2 2 8 10 10 11 15 17 19 20 21 22 24 24 26 30 31 32 35 39 39 41 42 45 45 45 46 0 164 184 207 212 234 275 291 298 324 331 332 334 372 386 418 478 493 604 605 689 716 748 773 825 863 928 966
70.6390328152 9.92063492063 28 0 2 3 4 5 7 7 7 12 24 28 28 30 30 30 31 31 34 35 36 37 38 39 44 47 47 47 48 0 183 183 190 219 256 285 354 380 389 427 435 479 505 559 575 634 649 703 728 746 774 796 847 880 916 934 937
44.0414507772 40.6746031746 28 0 0 2 3 4 4 6 9 17 19 21 22 26 27 28 31 31 34 34 35 35 37 38 38 39 40 44 47 0 103 162 189 190 195 292 311 320 387 414 423 446 471 486 539 556 594 595 598 633 752 818 862 893 895 900 975
83.2469775475 42.4603174603 28 0 1 2 2 3 5 6 7 8 8 10 17 18 25 29 30 32 33 33 36 37 39 40 41 41 44 47 47 0 115 162 218 227 237 320 330 361 367 382 387 466 483 538 626 669 680 684 698 722 729 764 765 901 946 979 994
52.8497409326 33.3333333333 28 0 1 1 1 3 4 5 7 8 10 10 14 17 17 22 22 35 35 36 37 37 39 41 45 46 46 47 47 0 175 184 185 187 198 273 370 382 444 456 471 501 580 593 606 689 764 778 782 834 872 898 910 911 914 924 968
0.0 53.5714285714 28 0 1 4 5 5 8 9 11 16 19 27 32 33 34 36 37 38 39 39 41 41 43 44 45 46 47 47 49 0 141 146 165 211 215 318 328 412 453 466 494 510 553 576 592 600 622 628 632 643 669 738 765 818 832 844 915
51.1226252159 39.6825396825 28 0 0 1 2 5 5 7 9 10 10 12 14 18 19 19 22 22 22 26 27 30 31 32 34 39 39 41 47 0 103 112 173 272 279 312 320 330 337 365 421 455 458 483 522 523 550 655 671 683 751 792 862 952 968 969 997
73.920552677 26.7857142857 28 0 1 2 3 6 8 9 13 14 14 17 18 20 23 25 26 26 27 30 37 39 39 42 45 46 48 48 49 0 0 106 134 150 188 202 283 381 429 502 549 615 633 642 646 774 776 786 802 818 835 865 877 895 905 912 914
19.8618307427 68.4523809524 28 0 2 3 4 7 12 14 15 17 17 19 20 25 26 26 26 27 28 30 31 31 32 34 37 38 43 47 48 0 138 237 269 285 287 364 377 438 471 498 517 530 605 614 671 676 817 822 848 849 867 890 898 905 917 952 995
37.9965457686 65.0793650794 28 0 2 4 5 6 8 9 10 11 12 13 14 15 15 28 29 29 29 30 32 37 38 39 42 44 45 46 47 0 0 161 213 215 218 257 317 347 385 401 478 490 504 510 572 587 591 668 686 693 746 750 838 854 870 870 962
77.7202072539 50.1984126984 28 0 1 3 5 6 12 15 19 19 27 27 31 31 32 32 33 33 33 34 34 40 40 41 41 42 43 45 49 0 115 122 210 222 348 371 491 503 532 609 627 634 668 673 688 729 731 785 799 802 853 870 877 896 896 943 945
32.2970639033 42.2619047619 28 0 0 2 2 6 8 9 10 10 11 11 13 13 17 17 19 19 22 23 23 27 29 34 39 41 41 42 45 0 0 125 188 239 268 278 308 349 481 485 488 495 516 570 594 631 644 680 694 741 744 801 907 936 946 998 999
40.414507772 75.1984126984 28 0 1 4 5 8 12 13 18 19 19 19 24 25 26 27 29 31 31 35 38 40 40 40 42 43 44 46 49 0 110 151 169 226 253 266 319 323 363 376 381 394 433 479 528 546 547 624 638 685 687 713 736 796 839 907 950
20.8981001727 78.1746031746 28 0 0 1 2 2 4 4 6 7 10 13 14 21 24 24 30 32 33 34 34 36 36 38 43 43 44 44 47 0 113 153 154 161 207 207 214 220 242 271 385 410 539 549 596 641 670 691 712 717 746 772 796 837 859 933 942
23.8341968912 25.9920634921 28 0 0 1 9 10 11 12 13 16 17 27 28 28 28 30 33 36 36 36 36 38 41 41 42 45 47 48 49 0 0 105 130 200 208 225 267 335 349 397 422 425 460 469 482 488 548 620 636 668 721 774 809 926 932 939 963
66.3212435233 40.2777777778 28 0 1 3 4 4 6 6 10 14 18 18 18 19 21 26 26 29 32 34 38 38 39 40 40 41 42 45 47 0 123 124 134 137 163 209 218 251 303 412 427 555 598 609 613 650 663 695 719 777 805 835 839 860 928 945 996
59.067357513 35.7142857143 28 0 2 3 5 6 6 7 8 8 9 10 12 16 18 18 19 21 23 27 27 28 29 31 31 32 33 34 38 0 157 198 227 247 248 292 294 317 365 374 410 410 500 542 552 591 642 652 708 725 737 775 817 821 887 943 961
53.713298791 73.4126984127 28 0 1 4 5 10 12 13 16 22 23 24 24 26 28 28 30 31 32 33 34 38 38 42 45 46 48 49 49 0 0 175 192 222 247 273 327 377 436 447 493 518 519 523 537 564 594 598 742 773 802 809 861 883 886 976 985
60.103626943 34.7222222222 28 0 0 4 4 10 10 11 11 12 12 12 13 14 16 21 22 25 26 28 28 32 33 33 34 40 46 47 48 0 119 127 189 200 201 291 328 434 437 463 494 585 603 619 645 694 724 744 802 827 841 881 899 912 954 984 988
47.4956822107 33.1349206349 28 0 1 2 2 2 3 6 7 9 10 12 15 15 17 25 25 31 32 32 32 32 36 36 37 40 48 48 49 0 111 146 202 293 301 367 373 403 410 413 424 623 638 645 704 724 763 812 842 856 898 907 922 928 959 990 997
62.3488773748 16.8650793651 28 0 2 2 3 4 8 9 11 11 19 19 20 26 27 27 27 27 28 30 30 32 33 34 35 38 40 41 47 0 143 144 225 230 293 296 328 387 482 509 532 582 599 606 636 686 710 728 747 808 808 842 924 925 925 957 992
79.792746114 48.0158730159 28 0 0 0 1 2 2 3 5 6 7 11 15 15 19 19 23 25 28 30 31 32 34 35 38 40 41 44 48 0 121 148 154 156 183 217 234 239 335 387 521 524 562 591 657 678 803 811 827 835 901 934 939 950 957 975 987
54.231433506 62.5 28 0 2 2 9 10 13 16 16 17 18 19 20 21 22 25 27 33 36 38 39 39 40 40 41 46 47 49 49 0 0 111 140 156 236 252 299 300 352 372 423 428 506 520 593 604 610 643 648 653 665 778 835 841 959 992 992
12.9533678756 33.7301587302 28 0 0 2 4 4 6 9 10 10 15 19 20 24 26 29 31 32 33 34 37 37 43 43 44 45 47 47 47 0 102 134 179 204 294 329 370 386 389 415 443 484 505 550 594 601 621 673 705 743 786 799 876 891 953 989 997
79.1018998273 22.8174603175 28 0 2 2 3 6 9 10 13 15 17 18 22 23 29 30 34 36 38 40 41 43 44 47 48 48 48 48 49 0 122 158 194 225 291 297 301 366 381 388 611 619 622 675 686 722 738 742 794 795 885 916 918 934 947 965 994
66.8393782383 17.8571428571 28 0 0 1 2 2 3 5 6 11 12 13 15 16 16 20 21 21 23 24 30 33 37 40 40 44 44 44 49 0 182 241 255 259 314 336 397 410 422 483 510 541 557 568 572 612 643 665 698 754 797 840 862 872 887 958 994
47.8411053541 46.2301587302 28 0 0 0 0 0 5 7 8 8 14 14 16 17 19 21 30 33 33 34 34 35 38 39 41 41 44 48 49 0 165 187 257 391 402 421 436 490 518 534 567 568 586 594 601 749 779 791 798 854 891 905 917 924 939 976 985
43.5233160622 22.8174603175 28 0 0 3 4 4 8 8 11 11 12 14 14 14 14 16 21 23 25 26 27 33 34 36 36 41 42 42 47 0 141 172 190 190 192 251 268 277 332 341 350 511 516 524 528 694 696 703 705 715 730 781 798 869 874 883 958
61.4853195164 41.6666666667 28 0 1 3 4 4 7 10 12 14 16 17 17 17 20 23 26 26 27 29 32 32 33 35 38 40 41 42 47 0 0 111 120 126 128 169 223 288 314 319 362 401 424 425 445 479 532 572 660 675 769 781 874 905 993 993 998
12.6079447323 44.0476190476 28 0 1 1 3 4 5 10 14 17 19 19 20 20 21 22 24 25 26 26 28 28 29 34 38 41 43 44 49 0 0 133 134 310 331 336 346 358 376 399 447 456 476 572 601 609 618 623 728 766 778 793 832 859 916 926 933
38.3419689119 18.4523809524 28 0 1 7 10 12 16 18 19 20 21 21 22 24 26 27 31 35 35 36 36 36 37 38 39 43 45 46 48 0 104 111 169 190 305 328 329 368 375 392 411 414 476 534 535 575 635 651 654 668 738 782 852 858 900 993 994
68.2210708117 70.2380952381 28 0 2 3 3 6 7 7 7 12 13 14 14 15 16 16 19 20 20 27 28 33 36 37 37 39 40 42 43 0 130 175 299 390 394 494 515 560 561 572 599 618 655 679 681 691 770 796 811 822 830 883 883 897 943 971 993
47.8411053541 39.6825396825 28 0 0 3 3 4 5 5 9 9 10 12 14 15 17 19 22 34 34 35 36 37 38 39 41 42 44 47 48 0 102 234 243 252 280 305 330 389 502 525 539 545 556 571 588 646 647 655 693 730 731 756 815 828 837 930 953
54.7495682211 67.8571428571 28 0 6 7 7 10 10 11 14 15 15 18 20 21 22 23 24 26 27 29 30 34 36 37 37 40 44 45 49 0 0 116 153 164 192 284 358 358 454 502 515 542 576 675 706 745 745 767 788 797 836 856 913 921 940 943 981
28.8428324698 42.6587301587 28 0 2 3 8 9 10 10 11 11 17 18 21 22 23 27 28 29 31 34 34 40 41 41 43 45 45 46 49 0 205 238 314 315 329 386 405 461 496 500 509 531 568 613 632 650 661 727 756 785 828 845 877 888 904 939 989
47.6683937824 35.7142857143 28 0 2 3 4 6 8 9 9 12 13 17 20 22 22 24 25 25 30 30 31 35 35 38 39 40 45 47 48 0 110 163 196 223 270 284 288 328 336 412 461 462 485 500 542 607 624 726 739 746 812 813 816 822 867 969 972
48.8773747841 25.7936507937 28 0 0 6 6 8 11 12 16 16 18 18 19 20 20 20 22 29 30 34 34 42 45 45 47 48 48 48 49 0 103 120 127 132 136 250 336 390 502 507 509 516 527 561 580 581 618 628 633 685 700 741 792 871 901 942 977
35.2331606218 60.9126984127 28 0 0 2 5 6 6 9 11 11 14 14 16 21 22 23 26 27 29 30 32 34 37 39 45 47 47 48 49 0 165 175 209 245 277 282 342 399 423 467 485 495 526 608 653 682 708 718 719 731 732 757 760 778 855 981 993
82.3834196891 19.246031746 28 0 2 2 3 4 7 9 11 11 12 12 16 20 31 33 33 36 36 36 38 39 39 41 45 46 46 47 48 0 151 201 230 241 242 247 302 342 347 366 458 471 493 503 522 551 568 608 648 718 754 831 846 848 890 916 920
42.4870466321 45.0396825397 28 0 3 5 8 13 13 15 18 19 21 27 27 29 30 31 32 33 34 34 34 38 40 40 40 40 42 46 47 0 139 194 196 202 217 235 237 265 293 305 417 453 513 588 692 780 825 830 833 838 864 866 886 911 943 983 986
100.0 74.0079365079 28 0 2 3 9 9 10 11 12 16 17 17 20 20 21 24 24 25 27 28 28 30 31 31 35 35 38 45 49 0 0 140 158 240 292 350 355 362 400 418 419 431 470 489 490 514 580 618 619 626 675 808 863 919 974 980 991
55.9585492228 32.3412698413 28 0 3 6 10 15 15 21 23 25 25 26 26 28 28 29 33 34 36 39 40 43 43 45 45 46 47 48 48 0 108 212 233 289 422 463 483 492 536 536 538 596 642 651 677 691 701 704 710 716 725 784 795 837 945 963 981
58.3765112263 46.0317460317 28 0 0 0 1 4 12 14 16 17 18 19 21 21 22 23 28 28 28 29 31 33 33 34 35 36 36 40 46 0 0 193 213 239 272 300 302 312 331 338 350 358 389 407 478 572 586 594 611 646 653 689 776 804 805 930 952
48.1865284974 18.4523809524 28 0 2 3 3 6 11 13 13 14 14 15 16 20 22 23 25 27 28 28 31 36 41 43 44 47 47 49 49 0 110 185 197 286 306 307 352 363 400 420 459 485 485 563 572 583 586 654 793 829 841 876 890 911 946 973 975
28.6701208981 51.5873015873 28 0 4 5 5 5 7 7 8 8 15 16 18 20 21 23 26 27 31 31 32 35 36 40 41 43 44 49 49 0 114 117 126 128 175 178 187 199 201 243 288 326 347 375 400 430 472 475 525 556 602 664 766 868 869 953 998
59.585492228 65.2777777778 28 0 1 3 5 7 8 11 12 12 13 13 16 16 18 20 21 22 22 24 25 28 38 44 45 45 46 47 48 0 109 144 150 227 283 315 360 431 444 529 532 535 553 611 612 626 667 739 763 798 821 835 845 881 938 945 961
71.8480138169 30.753968254 28 0 2 4 6 7 8 9 11 11 18 18 18 20 27 28 28 29 29 33 33 37 38 39 40 40 43 46 48 0 219 307 310 327 347 434 455 466 496 527 530 567 596 599 657 676 744 762 805 819 839 874 878 948 952 966 994
47.322970639 43.8492063492 28 0 2 3 3 6 6 7 8 13 17 20 22 26 29 30 31 33 34 35 35 40 40 40 40 45 46 47 47 0 0 171 173 179 205 220 250 286 309 394 420 433 458 470 492 594 597 650 674 726 817 837 901 921 932 958 963
58.8946459413 58.5317460317 28 0 5 7 8 8 9 11 16 17 17 18 19 21 24 27 32 33 34 35 35 35 36 38 39 41 42 44 49 0 0 172 218 242 248 279 320 330 472 477 554 559 563 575 614 675 677 701 739 840 846 850 879 919 919 979 990
9.84455958549 40.4761904762 28 0 0 0 1 4 7 8 9 9 13 19 22 22 24 29 29 30 32 34 34 38 39 41 43 44 45 48 49 0 0 110 166 177 185 220 237 248 254 261 274 304 337 403 429 443 497 498 541 649 655 711 735 843 900 963 982
43.3506044905 40.2777777778 28 0 1 2 3 4 7 9 12 14 15 16 17 18 20 21 22 24 24 26 28 31 33 42 42 46 47 48 49 0 0 182 201 223 306 314 337 417 444 493 502 512 517 523 576 592 665 670 725 748 827 827 833 838 934 939 981
51.9861830743 50.3968253968 28 0 0 1 1 5 6 8 11 14 15 18 18 19 22 23 23 26 31 32 39 40 42 42 43 45 47 47 49 0 114 147 182 184 192 206 289 310 328 367 375 409 551 580 620 631 639 658 698 724 745 793 908 937 969 981 995
43.3506044905 61.3095238095 28 0 1 1 2 3 6 7 14 16 19 20 24 26 28 28 28 29 31 31 34 35 37 38 42 43 43 44 48 0 101 142 156 189 214 370 401 427 451 452 476 486 497 497 516 538 564 596 597 610 617 754 783 811 885 952 960
67.01208981 62.1031746032 28 0 1 3 4 4 5 6 6 8 10 13 14 17 18 19 26 27 29 29 30 32 35 37 37 39 41 42 44 0 126 139 165 192 227 298 306 345 355 367 473 475 551 583 590 597 653 689 718 743 806 814 867 951 954 965 977
46.6321243523 11.5079365079 28 0 0 0 3 3 9 11 12 13 13 16 19 20 21 25 27 30 32 33 34 35 35 40 41 43 45 46 48 0 109 117 133 140 184 204 242 247 257 273 284 479 507 570 610 702 718 734 781 801 882 909 925 941 956 965 995
31.6062176166 79.5634920635 28 0 1 1 10 10 11 12 13 14 16 17 18 19 19 24 26 33 34 35 36 38 40 42 43 44 45 47 48 0 141 162 181 189 252 279 294 380 395 435 447 463 581 608 644 667 695 714 721 777 780 793 796 802 833 915 988
66.3212435233 52.5793650794 28 0 3 5 8 9 9 10 14 14 17 18 19 19 22 25 26 27 31 35 36 37 38 39 40 43 43 45 49 0 129 183 204 382 392 411 412 428 472 553 570 584 684 688 691 718 723 732 762 783 795 832 839 888 975 979 989
49.7409326425 81.746031746 28 0 0 4 4 5 5 8 10 13 22 25 26 29 30 30 31 31 37 40 40 42 43 44 44 47 48 48 48 0 0 189 197 197 210 211 263 331 336 385 466 510 566 567 594 595 622 658 666 676 684 700 714 741 865 957 969
59.4127806563 45.4365079365 28 0 0 0 3 6 11 15 15 20 22 22 23 23 24 25 26 27 30 34 34 34 38 40 40 41 42 42 49 0 0 180 249 287 311 365 408 424 429 446 487 551 589 592 605 627 725 730 779 779 842 858 875 894 920 983 996
33.506044905 67.2619047619 28 0 1 4 7 8 11 12 15 19 20 20 23 23 24 25 25 27 28 29 30 34 41 42 42 43 44 45 49 0 140 161 162 249 260 261 281 315 326 409 418 430 434 482 491 599 615 642 685 723 746 767 800 824 853 944 946
74.7841105354 64.4841269841 28 0 1 2 2 4 5 7 9 10 10 12 17 20 22 28 28 29 30 32 32 35 36 37 39 39 41 46 48 0 0 107 123 192 211 216 275 284 322 333 344 468 577 590 605 621 624 643 728 794 804 821 845 914 958 976 984
58.8946459413 48.6111111111 28 0 0 7 7 7 9 10 11 12 12 14 16 18 20 20 21 24 25 33 34 35 36 38 43 43 48 49 49 0 131 135 170 175 226 290 375 392 500 508 523 565 574 615 618 629 646 678 733 783 851 861 870 915 978 979 988
67.8756476684 32.3412698413 28 0 1 1 4 7 12 15 16 16 18 18 18 21 21 23 24 25 29 32 38 43 46 46 47 48 49 49 49 0 125 169 177 243 252 267 267 281 363 411 427 462 470 567 582 591 597 637 638 696 778 826 827 881 933 961 964
88.0829015544 72.2222222222 28 0 0 1 2 7 9 10 12 12 13 13 14 17 18 18 18 18 21 25 30 35 35 36 36 40 41 43 48 0 0 107 112 125 168 170 185 222 227 285 349 369 486 556 578 580 598 668 725 739 759 834 881 902 914 931 970
27.2884283247 21.0317460317 28 0 1 2 3 3 8 13 15 15 16 20 21 23 29 31 32 33 36 37 38 39 40 41 43 44 46 46 48 0 113 117 119 165 220 254 263 297 302 466 467 477 569 605 649 652 652 658 795 807 817 819 834 920 937 944 946
31.9516407599 64.4841269841 28 0 0 1 2 4 8 9 11 12 15 16 18 18 20 22 23 26 26 28 28 28 31 34 38 38 41 46 46 0 223 236 293 301 350 358 420 443 455 481 510 536 562 563 589 646 758 775 781 801 876 889 904 915 938 978 995
33.506044905 68.6507936508 28 0 0 4 7 7 9 10 11 11 13 14 16 16 21 22 22 23 25 26 29 29 33 35 36 37 40 44 45 0 127 150 154 172 172 179 238 240 267 296 444 474 488 502 535 591 654 670 696 721 792 824 828 888 930 957 960
47.6683937824 59.5238095238 28 0 3 4 6 7 8 8 10 12 15 21 22 22 23 24 27 28 33 35 36 37 37 42 43 45 47 48 49 0 149 217 278 293 316 322 348 372 387 401 447 512 557 710 711 751 755 771 820 857 861 877 880 961 962 969 976
46.804835924 40.0793650794 28 0 2 4 7 10 10 13 14 17 19 20 20 24 25 28 31 32 35 37 37 40 41 43 46 47 48 48 48 0 0 166 221 257 286 312 318 387 409 434 441 444 451 468 480 483 581 625 694 712 750 766 855 899 955 963 988
54.231433506 24.8015873016 28 0 1 1 1 2 8 9 10 12 14 16 17 19 20 20 23 24 25 29 31 35 36 38 40 41 43 45 49 0 103 153 258 404 417 430 430 441 480 483 489 542 568 625 627 686 805 824 873 885 886 934 936 936 961 970 997
27.8065630397 50.9920634921 28 0 0 1 1 3 4 7 8 11 13 15 15 18 21 23 24 26 27 29 34 36 36 37 38 41 41 42 44 0 0 106 123 134 138 179 211 292 342 381 393 401 408 441 461 504 528 580 599 606 617 623 729 733 799 859 968
5.87219343696 29.7619047619 28 0 2 2 3 7 7 7 9 12 13 20 22 22 25 29 29 32 32 35 37 39 42 46 46 47 47 47 47 0 0 151 247 256 369 389 404 424 427 449 449 549 552 554 555 640 655 663 698 709 731 788 795 806 917 955 956
37.8238341969 62.3015873016 28 0 0 0 0 4 8 11 11 13 18 20 20 22 25 27 28 29 29 29 31 33 37 38 40 40 41 46 48 0 0 131 138 145 161 168 182 188 309 325 347 356 361 425 431 543 641 662 722 783 792 806 818 875 898 930 994
54.5768566494 0.595238095238 28 0 1 4 5 6 7 11 12 12 14 15 15 16 17 17 20 21 25 26 26 26 27 42 42 44 46 46 48 0 0 129 168 210 218 269 270 305 323 328 335 338 398 448 483 495 515 550 569 573 585 746 774 789 857 909 927
54.4041450777 54.1666666667 28 0 0 0 2 5 6 9 10 12 12 13 13 16 17 17 22 29 31 33 33 33 36 36 37 40 45 45 49 0 134 174 187 203 227 227 239 304 309 316 358 374 381 415 454 479 525 553 560 605 610 642 719 729 766 778 911
25.3886010363 33.5317460317 28 0 1 3 3 4 4 12 20 20 20 24 24 26 27 29 29 31 33 34 34 36 37 37 41 44 45 46 48 0 124 135 155 156 170 183 184 269 293 304 337 349 393 402 415 423 424 435 445 466 559 600 645 670 744 924 986
33.6787564767 42.0634920635 28 0 1 2 7 8 9 11 14 14 15 15 17 18 18 21 21 21 23 24 28 29 37 39 40 41 42 44 46 0 0 109 221 238 313 318 322 335 349 414 465 476 511 537 549 564 587 685 757 790 836 883 884 913 915 942 967
25.5613126079 49.0079365079 28 0 1 3 5 5 7 7 7 8 11 12 16 17 18 19 24 25 27 27 28 30 31 34 35 37 39 48 49 0 133 138 147 166 193 215 227 298 409 460 481 648 667 715 716 726 731 734 782 813 836 839 849 929 938 985 986
55.2677029361 56.5476190476 28 0 0 2 3 5 8 8 10 12 14 14 15 16 17 18 19 28 32 33 35 36 39 43 43 46 48 48 49 0 0 197 224 257 263 304 331 343 358 364 428 429 469 512 516 554 644 647 650 719 722 773 774 818 851 963 995
37.3056994819 35.119047619 28 0 0 4 6 7 10 18 21 22 24 28 28 28 29 35 36 38 39 42 42 43 44 45 45 46 47 47 49 0 119 140 208 232 352 354 377 389 442 453 467 502 527 549 560 573 638 680 732 773 777 888 889 936 961 965 983
38.8601036269 68.0555555556 28 0 2 2 2 3 5 6 7 7 10 13 17 21 21 22 25 26 29 30 34 35 35 36 37 44 47 48 49 0 0 111 195 209 210 255 259 264 286 292 299 325 360 407 457 468 549 556 664 698 738 769 827 841 909 909 924
46.4594127807 59.9206349206 28 0 4 5 7 9 11 14 22 23 25 25 26 27 27 31 34 35 35 37 37 37 38 41 41 41 44 45 45 0 130 163 223 241 313 378 383 445 547 551 556 564 576 608 690 705 812 821 844 853 860 867 881 913 943 993 997
49.7409326425 47.619047619 28 0 1 1 2 3 5 6 7 8 8 9 9 12 14 21 21 21 24 24 27 32 32 33 40 42 42 44 49 0 0 194 229 323 343 345 369 398 400 409 451 462 559 565 574 580 587 607 649 663 673 723 771 772 783 786 809
41.1053540587 89.4841269841 28 0 1 3 10 10 14 16 16 17 20 24 26 27 27 28 28 29 34 35 37 38 40 40 41 42 43 48 49 0 118 179 189 196 225 319 351 387 471 499 507 518 563 574 618 619 657 695 706 752 763 770 846 872 910 962 988
79.4473229706 47.619047619 28 0 0 2 8 10 15 16 19 20 22 24 24 25 25 26 27 27 29 29 30 31 31 32 33 40 43 44 46 0 141 192 209 238 264 286 291 323 327 379 390 473 528 539 573 640 650 653 659 666 667 716 723 765 809 844 983
45.5958549223 31.746031746 28 0 0 0 0 1 5 6 6 7 9 9 14 16 21 22 23 23 25 27 32 32 35 36 41 43 45 47 49 0 123 245 265 313 327 337 348 359 401 412 456 489 567 579 687 786 795 798 810 882 883 893 950 954 962 979 980
52.677029361 41.0714285714 28 0 0 0 1 4 5 8 9 15 15 17 20 24 25 27 27 29 32 32 34 34 35 38 39 43 43 43 44 0 141 234 244 269 284 301 373 454 465 482 499 499 511 544 582 608 767 815 833 840 856 920 925 930 944 964 979
35.9240069085 27.1825396825 28 0 3 4 4 7 7 8 8 10 12 12 14 14 15 15 15 16 17 21 22 30 32 34 35 36 39 44 47 0 0 100 114 188 252 263 299 306 339 419 441 457 459 463 565 565 641 643 738 751 855 863 904 961 976 988 996
47.1502590674 60.7142857143 28 0 4 10 10 15 16 19 19 20 25 26 28 30 31 31 31 32 34 34 35 35 35 38 39 39 41 42 49 0 100 166 185 227 228 244 297 300 332 412 442 457 525 556 584 589 642 678 719 720 756 791 808 862 886 940 978
55.6131260794 49.2063492063 28 0 0 1 3 6 8 12 12 15 19 20 20 20 21 25 25 25 26 27 28 32 32 37 37 38 41 46 48 0 189 245 270 285 317 340 427 445 508 532 544 572 575 617 624 625 646 650 686 688 751 757 900 907 923 971 984
65.6303972366 61.9047619048 28 0 1 1 5 5 7 7 9 12 18 18 19 21 21 23 28 29 30 32 33 33 34 36 45 46 46 47 49 0 115 115 139 150 158 162 205 207 258 264 289 426 459 497 519 526 538 539 552 590 691 717 737 825 868 898 980
25.0431778929 52.9761904762 28 0 4 6 6 7 8 8 12 15 15 19 19 20 21 21 22 25 26 30 33 33 37 38 38 39 43 47 48 0 135 146 175 182 247 364 378 452 468 514 538 571 630 638 679 689 693 803 808 809 824 841 928 950 968 979 981
57.5129533679 66.4682539683 28 0 1 4 6 7 9 9 10 11 14 14 15 15 17 22 24 29 29 36 41 41 41 42 44 45 45 47 49 0 190 193 200 220 268 277 314 347 372 464 484 575 582 597 616 630 727 778 805 807 817 841 853 881 882 935 981
46.9775474957 31.746031746 28 0 3 4 6 11 11 11 15 16 18 18 19 23 23 23 25 25 27 31 33 35 36 38 38 40 42 45 49 0 102 129 141 271 276 326 333 335 355 379 410 473 477 521 548 549 653 702 717 732 844 848 852 853 887 946 964
23.4887737478 70.6349206349 28 0 3 4 5 8 10 10 10 10 13 16 19 22 23 23 27 29 30 30 31 36 37 37 37 39 41 43 44 0 107 144 153 214 221 226 334 407 430 541 558 562 565 585 667 672 680 688 720 724 742 745 765 875 899 900 986
31.7789291883 10.9126984127 28 0 0 2 3 6 9 9 10 12 14 17 17 18 22 22 27 30 30 32 34 35 38 38 43 45 46 47 48 0 132 137 146 155 165 223 239 239 250 257 258 311 336 364 419 508 610 617 671 673 706 728 729 765 833 838 980
42.8324697755 0.198412698413 28 0 0 2 2 4 5 8 8 9 16 21 21 22 22 26 28 28 31 34 34 34 35 38 43 45 46 48 48 0 117 148 170 177 184 227 235 268 280 281 292 319 421 452 540 561 570 583 595 609 644 671 830 845 896 923 940
49.5682210708 41.0714285714 28 0 2 3 4 5 6 8 8 9 10 10 12 15 23 24 26 27 27 27 30 33 34 36 36 42 45 46 47 0 0 104 176 183 186 231 272 273 346 417 435 438 448 534 546 597 653 828 850 856 894 902 914 933 986 994 997
55.7858376511 79.3650793651 28 0 3 3 5 8 10 13 13 13 14 14 15 18 22 24 24 25 26 29 31 34 34 37 40 41 42 43 47 0 102 129 133 161 180 263 332 352 386 391 451 474 527 584 625 668 685 685 714 731 776 888 898 909 929 955 985
48.1865284974 33.7301587302 28 0 0 1 7 8 10 12 12 14 16 16 20 20 22 24 26 29 29 31 32 34 34 35 35 35 39 42 43 0 138 278 396 421 452 452 455 460 475 528 561 568 575 578 592 717 751 756 763 781 782 828 911 915 916 921 998
67.1848013817 76.3888888889 28 0 0 4 5 7 8 8 10 12 13 14 15 18 19 19 22 25 25 26 29 29 31 33 34 36 36 39 42 0 0 187 303 387 420 422 449 486 539 555 576 604 624 631 642 643 709 729 757 771 777 797 842 845 845 902 966
52.1588946459 51.9841269841 28 0 2 3 4 6 6 7 7 8 9 11 12 14 17 20 22 23 24 25 27 28 38 41 43 44 46 47 49 0 0 142 167 172 289 322 325 380 418 419 425 437 518 529 536 648 693 712 739 799 800 832 835 836 838 937 998
30.7426597582 73.8095238095 28 0 2 3 5 7 7 13 14 14 15 18 19 20 21 24 25 27 28 31 33 38 38 40 41 41 41 45 48 0 114 156 237 254 265 266 302 311 394 416 439 531 588 594 616 650 650 659 677 725 750 789 817 842 859 921 944
50.6044905009 23.2142857143 28 0 5 5 6 10 10 12 13 19 21 23 25 26 29 29 29 32 32 34 36 41 43 43 44 44 46 48 48 0 0 159 167 178 188 191 207 228 282 495 500 523 536 539 610 615 651 666 712 721 731 788 804 841 895 967 982
46.1139896373 47.8174603175 28 0 2 3 6 8 9 10 13 14 19 21 26 26 28 33 35 36 37 38 40 41 41 42 44 44 46 48 49 0 170 180 261 281 380 495 502 532 533 587 593 616 632 644 649 669 675 680 711 762 762 827 838 911 942 984 993
23.3160621762 51.5873015873 28 0 0 0 3 6 7 7 7 10 11 12 14 15 20 20 20 22 28 34 34 37 37 41 43 44 44 46 46 0 0 115 152 211 263 271 340 343 453 462 551 556 614 620 652 661 698 738 746 750 801 814 838 857 882 934 995
34.02417962 73.0158730159 28 0 0 2 3 4 8 8 9 11 11 16 22 23 23 24 24 24 25 27 31 32 35 35 38 40 48 49 49 0 0 112 115 176 192 291 306 429 435 466 508 514 561 570 579 588 669 715 719 765 826 835 926 943 956 992 999
63.5578583765 64.2857142857 28 0 1 3 5 5 6 6 8 9 10 19 19 19 20 20 27 30 32 34 38 38 38 39 39 41 43 45 49 0 102 115 128 142 148 158 201 220 223 294 319 423 427 431 511 524 555 632 675 705 773 783 820 853 881 989 999
49.9136442142 25.7936507937 28 0 3 5 5 6 6 8 9 10 11 12 14 23 24 26 26 30 32 32 33 35 36 40 41 42 43 44 46 0 131 159 201 249 269 275 340 352 357 370 465 480 481 506 523 530 564 621 701 706 714 717 732 739 872 933 940
23.8341968912 29.7619047619 28 0 0 0 1 5 5 6 6 8 8 10 17 17 22 22 22 23 24 25 26 29 29 31 35 36 46 48 48 0 0 168 255 297 306 313 351 380 442 492 511 600 670 696 708 713 729 736 768 784 851 860 888 901 911 922 965
39.5509499136 37.8968253968 28 0 0 0 1 1 3 3 8 9 14 16 18 19 20 22 25 26 29 32 34 37 37 38 38 40 46 48 49 0 0 124 189 220 302 314 315 404 447 450 458 466 478 507 563 572 581 671 683 718 821 828 829 887 892 898 995
33.6787564767 32.1428571429 28 0 2 2 4 6 7 9 12 12 17 22 22 24 25 28 31 34 35 36 37 38 39 43 45 45 47 47 49 0 113 124 185 218 280 289 307 308 308 332 367 390 401 479 524 576 741 776 784 802 824 859 884 938 939 970 976
59.9309153713 40.6746031746 28 0 6 10 10 11 13 13 14 17 18 19 23 25 25 28 28 30 35 39 39 39 42 44 45 45 46 46 48 0 122 199 235 251 337 379 435 465 516 532 552 604 614 622 653 672 751 752 765 777 799 829 881 899 907 933 999
52.1588946459 74.4047619048 28 0 1 2 6 6 7 9 11 12 16 17 18 18 20 23 24 28 28 29 32 35 37 38 40 41 43 45 48 0 101 120 146 180 249 307 384 448 465 481 497 516 521 612 697 706 710 813 879 892 893 905 907 921 935 945 964
35.7512953368 60.7142857143 28 0 0 3 5 9 11 11 13 14 15 18 28 31 31 32 33 35 35 35 37 39 40 41 44 46 47 47 49 0 162 174 199 224 238 244 370 382 388 428 468 532 535 551 610 616 712 721 724 726 752 772 786 921 944 947 956
74.7841105354 22.2222222222 28 0 1 4 4 5 6 6 8 10 13 14 20 21 22 24 24 27 32 32 33 33 33 37 42 45 46 49 49 0 0 101 105 203 242 253 279 305 309 331 338 372 383 411 462 511 588 693 704 735 737 771 806 917 942 959 961
24.6977547496 54.3650793651 28 0 5 8 10 13 14 15 16 26 27 30 33 38 39 40 41 41 42 42 43 43 45 46 47 47 48 48 49 0 0 156 169 179 263 280 296 401 409 465 473 563 582 597 601 637 664 721 723 747 784 838 851 887 904 913 968
38.8601036269 42.4603174603 28 0 2 7 12 14 15 17 18 20 22 23 24 26 27 30 34 34 34 35 36 37 38 40 41 41 46 47 49 0 125 127 148 230 233 259 279 301 308 407 410 438 468 532 555 573 593 613 648 684 692 736 738 793 800 862 963
55.4404145078 73.2142857143 28 0 4 5 5 6 7 8 8 16 22 23 26 27 30 30 31 32 33 35 36 37 38 40 44 44 47 48 48 0 134 159 218 238 246 278 300 314 331 369 383 438 489 530 536 547 597 609 658 703 765 777 808 812 813 943 944
64.2487046632 50.7936507937 28 0 3 6 6 7 9 14 15 17 20 20 21 23 24 24 25 31 31 32 33 35 37 37 37 38 39 48 48 0 147 152 199 202 283 292 316 392 420 465 552 561 561 580 620 634 663 709 750 763 765 769 777 890 925 948 963
30.9153713299 50.0 28 0 0 2 2 6 6 7 8 8 9 14 25 26 27 29 29 32 32 33 33 35 36 36 38 39 43 47 49 0 121 158 180 185 259 286 288 313 323 391 395 400 401 452 488 535 578 701 703 740 750 760 812 953 962 992 996
61.1398963731 51.7857142857 28 0 3 4 5 8 9 12 13 14 15 22 22 25 27 27 28 29 31 32 32 36 37 37 40 40 41 41 41 0 103 110 200 213 233 280 319 431 440 481 517 615 641 660 673 735 797 799 824 840 840 864 880 895 920 930 971
47.322970639 63.0952380952 28 0 0 1 1 4 5 8 8 13 14 17 17 18 20 21 25 25 27 27 27 29 34 34 37 38 39 41 48 0 120 121 150 173 189 191 225 286 305 337 341 407 415 439 440 469 471 492 592 609 625 679 717 749 852 917 945
62.1761658031 48.6111111111 28 0 1 5 7 9 10 12 13 18 18 19 20 21 23 24 25 28 28 35 36 37 42 43 44 44 48 48 48 0 148 160 202 214 307 317 372 431 448 454 518 545 588 592 612 676 701 765 780 781 817 827 851 874 958 961 997
50.9499136442 55.5555555556 28 0 0 2 2 7 8 9 10 11 12 13 16 20 24 26 28 30 30 33 35 36 36 37 37 38 47 48 48 0 117 126 173 175 195 223 236 243 291 344 379 427 482 505 506 559 564 569 648 654 660 717 747 823 938 948 984
42.3143350604 25.5952380952 28 0 0 1 3 4 5 7 7 7 8 9 11 13 14 17 17 20 28 29 30 33 35 36 37 37 41 46 46 0 0 119 127 263 276 343 374 380 408 448 479 497 500 540 595 638 651 682 747 767 788 838 895 905 918 935 952
18.9982728843 51.5873015873 28 0 2 6 11 11 12 16 18 21 21 21 24 27 27 28 29 33 34 34 38 39 41 44 44 45 47 47 49 0 125 150 156 187 193 253 292 328 389 437 510 610 630 700 715 720 725 761 793 793 824 838 866 876 877 911 989
31.4335060449 77.7777777778 28 0 0 1 2 3 5 7 7 8 13 19 23 24 25 26 27 32 33 38 38 38 39 40 41 44 44 45 48 0 165 217 228 241 299 302 353 386 390 405 462 510 511 569 581 606 638 674 726 749 835 838 863 908 913 945 952
49.3955094991 62.5 28 0 0 4 6 9 11 16 17 20 21 21 22 24 24 29 33 34 34 38 39 41 41 41 43 44 44 48 49 0 0 132 217 338 348 524 579 607 612 615 639 671 703 724 727 744 774 775 781 787 788 834 864 874 898 907 923
30.3972366149 35.3174603175 28 0 0 1 2 3 4 5 7 8 9 10 13 16 18 23 23 24 26 28 30 31 34 37 38 39 40 47 49 0 192 232 292 309 329 393 401 505 506 508 519 569 583 600 603 655 729 740 770 791 807 832 869 874 919 926 930
57.3402417962 0.0 28 0 0 5 5 13 14 14 15 16 18 19 21 22 22 24 24 25 26 27 28 29 30 33 37 39 41 43 49 0 146 158 173 262 276 318 346 357 360 384 414 450 496 556 576 580 591 609 669 707 747 833 836 842 894 955 974
74.9568221071 74.0079365079 28 0 1 2 3 3 5 7 10 15 17 17 17 19 21 21 27 28 29 30 30 31 33 34 37 37 39 42 48 0 133 150 214 259 291 295 329 347 381 400 420 424 516 522 549 569 656 672 747 770 787 790 891 895 908 945 952
57.3402417962 40.4761904762 28 0 1 3 4 5 6 9 12 14 14 16 18 20 20 22 23 24 25 27 29 34 34 39 39 41 42 47 49 0 115 172 183 186 188 288 291 385 399 406 408 421 517 580 582 598 680 715 731 795 799 820 835 926 954 978 992
15.1986183074 36.3095238095 28 0 0 7 12 13 13 14 14 15 15 17 19 19 20 21 22 23 25 25 27 30 31 32 32 36 39 43 45 0 149 252 276 331 363 434 523 536 556 566 572 599 639 648 667 688 736 748 750 767 773 786 831 843 924 934 948
58.2037996546 63.0952380952 28 0 1 1 4 9 11 11 12 16 17 18 18 18 19 20 21 22 24 25 26 30 35 35 36 39 40 46 49 0 245 251 279 316 359 387 388 436 466 492 521 524 641 678 693 693 725 734 739 824 829 853 868 901 950 994 994
16.4075993092 52.380952381 28 0 0 6 6 9 9 14 16 17 17 17 19 19 20 20 21 22 23 23 32 37 37 39 41 43 45 46 49 0 156 190 195 212 246 276 310 321 322 431 441 471 520 523 537 560 567 615 668 718 721 736 762 867 928 943 954
41.9689119171 82.9365079365 28 0 2 2 9 11 12 14 15 19 21 23 24 25 26 27 27 27 27 31 33 35 37 38 40 43 45 46 49 0 114 125 207 212 305 319 399 406 416 424 436 494 502 578 602 613 632 642 671 681 722 852 905 910 931 975 978
49.2227979275 75.7936507937 28 0 0 0 2 4 4 7 10 11 11 14 15 21 25 25 26 26 27 28 30 31 33 33 35 36 39 46 47 0 118 120 132 152 265 273 325 349 507 518 540 568 613 639 660 668 681 707 709 766 814 857 863 882 901 966 988
53.713298791 47.8174603175 28 0 3 3 8 10 13 18 19 21 23 24 25 27 27 28 30 30 31 31 34 35 36 40 40 41 44 49 49 0 152 180 203 224 249 279 280 335 335 384 436 461 466 490 519 553 554 579 630 640 655 659 790 852 858 861 949
64.2487046632 41.2698412698 28 0 4 10 11 13 17 17 17 18 18 19 19 20 20 21 21 22 22 23 24 31 31 35 38 41 43 49 49 0 145 175 280 342 388 396 432 485 526 544 587 598 625 642 651 665 678 680 725 746 752 764 788 812 867 918 932
32.6424870466 66.8650793651 28 0 0 0 5 7 8 12 14 14 16 18 19 19 20 27 27 31 34 39 40 42 43 44 46 47 47 47 49 0 108 181 182 233 238 251 330 333 341 442 492 498 507 519 618 621 702 712 714 790 845 851 872 905 932 955 958
34.7150259067 43.253968254 28 0 0 3 6 8 9 12 13 14 16 16 17 18 21 26 26 27 32 32 32 34 35 38 40 40 43 46 47 0 142 160 188 217 221 224 236 262 305 348 395 458 465 474 486 548 560 594 599 644 804 807 844 868 876 943 952
45.4231433506 68.4523809524 28 0 1 1 1 3 4 5 6 7 8 8 9 12 15 16 16 19 19 22 22 29 30 33 36 39 44 47 47 0 0 160 179 183 200 235 241 274 294 322 339 366 480 557 577 621 672 682 724 881 910 934 941 945 952 984 999
66.3212435233 70.0396825397 28 0 0 1 2 3 5 9 10 12 13 14 14 15 19 23 25 26 26 28 31 32 33 34 38 42 43 45 45 0 114 141 152 161 168 205 241 258 270 330 334 356 367 406 406 429 603 618 684 701 719 726 810 862 916 976 994
39.7236614853 51.5873015873 28 0 0 1 4 5 11 11 12 12 12 13 15 15 16 16 20 20 22 24 28 28 35 38 39 42 45 46 47 0 117 120 156 170 178 250 283 400 439 447 460 473 543 547 603 607 655 738 756 787 849 858 877 883 960 974 977
43.6960276339 40.4761904762 28 0 0 0 1 2 3 6 7 8 9 11 12 18 19 19 21 22 26 29 34 36 36 42 42 42 44 48 48 0 113 126 218 298 314 337 353 384 385 423 425 482 539 591 656 696 740 773 803 806 808 850 852 897 905 970 989
68.0483592401 23.4126984127 28 0 0 2 4 5 6 7 14 18 18 21 22 22 22 25 26 27 28 29 30 30 32 32 40 41 43 46 47 0 161 200 211 258 276 312 345 346 395 397 403 429 443 454 470 562 588 593 618 618 644 704 789 828 848 919 978
35.2331606218 56.746031746 28 0 2 4 5 7 9 10 12 13 21 23 24 24 27 30 32 33 34 34 35 39 39 42 44 44 45 45 46 0 0 156 164 197 295 304 377 402 404 405 409 437 450 496 500 562 599 617 622 625 667 703 709 794 854 909 982
57.6856649396 34.7222222222 28 0 0 2 3 5 5 6 6 7 8 17 17 21 22 23 27 34 36 37 38 40 41 41 41 43 44 45 46 0 0 221 273 368 371 403 419 427 438 454 457 556 564 570 578 580 588 603 612 647 659 696 829 853 913 938 988
58.5492227979 33.7301587302 28 0 0 4 7 8 10 10 12 16 17 22 23 24 25 27 28 28 29 30 31 33 36 45 46 46 49 49 49 0 136 141 155 206 207 224 230 258 271 277 303 351 382 382 389 431 510 547 586 621 630 641 698 787 929 967 987
73.5751295337 15.6746031746 28 0 4 5 7 7 12 13 15 16 18 20 21 22 22 25 26 27 33 33 33 34 37 38 44 45 48 48 49 0 111 129 134 159 215 279 303 345 349 365 388 412 418 421 494 506 550 578 616 619 620 727 827 880 913 960 974
62.6943005181 34.9206349206 28 0 0 4 6 6 9 10 11 15 19 20 23 26 27 27 31 33 35 35 35 36 37 38 39 39 40 41 42 0 107 131 155 175 184 193 212 279 339 368 383 394 400 410 445 491 523 527 626 670 672 676 727 736 787 886 927
49.3955094991 34.9206349206 28 0 0 1 1 9 9 9 9 9 11 14 16 18 23 24 25 25 28 29 32 34 38 41 41 42 46 48 49 0 134 173 191 218 241 300 306 355 367 451 460 516 561 582 583 603 608 647 686 697 708 734 803 941 986 986 989
41.6234887737 58.7301587302 28 0 4 4 7 8 12 13 14 15 15 16 17 18 20 20 21 22 29 33 40 41 44 44 44 46 46 47 48 0 113 120 161 165 201 210 243 298 310 359 421 422 430 512 535 561 586 597 616 626 648 664 704 712 822 834 980
66.3212435233 25.1984126984 28 0 4 5 5 6 6 7 12 16 17 17 19 21 22 22 24 28 29 31 32 32 34 35 37 39 41 45 45 0 123 140 195 209 235 249 270 323 347 393 435 458 459 503 507 573 594 662 697 766 773 782 856 867 940 955 988
22.9706390328 51.9841269841 28 0 1 1 2 4 6 9 10 16 16 18 18 22 24 27 30 30 31 35 37 38 42 43 44 45 46 47 49 0 105 126 154 171 213 245 296 328 360 435 465 479 523 612 617 649 689 743 751 752 794 862 868 886 904 906 923
58.7219343696 51.9841269841 28 0 1 7 10 10 12 16 18 19 19 23 24 26 29 31 31 33 35 37 40 41 42 43 45 46 46 47 47 0 143 217 232 276 309 333 359 379 386 396 449 459 469 488 493 562 580 614 654 671 701 701 794 820 833 915 966
57.5129533679 47.8174603175 28 0 2 5 5 9 9 10 11 12 13 15 16 20 22 24 27 28 31 32 34 35 36 36 37 44 45 47 49 0 0 265 283 292 296 309 339 379 405 411 427 450 494 515 690 706 710 760 762 808 845 863 870 908 965 970 976
44.5595854922 25.3968253968 28 0 4 7 10 13 13 14 14 15 17 17 18 19 22 24 27 27 28 29 31 32 32 33 34 37 44 45 49 0 115 135 173 183 223 224 232 281 385 445 459 465 486 493 544 557 581 623 685 725 787 796 838 869 980 988 997
55.2677029361 46.8253968254 28 0 0 2 3 4 5 6 6 7 11 11 12 13 13 13 14 16 17 18 20 23 26 28 28 39 45 47 49 0 206 216 229 247 391 408 437 477 500 505 523 528 539 570 597 612 644 659 695 768 774 779 812 857 900 949 989
21.7616580311 25.7936507937 28 0 1 2 9 12 19 22 22 22 24 26 27 30 31 31 31 32 38 40 42 43 43 43 46 47 47 48 49 0 168 170 174 177 216 239 269 292 323 365 396 454 532 553 644 673 716 806 815 827 828 828 848 857 873 893 918
30.0518134715 89.2857142857 28 0 0 0 1 1 5 7 10 11 13 14 14 18 20 22 24 26 26 27 29 33 34 34 40 42 43 44 49 0 137 147 151 155 193 303 337 344 352 387 447 546 653 729 752 790 806 811 815 847 850 876 879 900 917 957 974
58.5492227979 36.1111111111 28 0 2 3 7 8 11 11 16 18 21 22 22 24 24 27 29 30 34 36 36 36 37 37 37 42 43 47 49 0 138 172 253 268 289 343 348 356 374 388 399 405 428 443 470 472 635 656 673 743 749 770 805 925 934 942 944
56.3039723661 56.9444444444 28 0 0 0 4 5 6 8 9 10 11 15 16 16 27 27 30 32 33 33 34 35 37 38 41 42 44 48 49 0 0 108 126 156 232 237 242 327 405 409 430 462 472 506 625 672 682 753 759 768 795 846 858 903 934 938 999
55.6131260794 28.1746031746 28 0 0 4 6 6 6 7 8 10 11 12 13 14 17 19 21 25 25 28 28 30 31 37 38 39 42 45 46 0 104 138 187 317 337 365 372 420 455 465 479 492 497 524 525 667 692 745 767 767 805 874 891 908 948 950 994
34.7150259067 37.6984126984 28 0 2 2 2 5 6 7 13 13 14 15 20 23 24 30 33 35 35 36 39 39 41 43 44 45 47 47 49 0 157 163 185 194 197 199 216 237 289 332 343 346 360 430 455 460 464 526 545 566 569 622 804 813 827 920 990
41.2780656304 78.373015873 28 0 1 2 5 6 8 11 11 14 15 16 19 19 21 21 23 24 26 28 31 31 33 39 39 43 46 48 48 0 114 116 128 157 162 244 272 276 298 316 436 485 561 575 634 662 701 718 740 758 783 821 840 886 897 946 961
39.5509499136 65.6746031746 28 0 0 2 4 5 6 8 13 17 19 21 25 26 29 31 33 33 34 35 35 38 39 40 41 44 45 47 49 0 0 105 173 250 337 338 339 348 379 386 391 439 600 603 657 692 699 700 719 723 773 864 895 933 948 961 966
37.3056994819 17.6587301587 28 0 1 1 4 5 7 8 10 11 17 17 19 21 23 24 25 25 29 32 36 36 39 40 40 40 43 46 47 0 107 178 238 238 399 468 478 498 506 578 584 613 614 643 658 661 669 695 824 840 850 852 906 917 925 958 963
39.7236614853 5.15873015873 28 0 4 6 7 9 12 15 19 20 21 24 25 29 30 33 35 38 39 39 40 45 45 46 47 47 47 49 49 0 139 154 215 249 351 479 503 521 538 541 575 602 604 639 675 691 706 764 767 824 880 885 920 924 947 951 965
55.6131260794 17.0634920635 28 0 1 4 7 8 9 10 10 16 19 23 25 26 27 27 29 30 32 35 35 42 44 44 46 46 46 47 47 0 117 132 145 153 280 325 350 444 512 516 517 554 565 580 689 798 833 837 858 860 883 885 889 914 922 970 976
84.4559585492 35.9126984127 28 0 1 3 4 4 8 8 8 9 10 13 14 18 18 23 26 27 28 30 33 34 36 39 40 45 48 49 49 0 0 141 156 197 233 265 351 361 383 419 421 427 461 478 510 561 662 713 754 794 828 839 884 886 915 925 952
65.8031088083 100.0 28 0 0 1 4 4 4 7 9 10 11 13 13 15 15 17 17 20 22 22 26 30 35 40 40 43 46 47 48 0 100 166 167 253 262 345 348 373 387 388 405 408 408 416 512 577 716 760 787 807 820 825 861 901 912 932 988
69.0846286701 53.7698412698 28 0 0 3 4 9 10 10 11 11 12 16 17 22 24 29 29 29 30 31 38 42 43 44 44 44 45 48 49 0 113 114 141 187 291 304 339 383 409 416 431 436 496 548 555 608 631 717 727 775 805 878 889 889 917 984 990
52.1588946459 79.7619047619 28 0 3 4 9 9 10 11 14 14 16 18 21 25 26 27 29 35 35 36 36 37 41 41 44 46 46 47 48 0 113 121 135 150 194 248 295 324 333 357 374 387 387 395 409 472 510 558 603 617 713 761 866 922 961 974 982
61.6580310881 72.0238095238 28 0 0 3 4 13 14 16 17 19 22 25 27 27 29 29 30 32 32 32 34 36 37 39 42 43 43 44 44 0 107 119 166 194 281 300 329 417 451 465 482 484 486 567 588 652 696 706 757 762 771 797 801 816 911 911 985
47.322970639 43.8492063492 28 0 0 1 1 3 4 7 9 13 14 18 18 19 25 28 28 29 29 35 40 42 43 43 44 44 46 46 49 0 220 241 289 302 314 328 362 372 376 426 446 448 454 521 579 592 667 702 725 741 751 818 838 862 925 964 980
314
50.0 47.1304347826 7
82.5268817204 42.7826086957 4
80.6451612903 71.3043478261 1
62.2311827957 53.0434782609 6
49.1935483871 54.7826086957 1
68.5483870968 70.0869565217 3
76.8817204301 32.347826087 1
65.0537634409 51.8260869565 5
67.2043010753 89.0434782609 4
75.6720430108 27.1304347826 9
71.7741935484 70.2608695652 2
96.5053763441 58.7826086957 3
77.1505376344 27.8260869565 5
59.811827957 64.8695652174 9
77.8225806452 34.2608695652 8
65.7258064516 56.5217391304 2
80.5107526882 59.3043478261 3
80.5107526882 30.7826086957 4
89.247311828 49.2173913043 5
76.4784946237 60.347826087 4
42.4731182796 34.2608695652 8
80.9139784946 37.2173913043 1
86.1559139785 0.0 3
57.7956989247 63.4782608696 9
69.8924731183 66.4347826087 8
72.9838709677 45.7391304348 4
73.3870967742 28.6956521739 6
66.1290322581 53.5652173913 9
62.0967741935 46.4347826087 8
61.2903225806 67.1304347826 7
59.4086021505 77.5652173913 3
71.3709677419 55.652173913 9
88.7096774194 36.0 7
78.8978494624 81.3913043478 8
79.9731182796 35.1304347826 6
78.4946236559 35.4782608696 6
71.5053763441 60.347826087 3
71.7741935484 56.1739130435 2
74.3279569892 64.5217391304 3
63.8440860215 76.1739130435 5
68.1451612903 47.652173913 1
66.1290322581 66.9565217391 7
75.4032258065 61.2173913043 4
59.811827957 72.0 8
60.752688172 70.9565217391 2
74.1935483871 53.3913043478 7
61.1559139785 67.1304347826 2
70.564516129 39.8260869565 2
46.2365591398 32.1739130435 2
71.3709677419 55.3043478261 6
70.9677419355 63.1304347826 2
61.4247311828 60.347826087 8
84.6774193548 55.3043478261 6
66.5322580645 58.2608695652 5
58.3333333333 16.8695652174 1
68.5483870968 39.1304347826 6
70.2956989247 36.347826087 4
65.4569892473 59.8260869565 2
62.9032258065 64.5217391304 1
64.7849462366 65.0434782609 8
32.9301075269 81.3913043478 5
77.2849462366 63.3043478261 2
49.4623655914 53.3913043478 6
62.2311827957 33.7391304348 8
77.5537634409 53.9130434783 2
79.0322580645 25.9130434783 1
64.1129032258 54.7826086957 8
75.8064516129 71.4782608696 2
97.5806451613 62.6086956522 8
37.2311827957 38.9565217391 9
51.747311828 50.9565217391 4
67.7419354839 68.5217391304 7
61.0215053763 49.3913043478 6
69.8924731183 47.3043478261 1
56.9892473118 62.6086956522 3
66.5322580645 56.6956521739 1
70.1612903226 58.2608695652 8
64.1129032258 69.7391304348 2
49.3279569892 36.0 5
67.4731182796 32.347826087 2
67.4731182796 69.7391304348 8
93.5483870968 57.5652173913 1
58.7365591398 65.9130434783 7
90.188172043 28.8695652174 7
86.6935483871 33.2173913043 4
63.3064516129 63.3043478261 2
83.8709677419 44.6956521739 7
55.5107526882 76.1739130435 5
60.752688172 57.9130434783 6
75.8064516129 57.5652173913 2
74.1935483871 48.5217391304 6
82.2580645161 36.0 6
45.2956989247 78.7826086957 4
80.7795698925 52.1739130435 2
60.4838709677 72.347826087 3
79.3010752688 37.0434782609 7
43.6827956989 15.1304347826 3
68.8172043011 48.0 5
32.2580645161 66.2608695652 9
39.3817204301 44.1739130435 8
73.1182795699 15.8260869565 8
61.8279569892 48.8695652174 3
52.9569892473 80.0 5
69.2204301075 30.4347826087 4
82.2580645161 86.7826086957 6
69.4892473118 90.2608695652 8
72.4462365591 64.347826087 6
62.9032258065 42.0869565217 3
70.8333333333 42.0869565217 2
48.252688172 32.347826087 7
73.5215053763 45.5652173913 5
54.7043010753 57.5652173913 2
86.9623655914 72.1739130435 7
64.7849462366 44.8695652174 5
50.4032258065 74.4347826087 1
75.0 34.0869565217 2
79.435483871 100.0 8
95.0268817204 36.1739130435 5
60.8870967742 56.0 1
73.3870967742 42.6086956522 5
96.2365591398 56.347826087 3
76.2096774194 44.0 4
69.3548387097 63.8260869565 5
85.3494623656 46.6086956522 5
68.5483870968 80.6956521739 4
64.3817204301 47.4782608696 4
57.123655914 61.3913043478 2
100.0 64.6956521739 8
79.9731182796 37.7391304348 3
55.2419354839 81.7391304348 7
39.247311828 61.0434782609 5
52.688172043 71.4782608696 1
85.2150537634 15.4782608696 9
93.6827956989 76.8695652174 7
56.0483870968 73.5652173913 7
79.1666666667 31.3043478261 5
64.247311828 55.1304347826 6
70.2956989247 53.3913043478 7
62.0967741935 60.0 8
89.1129032258 68.8695652174 1
87.3655913978 50.4347826087 3
61.1559139785 44.5217391304 3
55.1075268817 63.1304347826 7
67.3387096774 63.4782608696 9
55.2419354839 32.347826087 4
50.5376344086 34.4347826087 8
63.3064516129 41.2173913043 5
66.3978494624 22.6086956522 9
63.4408602151 75.1304347826 1
71.7741935484 30.9565217391 3
90.9946236559 78.0869565217 3
58.1989247312 27.8260869565 8
68.2795698925 56.347826087 8
84.9462365591 73.9130434783 6
63.0376344086 29.3913043478 6
93.8172043011 67.8260869565 3
59.6774193548 53.9130434783 3
56.8548387097 74.7826086957 6
76.6129032258 67.3043478261 6
34.9462365591 70.7826086957 6
72.7150537634 74.0869565217 6
64.1129032258 92.347826087 2
73.9247311828 33.3913043478 1
80.9139784946 66.9565217391 7
83.1989247312 54.6086956522 9
67.0698924731 64.6956521739 9
42.876344086 57.3913043478 6
62.2311827957 74.2608695652 3
68.9516129032 42.2608695652 5
35.0806451613 46.7826086957 8
82.2580645161 32.5217391304 1
42.0698924731 78.0869565217 6
49.8655913978 72.0 6
64.9193548387 64.8695652174 4
75.2688172043 71.4782608696 2
82.3924731183 36.1739130435 8
62.5 74.4347826087 7
39.6505376344 50.9565217391 9
45.1612903226 64.6956521739 5
54.8387096774 78.9565217391 2
32.6612903226 53.9130434783 7
84.811827957 60.1739130435 5
92.7419354839 51.3043478261 4
62.6344086022 59.1304347826 9
0.0 67.8260869565 4
47.4462365591 44.1739130435 8
78.8978494624 33.2173913043 9
54.0322580645 17.3913043478 3
60.3494623656 47.4782608696 7
77.688172043 59.8260869565 2
62.3655913978 43.652173913 5
82.2580645161 42.7826086957 8
60.752688172 80.0 7
73.252688172 40.5217391304 6
85.0806451613 62.9565217391 3
69.0860215054 42.6086956522 4
68.5483870968 45.5652173913 5
85.0806451613 59.652173913 3
64.3817204301 45.7391304348 9
59.5430107527 67.8260869565 3
72.7150537634 35.652173913 3
60.4838709677 29.2173913043 1
68.6827956989 75.3043478261 3
55.9139784946 25.9130434783 6
69.3548387097 77.7391304348 5
75.9408602151 38.0869565217 7
66.2634408602 59.652173913 7
63.7096774194 57.2173913043 5
72.0430107527 42.7826086957 9
44.3548387097 29.5652173913 4
73.9247311828 63.3043478261 3
77.688172043 52.5217391304 9
60.752688172 75.652173913 3
54.8387096774 92.0 4
88.1720430108 48.8695652174 7
93.8172043011 41.5652173913 9
79.435483871 55.8260869565 4
68.0107526882 77.2173913043 7
87.3655913978 40.0 5
91.3978494624 49.0434782609 1
49.1935483871 62.2608695652 6
49.3279569892 42.7826086957 5
92.876344086 38.4347826087 6
88.0376344086 47.652173913 6
91.8010752688 63.8260869565 6
70.8333333333 45.7391304348 7
61.6935483871 42.4347826087 3
72.311827957 77.2173913043 2
68.9516129032 41.0434782609 7
71.1021505376 61.9130434783 1
61.5591397849 79.8260869565 8
82.2580645161 88.347826087 5
75.0 55.1304347826 5
50.6720430108 59.3043478261 5
72.5806451613 24.6956521739 6
56.1827956989 18.0869565217 9
72.7150537634 78.7826086957 6
57.3924731183 49.2173913043 7
70.6989247312 53.2173913043 7
72.311827957 54.0869565217 6
86.4247311828 66.6086956522 5
85.0806451613 70.2608695652 8
91.6666666667 54.4347826087 5
58.8709677419 32.8695652174 2
61.6935483871 34.4347826087 1
74.5967741935 50.0869565217 7
43.2795698925 85.3913043478 5
79.435483871 77.2173913043 3
61.8279569892 62.0869565217 3
86.9623655914 62.9565217391 5
34.5430107527 50.4347826087 6
67.6075268817 50.2608695652 9
79.5698924731 22.9565217391 7
65.8602150538 45.9130434783 3
83.1989247312 38.6086956522 5
73.3870967742 70.7826086957 1
75.1344086022 57.2173913043 2
83.8709677419 50.7826086957 7
75.0 70.9565217391 1
68.2795698925 41.3913043478 6
84.1397849462 85.2173913043 5
87.9032258065 46.0869565217 5
73.3870967742 35.8260869565 4
69.8924731183 84.1739130435 4
60.752688172 66.4347826087 2
72.5806451613 64.8695652174 9
76.4784946237 27.3043478261 7
54.5698924731 25.7391304348 1
72.9838709677 83.4782608696 2
76.747311828 63.4782608696 9
58.1989247312 37.2173913043 2
62.2311827957 47.652173913 2
76.6129032258 39.1304347826 6
88.5752688172 95.8260869565 4
54.435483871 43.1304347826 9
93.1451612903 41.0434782609 3
75.0 81.5652173913 1
75.2688172043 13.3913043478 9
53.8978494624 42.2608695652 2
51.0752688172 62.0869565217 2
81.5860215054 36.8695652174 5
71.9086021505 72.5217391304 6
79.1666666667 57.3913043478 3
74.3279569892 29.0434782609 8
57.3924731183 42.4347826087 1
71.1021505376 44.5217391304 9
70.2956989247 58.4347826087 4
74.0591397849 66.2608695652 7
75.0 91.4782608696 9
63.7096774194 49.3913043478 4
71.3709677419 46.9565217391 5
66.935483871 56.5217391304 6
61.1559139785 68.8695652174 1
43.8172043011 40.6956521739 1
66.935483871 43.3043478261 4
86.1559139785 69.9130434783 2
90.7258064516 38.4347826087 6
73.1182795699 38.2608695652 8
81.3172043011 49.5652173913 5
72.5806451613 63.3043478261 9
67.2043010753 25.7391304348 6
62.9032258065 66.0869565217 9
85.752688172 55.1304347826 6
77.688172043 34.9565217391 3
77.9569892473 76.8695652174 4
72.5806451613 49.0434782609 5
73.7903225806 69.0434782609 2
63.4408602151 69.2173913043 1
87.3655913978 78.9565217391 6
65.4569892473 62.6086956522 9
84.0053763441 63.652173913 2
69.4892473118 67.652173913 4
51.4784946237 48.5217391304 8
55.7795698925 49.2173913043 2
