240
40.4942965779 46.0972017673 22 0 1 2 3 3 5 7 19 21 22 22 23 23 24 26 28 34 40 41 42 43 48 0 102 108 116 174 267 342 373 449 522 565 617 682 719 730 830 835 843 896 918 966 974
65.5893536122 23.7113402062 22 0 1 3 3 9 10 15 15 16 19 20 20 22 22 28 30 41 42 42 43 43 48 0 106 115 149 191 244 318 331 348 395 450 469 475 565 795 803 808 921 947 947 958 965
83.8403041825 40.795287187 22 0 1 5 5 7 15 15 16 16 17 19 20 21 27 28 31 31 33 37 42 42 44 0 128 152 183 210 293 316 360 398 401 408 418 483 535 560 579 640 656 813 871 897 995
73.5741444867 22.6804123711 22 0 1 2 7 11 13 14 16 21 24 26 26 26 27 28 29 30 32 34 37 42 45 0 162 231 361 419 436 466 504 535 537 552 610 613 630 684 695 710 724 771 791 977 990
83.6501901141 56.7010309278 22 0 1 2 2 3 4 5 7 11 13 18 19 22 25 33 34 35 37 40 41 43 48 0 127 222 333 344 372 476 501 537 564 569 600 641 664 670 717 784 889 904 924 959 971
82.1292775665 30.7805596465 22 0 0 2 3 3 4 13 17 21 26 27 35 35 35 35 37 40 42 42 45 47 48 0 113 143 213 274 275 290 331 331 388 415 416 422 448 458 543 572 717 726 790 804 875
40.6844106464 33.8733431517 22 0 2 3 3 4 5 6 8 8 9 11 12 14 19 22 23 23 24 35 38 43 44 0 0 157 181 259 269 276 313 360 376 383 492 508 527 552 601 717 718 721 783 843 906
13.3079847909 23.7113402062 22 0 3 6 12 14 15 15 16 17 19 20 20 22 23 26 27 28 31 36 42 43 48 0 0 107 148 207 211 311 342 419 420 453 556 557 597 659 680 770 814 928 938 967 987
34.6007604563 37.1134020619 22 0 3 4 6 7 9 18 19 20 27 27 35 35 36 37 38 38 40 41 42 43 47 0 0 148 177 260 262 270 319 347 347 373 374 508 514 583 625 656 726 785 794 832 975
48.8593155894 58.1737849779 22 0 5 9 9 15 20 21 23 29 29 30 30 33 35 36 37 41 42 43 45 45 46 0 313 329 366 389 392 476 491 499 551 614 616 618 681 792 832 847 853 878 886 894 964
64.2585551331 41.6789396171 22 0 0 0 0 1 10 10 11 13 15 18 23 23 24 25 28 31 37 43 44 46 47 0 173 250 289 337 346 366 370 388 429 477 528 556 562 716 752 771 795 841 863 913 967
40.1140684411 39.617083947 22 0 3 3 4 5 6 16 17 30 30 33 33 35 35 39 40 44 44 45 46 48 49 0 0 133 156 161 168 176 206 216 218 285 372 383 385 432 710 713 756 766 861 950 969
53.2319391635 32.5478645066 22 0 5 7 9 11 12 13 17 19 20 21 26 27 28 29 32 34 36 36 42 42 45 0 0 101 108 126 174 214 241 304 366 438 511 529 574 577 587 609 679 717 910 923 939
63.6882129278 21.7967599411 22 0 2 6 9 13 16 18 18 19 20 24 25 26 27 29 31 31 32 32 49 49 49 0 102 160 183 233 246 317 359 420 430 515 521 706 729 751 756 859 869 912 928 962 999
33.8403041825 32.4005891016 22 0 3 14 14 15 20 21 22 22 27 28 28 30 31 34 37 37 37 39 40 44 47 0 322 325 340 354 390 455 488 521 523 540 595 602 626 733 742 771 772 790 866 876 895
60.4562737643 45.3608247423 22 0 0 5 7 12 14 14 18 22 23 26 28 29 29 31 35 40 40 48 48 49 49 0 106 119 154 318 328 329 387 398 399 476 480 512 532 546 636 714 804 818 831 834 922
61.7870722433 61.8556701031 22 0 0 3 3 3 6 6 6 15 16 16 17 24 25 30 31 32 33 33 34 34 42 0 163 169 200 204 230 264 301 365 429 446 466 517 627 678 698 734 756 766 865 872 920
5.32319391635 46.3917525773 22 0 3 3 4 5 11 13 19 19 19 22 22 28 30 30 37 38 43 44 47 49 49 0 192 198 226 264 289 306 342 359 431 457 458 565 661 670 675 693 719 730 738 740 874
58.9353612167 63.6229749632 22 0 1 2 2 3 3 5 7 10 13 16 17 19 21 21 23 28 36 37 38 39 44 0 115 185 346 357 368 420 447 487 532 594 639 709 717 809 843 865 896 964 976 993 994
55.7034220532 5.44918998527 22 0 7 8 10 11 17 18 21 21 21 24 25 28 32 37 41 42 43 44 46 47 49 0 113 256 396 484 493 524 527 540 583 690 696 721 737 752 763 772 833 843 887 941 969
7.60456273764 67.0103092784 22 0 1 3 3 11 12 12 14 15 22 22 25 29 36 40 41 42 44 44 48 49 49 0 0 156 159 184 298 363 416 441 523 535 546 700 741 820 897 910 921 923 944 982 987
51.711026616 41.8262150221 22 0 4 4 13 13 13 14 14 14 17 18 20 20 24 28 37 37 40 42 44 47 49 0 136 179 256 297 310 319 355 372 387 492 551 606 629 647 760 879 887 891 965 978 988
85.9315589354 29.1605301915 22 0 7 7 7 10 10 10 12 14 16 19 21 21 27 32 32 36 39 44 47 48 48 0 0 289 289 337 395 421 434 496 508 510 604 607 671 672 743 753 801 914 937 969 976
57.0342205323 29.1605301915 22 0 0 4 6 11 16 21 22 23 26 28 29 32 33 35 35 37 39 41 42 43 48 0 0 102 295 321 323 332 369 375 448 581 583 586 623 631 752 816 836 839 850 851 891
36.1216730038 29.4550810015 22 0 0 2 3 5 5 12 19 20 22 22 24 25 26 27 29 38 41 42 43 48 49 0 121 149 301 315 322 332 370 370 462 468 546 663 710 768 832 842 858 919 922 948 981
69.391634981 35.3460972018 22 0 8 8 11 18 23 24 25 25 29 30 30 31 32 32 33 34 35 35 39 45 48 0 0 122 239 315 326 385 408 508 523 607 613 638 689 716 758 830 844 891 893 938 961
47.7186311787 69.6612665685 22 0 0 4 4 5 10 12 13 15 20 21 29 38 38 38 38 43 44 46 47 48 48 0 178 182 190 320 338 346 353 486 499 534 593 643 673 712 790 828 848 851 918 934 984
15.7794676806 55.2282768778 22 0 0 2 5 7 9 9 17 20 21 28 29 29 30 30 31 33 35 42 46 48 49 0 102 137 173 198 207 245 307 334 342 398 471 472 493 623 677 684 737 802 866 874 984
56.463878327 18.9985272459 22 0 1 3 7 7 14 18 21 21 23 31 39 40 42 43 43 44 44 45 45 45 45 0 0 110 120 223 242 481 496 506 520 647 661 689 689 697 733 735 815 816 841 898 922
52.6615969582 25.0368188513 22 0 0 5 6 9 13 15 15 23 31 31 33 33 33 36 37 37 41 46 47 47 49 0 110 158 171 253 254 333 346 411 423 456 463 464 545 597 702 746 756 925 942 952 982
39.9239543726 42.8571428571 22 0 3 9 12 12 13 14 15 19 21 22 22 24 28 29 29 30 30 33 37 41 43 0 0 177 292 311 441 447 492 494 528 556 558 558 653 660 736 781 804 804 828 876 888
83.8403041825 67.8939617084 22 0 2 5 6 9 10 11 11 15 15 15 16 22 22 22 22 24 27 31 32 34 36 0 124 148 163 177 214 317 366 390 394 432 468 481 500 506 568 603 654 721 800 895 898
54.1825095057 38.2916053019 22 0 1 1 7 11 13 14 15 16 17 19 19 22 26 26 27 29 29 32 32 42 48 0 106 141 148 177 182 266 296 328 450 669 671 671 771 820 832 847 873 919 932 933 951
86.6920152091 45.6553755523 22 0 5 8 10 10 10 13 13 20 24 25 25 29 31 31 31 32 34 40 41 43 45 0 0 103 242 256 328 332 378 509 550 577 663 699 738 739 740 797 883 895 904 940 949
0.0 29.3078055965 22 0 1 3 5 6 7 8 11 12 14 28 28 28 36 36 37 40 40 42 46 47 48 0 219 289 297 323 327 406 499 573 583 669 716 747 780 786 794 800 851 916 980 992 993
30.2281368821 36.5243004418 22 0 4 4 8 9 10 12 14 17 18 18 19 19 24 24 25 30 34 37 43 47 48 0 0 153 339 358 392 463 571 588 589 595 619 707 711 724 782 800 809 943 943 952 963
80.7984790875 13.8438880707 22 0 2 3 6 7 8 9 11 13 13 18 19 19 21 23 25 26 29 31 37 40 48 0 0 158 159 197 294 346 350 361 572 632 687 703 710 724 764 815 847 850 858 973 992
68.4410646388 21.9440353461 22 0 1 3 5 6 6 8 14 20 26 28 29 31 31 35 36 39 40 41 46 46 46 0 0 122 165 193 228 367 380 435 458 471 475 546 617 749 792 811 828 841 900 926 940
48.288973384 34.0206185567 22 0 0 1 3 4 5 7 11 12 13 17 21 26 32 33 34 35 36 40 40 45 48 0 102 251 275 294 310 354 398 429 457 510 541 563 623 660 677 704 705 873 890 892 922
58.7452471483 45.9499263623 22 0 1 1 6 7 8 8 11 14 15 16 20 21 26 29 34 35 41 42 44 45 46 0 147 338 370 370 385 400 493 537 563 664 699 732 768 775 796 863 884 891 903 941 988
46.7680608365 37.1134020619 22 0 1 3 3 5 22 22 23 24 25 28 29 32 32 33 36 37 39 41 46 46 47 0 105 106 136 169 188 202 221 265 369 418 508 537 558 605 654 671 766 800 837 926 979
52.4714828897 46.5390279823 22 0 2 10 12 14 17 18 20 23 24 25 28 29 34 34 40 40 41 44 46 47 49 0 121 189 220 223 271 277 280 291 298 304 326 421 480 525 526 553 585 671 707 937 995
84.6007604563 20.618556701 22 0 2 11 18 20 21 22 23 26 27 27 29 31 33 35 36 37 40 41 44 44 49 0 116 257 279 297 305 320 326 398 488 563 577 683 725 730 739 804 832 873 922 941 951
70.9125475285 17.6730486009 22 0 1 5 6 14 17 22 26 27 30 33 35 35 36 38 38 38 41 43 45 45 49 0 0 138 148 230 247 361 386 404 414 476 511 523 567 683 735 762 778 780 808 812 856
47.9087452471 48.3063328424 22 0 0 1 3 6 12 14 20 23 24 24 24 25 33 33 35 36 42 45 46 46 47 0 263 286 287 327 328 369 378 388 406 455 486 500 503 654 698 705 872 916 920 945 947
48.0988593156 35.7879234168 22 0 0 0 7 11 11 17 18 18 18 20 26 26 26 29 31 38 38 39 41 44 44 0 204 205 213 251 253 324 443 450 490 503 532 581 601 625 636 642 753 956 956 989 999
68.2509505703 52.4300441826 22 0 1 3 3 8 12 19 22 26 27 29 30 31 32 32 36 37 41 42 42 44 47 0 113 139 181 287 313 392 401 418 461 498 513 532 570 663 728 768 783 793 925 936 991
51.711026616 46.2444771723 22 0 1 3 4 4 5 5 9 11 11 19 19 20 22 25 27 33 39 42 43 43 47 0 0 137 341 348 351 356 383 412 469 592 631 636 660 698 853 918 923 947 975 984 994
55.8935361217 28.5714285714 22 0 1 2 3 7 9 11 15 16 17 19 20 27 27 28 29 40 42 43 43 47 49 0 0 109 184 225 248 261 264 351 373 385 415 447 461 477 601 635 737 760 773 860 897
70.1520912548 17.0839469809 22 0 2 5 7 8 9 9 10 10 13 15 15 20 31 33 35 43 43 43 43 43 45 0 0 162 174 200 221 237 243 246 366 376 438 442 546 550 567 682 686 739 829 842 956
58.7452471483 27.2459499264 22 0 1 4 5 7 9 9 16 21 23 26 27 29 30 30 31 36 36 44 45 46 47 0 184 256 307 348 357 443 463 466 483 494 593 620 681 756 764 853 877 913 921 992 997
30.608365019 29.3078055965 22 0 0 7 10 20 26 26 26 28 28 31 32 36 37 39 42 42 44 45 45 46 49 0 127 148 154 263 305 326 433 533 534 548 597 641 691 700 701 818 904 932 982 990 998
78.7072243346 30.3387334315 22 0 0 2 2 2 11 13 14 17 20 26 26 29 32 41 44 45 45 45 46 47 48 0 0 122 207 258 317 330 350 352 425 537 627 657 700 705 720 727 748 754 791 900 947
33.6501901141 42.7098674521 22 0 3 6 7 10 11 12 15 18 21 22 26 26 27 30 33 34 36 39 42 43 43 0 0 136 164 197 203 243 306 370 428 430 442 481 496 518 519 554 642 643 668 897 959
38.4030418251 41.0898379971 22 0 3 7 10 15 15 15 16 16 18 20 21 22 25 31 34 35 37 37 44 44 46 0 0 112 113 159 173 211 220 277 278 310 383 405 455 460 472 517 605 651 680 737 743
57.6045627376 57.1428571429 22 0 0 5 7 9 10 15 15 17 20 23 24 24 24 25 26 26 28 33 36 45 46 0 0 104 134 135 149 189 213 227 356 361 399 431 451 542 677 739 793 837 914 921 987
74.3346007605 38.8807069219 22 0 2 2 2 3 11 12 12 13 17 21 26 26 28 29 30 36 36 37 40 41 45 0 191 287 311 314 337 359 388 535 579 667 678 692 805 852 940 944 946 978 986 995 997
75.855513308 27.0986745214 22 0 2 6 6 9 11 13 13 15 16 17 18 23 26 27 32 32 34 38 41 48 49 0 144 165 191 223 240 420 424 438 442 547 565 608 627 689 726 805 813 870 919 940 964
45.0570342205 15.9057437408 22 0 2 3 6 8 9 11 18 21 21 24 26 26 28 31 35 40 40 42 43 45 49 0 144 173 174 301 350 364 365 405 436 443 485 501 523 535 597 679 685 698 878 988 993
46.0076045627 69.2194403535 22 0 5 7 7 10 10 11 14 15 20 22 22 24 25 35 37 44 44 44 44 48 49 0 255 259 268 333 346 416 428 457 480 480 620 770 785 791 893 902 923 926 933 948 980
40.8745247148 51.9882179676 22 0 1 1 2 5 5 6 9 11 11 24 25 27 29 29 32 35 35 39 41 43 48 0 0 133 204 234 259 419 442 499 544 618 625 647 691 717 746 852 868 899 938 971 983
21.102661597 49.3372606775 22 0 10 13 15 17 17 26 27 29 31 32 32 32 33 33 39 40 41 45 47 49 49 0 0 139 150 150 179 338 373 444 479 503 525 573 675 722 727 758 819 821 859 918 919
45.247148289 32.8424153166 22 0 0 1 5 6 10 13 14 16 19 23 24 25 25 30 31 35 36 45 45 45 48 0 0 151 188 189 208 277 304 421 496 508 564 603 644 748 756 768 782 837 953 957 962
48.4790874525 37.4079528719 22 0 4 4 4 9 10 15 15 16 21 24 24 26 26 28 31 31 39 43 45 47 47 0 109 127 127 152 182 184 246 302 345 491 516 604 646 648 653 773 780 801 848 934 939
86.3117870722 20.471281296 22 0 7 7 7 9 17 19 19 20 22 22 27 29 32 32 33 36 38 39 41 46 47 0 103 104 109 114 126 136 165 174 235 489 525 553 684 686 748 792 844 862 863 916 929
53.4220532319 52.2827687776 22 0 0 3 13 13 19 26 27 27 28 29 30 31 35 36 39 40 40 41 44 47 49 0 108 137 148 155 183 235 241 253 256 269 322 377 436 452 487 507 582 679 732 758 966
53.9923954373 44.4771723122 22 0 3 9 13 16 19 19 20 22 23 31 31 36 36 39 41 42 44 47 47 47 49 0 122 209 248 260 264 280 315 339 393 408 415 474 478 500 613 632 647 827 865 976 993
60.8365019011 38.2916053019 22 0 1 2 3 6 11 13 15 16 19 20 27 30 32 32 33 37 37 38 44 46 48 0 126 191 193 210 212 311 424 462 585 596 604 629 631 730 737 760 852 899 978 982 996
22.8136882129 65.2430044183 22 0 0 4 4 5 5 10 11 14 17 25 26 28 29 30 34 34 35 35 37 46 49 0 186 200 213 224 273 314 318 372 379 389 440 478 481 516 538 578 598 602 687 751 774
55.5133079848 32.8424153166 22 0 0 0 1 1 4 11 14 17 20 21 23 23 23 24 26 27 30 34 40 44 49 0 168 171 189 259 306 316 361 468 476 493 514 514 537 554 660 671 715 847 871 888 975
54.3726235741 17.3784977909 22 0 8 9 10 12 13 15 15 17 17 19 20 27 30 31 33 35 41 44 45 47 47 0 0 225 304 311 320 329 367 384 388 399 414 534 536 635 677 685 712 795 890 953 982
77.9467680608 23.5640648012 22 0 8 8 10 11 15 15 19 20 22 23 24 26 27 29 32 34 36 38 39 45 45 0 0 147 179 225 248 259 306 334 342 388 397 446 458 511 630 642 735 859 956 976 990
44.2965779468 24.1531664212 22 0 2 3 3 5 7 12 22 22 23 25 26 27 30 31 31 33 38 40 46 47 47 0 243 312 319 383 416 418 471 478 508 521 565 574 587 604 782 789 798 826 913 973 982
34.4106463878 45.3608247423 22 0 3 5 8 8 13 15 16 16 17 20 24 27 27 28 33 38 40 44 46 49 49 0 142 146 146 200 201 262 295 324 467 472 571 734 755 836 846 898 907 908 976 989 996
51.1406844106 45.0662739323 22 0 2 9 11 17 22 22 26 26 27 29 29 30 32 33 34 39 40 42 42 46 48 0 138 216 286 327 346 384 410 481 498 521 529 564 577 660 723 746 749 767 840 903 963
45.6273764259 65.5375552283 22 0 1 6 8 10 11 12 15 21 23 25 29 31 32 33 33 37 42 45 48 48 48 0 135 152 176 304 326 415 463 469 475 501 552 692 714 765 785 804 826 871 907 964 969
60.2661596958 63.6229749632 22 0 6 7 7 11 17 18 23 26 28 28 28 29 38 39 39 40 45 45 46 47 49 0 0 141 149 229 251 337 342 363 430 539 550 560 575 606 625 722 728 749 781 841 949
69.2015209125 27.3932253314 22 0 2 4 6 6 7 8 16 16 21 25 27 31 34 36 38 38 40 42 43 47 49 0 145 149 206 224 240 280 359 372 390 392 397 429 677 703 730 799 813 824 869 915 927
67.4904942966 48.8954344624 22 0 3 4 6 7 10 13 17 18 21 23 26 27 29 31 34 35 35 37 37 39 47 0 0 126 195 257 266 325 330 362 400 454 466 584 589 598 650 677 735 848 901 955 978
89.3536121673 41.9734904271 22 0 1 2 7 8 9 14 18 19 20 20 20 23 37 38 40 41 41 41 42 45 46 0 151 163 290 354 357 366 483 489 542 557 568 609 615 656 770 785 869 873 910 911 991
38.2129277567 37.4079528719 22 0 0 1 1 2 3 5 9 9 15 16 17 19 22 26 28 31 37 39 40 41 47 0 134 157 196 333 521 579 620 663 684 687 692 700 711 720 720 818 905 905 958 972 995
56.6539923954 54.6391752577 22 0 1 1 1 1 3 6 9 9 13 20 21 24 25 25 26 28 29 34 35 44 48 0 136 144 200 297 384 404 431 453 482 616 616 634 653 659 687 753 794 799 810 819 976
63.1178707224 16.6421207658 22 0 3 5 5 6 10 10 14 15 16 21 21 25 27 36 36 42 44 45 45 47 49 0 132 162 162 355 383 395 422 423 464 483 533 750 753 768 785 797 808 841 881 884 966
42.0152091255 46.2444771723 22 0 5 7 7 11 13 14 17 19 20 21 22 31 32 33 35 39 40 43 43 44 45 0 102 108 134 138 139 139 179 186 264 270 360 409 485 525 544 558 592 599 623 904 949
26.8060836502 30.6332842415 22 0 0 5 7 7 10 12 18 20 21 25 26 28 31 31 33 41 43 44 45 45 47 0 193 199 214 229 234 260 394 395 410 506 574 587 594 609 648 650 687 694 840 916 942
30.7984790875 20.618556701 22 0 2 5 9 16 17 18 19 21 23 24 30 32 33 35 36 37 37 38 41 45 47 0 173 179 198 212 238 308 335 466 491 579 588 593 601 620 666 726 730 750 753 835 867
45.247148289 18.9985272459 22 0 8 8 9 11 16 16 19 19 23 25 26 27 29 30 34 37 42 43 44 48 48 0 129 133 148 241 256 268 270 313 439 476 485 548 563 638 640 675 734 738 857 940 951
28.3269961977 40.500736377 22 0 6 11 11 13 14 15 17 17 18 21 24 26 32 33 38 39 44 47 48 49 49 0 126 129 144 169 206 231 249 258 294 341 430 457 490 663 700 869 875 967 975 986 993
15.5893536122 52.8718703976 22 0 2 4 5 5 6 7 11 12 19 22 26 28 28 31 33 33 36 39 41 45 46 0 207 247 303 311 319 448 454 490 523 536 654 737 751 754 760 819 826 851 884 893 899
24.7148288973 56.8483063328 22 0 3 7 11 11 13 15 15 15 18 20 22 22 26 27 30 30 30 32 42 47 49 0 246 349 421 460 474 477 590 594 599 666 700 786 807 811 825 831 880 887 889 933 965
82.6996197719 58.3210603829 22 0 4 5 16 16 17 17 18 19 19 20 23 24 24 25 27 27 30 31 32 39 43 0 111 130 188 204 235 265 317 327 379 390 443 597 620 691 760 782 832 835 864 922 971
58.3650190114 37.8497790869 22 0 1 1 2 8 11 12 12 13 16 21 21 26 31 34 34 37 38 40 45 46 49 0 149 263 275 286 286 288 290 293 382 422 427 464 509 582 584 594 722 829 846 900 966
53.4220532319 24.0058910162 22 0 0 0 6 6 8 13 14 24 25 27 33 34 34 37 38 41 43 44 44 46 48 0 143 195 227 240 277 319 323 482 535 559 606 658 659 677 776 783 797 861 880 909 941
55.1330798479 64.6539027982 22 0 3 6 9 11 12 18 19 19 20 21 21 23 28 29 29 30 31 38 40 45 47 0 0 120 169 213 244 287 311 320 378 395 466 550 615 694 779 780 828 856 881 959 991
78.7072243346 16.2002945508 22 0 2 2 4 7 10 10 10 13 20 21 24 27 27 27 30 32 39 41 44 45 45 0 0 116 248 273 285 332 383 429 433 448 453 487 588 608 629 634 708 715 765 874 964
67.3003802281 40.795287187 22 0 3 5 8 9 11 11 11 11 13 14 18 20 25 25 26 31 35 35 37 40 48 0 102 125 135 175 176 189 334 354 355 414 428 509 521 604 671 682 716 732 745 823 846
51.9011406844 38.8807069219 22 0 7 11 11 11 13 14 14 16 17 22 23 24 31 32 36 39 41 42 47 49 49 0 142 153 212 321 338 379 394 494 582 585 589 612 617 683 694 725 800 812 869 928 983
57.0342205323 37.4079528719 22 0 1 3 4 5 7 7 8 15 22 22 22 24 25 32 35 37 39 40 46 46 49 0 127 138 195 259 349 409 480 495 530 553 559 634 658 659 672 722 761 785 791 875 898
88.2129277567 64.3593519882 22 0 0 3 3 8 8 13 18 19 19 22 25 27 29 31 33 34 34 39 39 41 48 0 0 102 211 232 250 256 275 277 348 351 352 364 375 536 542 620 636 649 772 804 876
87.2623574144 35.4933726068 22 0 0 1 1 6 6 8 17 18 19 21 22 22 26 30 32 34 34 38 38 40 48 0 0 105 140 147 285 289 405 450 472 523 570 594 623 642 646 670 765 769 933 984 991
48.288973384 56.1119293078 22 0 0 1 2 3 4 7 12 17 18 19 22 23 29 30 33 33 36 38 43 44 46 0 132 200 203 250 295 296 336 363 377 440 508 601 624 685 756 758 758 763 882 944 977
48.288973384 70.2503681885 22 0 3 6 7 9 9 9 13 14 15 16 17 18 20 26 26 32 35 41 48 48 49 0 214 228 243 325 342 367 375 381 390 450 455 542 580 600 648 738 787 890 916 971 975
48.4790874525 63.6229749632 22 0 3 3 6 8 11 13 17 17 26 26 28 32 34 36 37 39 41 45 47 47 49 0 117 127 150 153 162 182 192 231 232 233 396 532 608 690 761 802 850 869 916 942 967
60.4562737643 61.2665684831 22 0 5 8 12 13 15 16 17 17 17 24 25 30 30 30 32 34 34 43 44 46 47 0 112 203 288 321 402 466 501 512 523 539 541 582 602 618 696 711 777 845 871 953 964
48.6692015209 40.058910162 22 0 0 0 3 7 9 10 12 17 18 23 25 28 28 35 39 39 39 40 47 48 49 0 0 125 170 181 252 294 299 325 329 367 502 510 550 631 757 775 791 854 857 945 991
35.7414448669 40.500736377 22 0 0 2 2 4 6 11 11 13 15 16 17 19 30 31 35 36 37 39 39 43 45 0 0 152 240 257 265 322 334 347 355 369 449 510 518 598 626 664 736 792 815 940 949
41.2547528517 28.4241531664 22 0 0 1 1 7 8 9 15 16 17 17 18 19 20 22 28 30 30 35 39 46 49 0 107 175 200 232 233 268 280 282 404 408 481 524 527 624 704 780 851 855 871 967 972
72.8136882129 22.2385861561 22 0 2 5 5 13 15 15 20 20 24 24 27 27 29 30 32 33 33 37 38 46 47 0 0 101 265 332 498 530 564 591 603 607 623 628 631 691 692 758 771 850 889 908 940
54.9429657795 40.795287187 22 0 0 0 1 2 3 6 7 7 10 12 16 18 18 21 32 38 43 44 45 46 49 0 115 122 168 203 223 308 381 483 531 566 604 646 673 675 686 755 777 803 870 877 986
58.3650190114 60.824742268 22 0 2 3 4 5 6 8 8 14 22 23 25 26 27 29 30 33 34 35 38 38 43 0 154 238 332 425 489 517 654 695 702 726 751 763 783 796 797 845 845 896 925 965 996
44.1064638783 41.3843888071 22 0 0 1 5 7 7 8 10 14 15 26 30 38 40 40 41 43 46 46 49 49 49 0 0 107 128 175 237 300 326 500 508 599 668 701 737 772 812 814 832 859 867 935 998
57.7946768061 59.351988218 22 0 3 9 13 13 21 22 25 28 28 30 31 33 34 34 35 36 40 44 45 48 48 0 295 313 347 367 370 471 501 515 556 649 651 663 675 773 774 777 806 854 906 946 982
33.4600760456 30.4860088365 22 0 0 4 7 8 9 9 10 10 12 19 21 31 32 33 34 39 43 44 45 48 48 0 154 196 211 308 331 406 419 420 456 596 604 668 723 731 749 783 796 815 907 922 997
52.6615969582 20.324005891 22 0 1 2 6 7 9 10 11 14 15 19 23 23 25 29 30 32 35 41 42 45 46 0 112 129 233 249 318 323 390 392 415 422 464 484 522 596 721 746 801 825 914 937 948
54.1825095057 42.4153166421 22 0 9 13 13 15 16 16 16 18 22 27 28 28 32 32 34 36 36 39 41 45 48 0 118 118 124 244 261 287 440 518 559 589 593 655 657 722 818 863 880 907 938 966 993
59.6958174905 34.6097201767 22 0 0 3 6 6 7 9 13 15 21 24 25 26 26 27 29 32 37 39 40 41 43 0 0 123 131 206 212 226 239 277 308 360 433 492 645 664 762 781 867 899 926 929 995
71.8631178707 52.4300441826 22 0 3 4 7 12 17 21 22 22 24 26 27 27 29 31 31 32 45 47 47 48 48 0 0 144 184 234 267 343 358 380 390 448 456 526 603 654 669 681 745 763 792 821 984
47.5285171103 38.2916053019 22 0 0 1 4 8 14 16 22 23 23 23 28 28 31 34 36 37 40 41 47 47 48 0 152 171 215 217 384 493 561 586 600 614 621 640 692 705 706 739 830 890 898 930 992
66.1596958175 31.3696612666 22 0 7 10 10 10 12 12 13 13 15 16 18 19 23 25 25 27 28 31 35 36 40 0 0 107 111 143 168 178 192 215 312 383 417 429 438 453 469 530 603 661 759 908 992
45.247148289 50.3681885125 22 0 1 4 5 7 8 10 11 11 20 20 22 22 25 25 35 37 38 44 49 49 49 0 0 155 178 204 208 223 329 407 411 479 492 574 594 632 634 767 767 780 855 882 890
65.5893536122 49.0427098675 22 0 4 6 10 11 11 12 17 19 21 25 25 26 28 28 31 31 34 35 40 42 48 0 104 131 141 171 296 347 354 388 441 449 473 478 497 500 627 658 814 848 862 911 997
54.9429657795 54.7864506627 22 0 1 6 9 9 10 13 14 15 16 16 20 25 27 31 38 42 42 44 46 46 47 0 130 162 209 264 279 284 372 419 464 466 482 578 656 725 759 793 854 912 933 974 988
85.5513307985 49.9263622975 22 0 0 3 8 8 14 14 15 16 17 20 28 37 38 39 42 42 42 47 48 48 49 0 107 180 228 331 337 338 379 383 430 520 568 589 596 609 619 625 695 706 718 881 978
69.0114068441 62.1502209131 22 0 3 3 3 4 4 6 6 8 12 13 19 24 24 25 34 34 42 45 46 46 47 0 152 241 291 293 330 369 370 427 601 606 610 661 673 709 804 806 835 835 923 947 961
34.9809885932 44.9189985272 22 0 2 3 6 6 10 11 12 13 14 19 20 23 27 28 34 34 35 36 37 48 49 0 146 157 230 238 304 314 338 420 439 443 572 605 660 661 710 778 810 814 814 822 976
60.4562737643 45.9499263623 22 0 1 5 5 5 6 9 11 12 14 20 21 21 22 23 30 31 33 34 39 44 46 0 110 160 218 267 297 354 391 405 429 453 562 613 694 730 748 766 779 856 867 878 881
55.8935361217 50.9572901325 22 0 1 6 7 7 11 11 12 13 13 13 16 18 19 20 20 22 25 26 28 32 38 0 150 161 172 179 192 288 292 319 319 404 442 545 551 702 705 839 843 844 916 961 976
49.4296577947 9.42562592047 22 0 4 7 7 7 9 12 17 20 23 23 25 26 27 29 36 38 40 43 45 45 47 0 0 129 134 158 272 310 314 345 377 433 501 617 713 742 745 829 893 902 902 926 929
56.0836501901 49.6318114875 22 0 3 4 8 9 11 11 17 22 23 24 25 27 29 30 30 32 36 40 46 49 49 0 113 160 162 176 204 283 303 328 437 443 601 649 697 702 753 829 914 944 957 970 983
50.0 57.1428571429 22 0 0 1 6 10 18 20 20 22 24 25 30 30 35 36 36 42 42 42 44 45 46 0 118 128 174 186 192 297 322 429 460 468 533 618 657 671 770 786 834 865 937 969 991
49.2395437262 32.8424153166 22 0 7 8 10 11 21 21 23 24 25 31 34 36 37 38 40 40 46 47 47 48 49 0 127 137 219 274 354 369 391 414 446 488 514 588 634 716 730 757 899 923 951 984 988
59.5057034221 24.8895434462 22 0 0 2 2 2 4 9 11 11 11 14 16 17 19 26 27 28 29 38 38 41 46 0 238 314 343 361 365 367 452 469 517 535 560 604 627 644 705 707 884 888 952 975 978
62.927756654 48.3063328424 22 0 0 1 3 5 7 7 11 13 14 18 26 30 37 38 41 41 42 44 45 45 48 0 0 133 180 208 215 259 310 369 410 442 445 521 619 707 732 734 771 817 836 920 993
6.08365019011 56.5537555228 22 0 6 10 15 16 17 17 17 17 18 20 22 24 24 25 27 32 34 37 42 45 49 0 187 232 287 340 342 359 373 385 391 393 465 510 543 564 577 682 698 765 767 784 883
28.1368821293 48.3063328424 22 0 2 4 5 5 6 10 12 13 15 19 26 30 31 31 36 36 37 39 40 42 48 0 143 150 182 393 482 491 521 523 536 563 587 588 596 634 667 693 765 779 862 879 978
53.0418250951 49.7790868925 22 0 1 5 6 9 9 17 20 22 24 25 26 28 34 34 38 38 39 43 45 45 45 0 103 124 155 203 236 380 383 415 440 482 501 612 691 707 725 826 873 929 952 961 963
19.2015209125 50.9572901325 22 0 5 6 7 10 13 15 23 24 26 26 38 40 41 41 42 43 44 45 45 45 46 0 0 167 231 304 345 370 582 667 668 736 756 756 770 843 854 878 900 903 926 933 983
58.174904943 39.617083947 22 0 0 0 5 6 8 15 15 21 29 29 32 32 34 38 39 42 44 45 46 48 49 0 0 102 196 439 458 577 588 596 603 635 680 690 801 801 831 855 931 943 947 974 981
47.1482889734 41.0898379971 22 0 0 4 6 7 10 11 12 18 21 25 28 30 30 33 35 36 38 39 44 44 49 0 158 204 226 226 312 358 363 397 399 422 475 483 514 520 580 711 760 795 837 956 999
65.7794676806 49.4845360825 22 0 8 10 10 10 11 11 12 17 17 19 23 28 28 29 33 33 36 37 41 41 49 0 106 156 222 242 251 347 357 392 430 483 525 563 575 628 760 806 945 956 957 962 992
49.2395437262 58.7628865979 22 0 4 7 9 10 10 16 20 22 23 27 28 33 37 38 38 40 40 44 47 48 48 0 0 133 174 176 205 253 368 418 475 485 501 525 595 701 737 812 830 908 947 958 999
16.7300380228 50.8100147275 22 0 0 2 2 3 7 9 10 11 14 16 17 17 23 25 28 30 42 44 45 46 47 0 127 190 191 199 303 332 377 424 438 441 523 548 587 605 623 710 714 716 743 841 929
48.6692015209 57.7319587629 22 0 0 5 6 7 7 11 12 16 19 22 26 27 29 32 35 36 38 39 41 41 49 0 0 179 245 292 349 430 447 558 651 661 665 666 705 708 795 826 838 842 862 943 955
60.6463878327 24.0058910162 22 0 2 8 10 11 12 12 21 22 23 26 28 33 34 37 37 39 41 43 44 46 47 0 172 182 227 298 390 452 498 514 535 566 566 592 679 792 796 802 825 884 914 967 989
30.608365019 59.646539028 22 0 0 3 3 5 6 11 13 13 16 20 20 21 27 29 31 35 38 41 43 45 47 0 0 152 186 232 280 310 348 352 476 490 499 562 728 730 749 853 860 884 884 932 986
58.174904943 38.5861561119 22 0 0 2 6 7 8 10 15 21 22 22 25 25 27 30 30 31 33 37 37 41 45 0 0 103 114 199 223 229 440 454 499 539 601 627 702 750 825 897 915 927 985 991 995
37.072243346 47.1281296024 22 0 3 5 7 9 11 16 17 22 25 25 30 31 31 35 36 43 45 45 46 47 49 0 0 109 127 158 205 245 275 287 334 530 656 666 711 735 751 768 800 824 869 925 944
64.63878327 28.2768777614 22 0 4 4 10 11 11 15 17 23 26 27 29 30 33 37 40 41 41 42 43 44 48 0 0 120 124 207 235 265 283 327 363 404 447 481 519 573 606 632 638 653 725 831 886
49.0494296578 54.3446244477 22 0 0 1 1 3 7 7 7 9 12 16 20 24 24 27 32 33 34 35 36 42 48 0 113 165 178 205 288 311 389 399 425 429 478 489 522 615 625 636 685 745 898 926 953
23.3840304183 38.7334315169 22 0 3 4 7 12 13 14 14 19 21 21 26 29 31 36 39 42 45 47 47 47 49 0 108 157 215 216 253 310 334 378 412 421 477 496 556 559 699 701 730 786 836 888 954
31.5589353612 27.5405007364 22 0 1 9 10 11 13 23 27 29 29 32 33 33 35 36 41 41 41 45 47 47 49 0 218 245 251 376 384 412 438 467 578 609 637 672 689 696 728 736 754 771 875 937 996
48.4790874525 35.7879234168 22 0 0 3 3 4 8 8 10 12 13 13 19 20 21 35 35 38 39 40 41 47 48 0 174 195 269 295 296 366 369 371 388 412 445 545 602 608 700 734 825 830 870 918 995
67.8707224335 58.0265095729 22 0 0 3 6 6 9 10 11 12 15 15 18 18 19 21 25 27 32 42 43 45 47 0 100 153 192 237 241 256 283 286 388 529 542 583 692 714 757 767 791 867 905 913 991
56.8441064639 86.5979381443 22 0 1 1 2 6 7 15 23 27 27 28 29 29 31 34 35 38 40 40 42 44 49 0 123 206 311 414 511 519 553 571 605 636 671 697 758 786 791 793 829 836 880 914 982
56.6539923954 100.0 22 0 1 1 4 8 10 12 15 17 19 21 26 29 30 32 36 37 38 40 44 46 48 0 114 157 387 395 397 476 505 508 513 530 568 645 739 819 829 852 889 895 897 919 952
42.0152091255 49.1899852725 22 0 0 1 3 4 8 10 10 11 14 15 19 23 28 29 29 34 40 41 44 46 49 0 0 132 132 164 177 202 245 276 318 372 398 437 459 549 580 599 653 711 738 887 912
77.1863117871 29.6023564065 22 0 0 2 3 4 9 9 12 14 16 16 16 18 23 25 27 29 36 42 42 42 43 0 247 284 304 316 361 375 385 422 444 473 534 639 649 705 794 829 852 884 895 912 956
44.2965779468 26.0677466863 22 0 0 1 6 7 7 9 11 16 21 24 24 26 27 32 34 38 39 43 43 44 47 0 112 183 314 318 404 407 410 416 456 513 535 560 567 571 640 641 643 651 796 824 894
11.7870722433 40.648011782 22 0 2 5 5 9 11 11 12 14 18 20 20 20 21 22 24 33 34 39 40 41 49 0 151 257 284 285 307 411 483 549 600 666 668 670 709 714 729 810 826 863 887 913 998
87.072243346 30.7805596465 22 0 3 7 9 12 12 17 17 17 18 19 20 25 26 32 32 33 37 40 45 48 49 0 129 137 201 260 320 344 354 382 406 408 462 525 558 567 627 675 762 804 871 926 952
100.0 43.5935198822 22 0 6 14 14 15 16 19 19 19 23 26 26 26 28 29 30 33 34 37 41 43 48 0 104 200 260 270 342 353 354 359 431 465 508 547 556 602 631 633 648 685 736 757 930
49.0494296578 70.6921944035 22 0 6 8 9 11 15 16 18 19 20 24 30 31 31 31 31 32 32 33 41 43 45 0 100 210 266 412 420 459 462 551 580 616 704 714 720 783 824 829 872 889 897 933 942
41.6349809886 16.9366715758 22 0 1 5 6 7 10 11 18 21 23 24 25 25 27 28 33 34 36 37 39 39 49 0 175 212 256 258 329 344 461 507 520 528 593 641 658 711 816 817 854 855 863 878 916
44.1064638783 40.353460972 22 0 1 4 7 7 10 10 14 14 16 21 24 25 31 31 34 34 37 37 43 44 46 0 111 169 202 266 319 338 365 377 414 481 644 709 716 791 794 840 893 904 911 927 977
28.5171102662 47.4226804124 22 0 2 4 8 11 14 15 17 19 19 23 25 27 30 31 32 34 35 39 39 42 49 0 0 275 388 390 411 439 487 488 519 535 549 577 603 694 750 774 817 836 912 955 961
52.2813688213 9.57290132548 22 0 1 5 6 10 15 19 21 23 24 24 26 27 27 28 29 30 32 37 38 39 39 0 0 116 132 185 389 457 548 590 623 624 651 661 734 741 788 814 839 851 895 960 996
59.6958174905 26.5095729013 22 0 1 9 10 13 13 17 20 21 23 27 33 36 39 41 45 45 45 46 47 49 49 0 0 157 226 272 409 420 445 462 477 477 478 537 537 561 635 712 733 748 779 906 920
11.216730038 23.1222385862 22 0 1 2 4 4 6 7 8 10 12 15 15 19 20 21 22 30 40 43 43 47 47 0 0 143 165 270 280 312 324 333 350 399 434 478 511 612 660 679 716 795 850 913 964
53.2319391635 7.36377025037 22 0 2 9 11 13 14 17 23 23 23 27 28 30 30 32 32 34 37 38 42 43 49 0 119 129 236 286 299 346 357 516 574 583 605 631 681 700 721 837 841 888 959 965 968
76.6159695817 46.9808541973 22 0 0 0 3 7 7 11 11 13 14 16 19 21 23 26 27 29 31 40 42 47 49 0 0 121 125 128 223 269 340 423 428 451 522 524 550 584 718 790 806 824 854 925 931
64.63878327 55.5228276878 22 0 3 4 5 5 9 9 12 14 16 25 25 25 27 29 30 30 33 33 40 47 48 0 194 195 197 211 234 254 286 321 361 421 428 527 563 570 754 765 785 798 842 928 932
62.927756654 47.7172312224 22 0 3 3 5 6 10 11 11 17 21 21 23 23 24 31 32 33 34 34 36 45 47 0 161 213 391 447 448 508 555 577 604 668 747 874 876 914 932 936 972 976 981 991 992
61.5969581749 48.0117820324 22 0 3 3 5 6 10 16 17 21 22 23 25 33 36 36 39 40 42 42 44 45 48 0 0 134 206 225 237 308 322 345 469 516 557 573 581 610 613 645 686 739 808 826 846
23.3840304183 34.6097201767 22 0 6 7 9 12 12 13 13 21 27 28 29 31 32 33 35 37 38 42 43 43 44 0 125 212 249 336 405 494 508 546 581 582 684 747 791 814 815 884 888 897 941 965 968
69.2015209125 61.8556701031 22 0 4 6 9 12 15 15 16 16 17 18 24 26 29 31 33 34 40 45 46 46 47 0 0 158 203 272 278 297 337 340 381 384 389 552 554 587 587 639 649 754 785 875 977
19.391634981 25.7731958763 22 0 1 1 7 8 8 8 10 11 12 12 19 23 24 26 33 34 38 39 40 44 44 0 155 180 186 298 299 308 381 385 385 574 586 604 738 750 819 823 832 845 882 887 992
52.2813688213 65.8321060383 22 0 1 3 6 8 8 10 12 14 17 20 21 22 23 24 28 31 36 39 41 44 49 0 0 193 203 264 290 302 318 328 447 454 454 460 473 499 531 544 567 603 641 677 678
33.0798479087 0.0 22 0 3 4 7 14 18 20 23 23 24 27 28 29 35 39 39 42 45 46 46 47 48 0 0 109 117 125 129 149 208 383 415 421 455 517 519 529 568 580 646 734 765 812 839
26.6159695817 26.9513991163 22 0 9 10 10 16 19 24 28 29 30 31 32 32 32 37 38 41 44 44 44 45 49 0 130 141 192 206 226 328 345 355 364 368 437 529 677 680 728 759 773 795 946 958 967
69.7718631179 67.4521354934 22 0 3 4 4 9 13 18 21 21 22 23 23 26 28 33 37 41 41 46 46 47 47 0 138 154 170 180 207 298 318 397 403 407 494 550 596 659 695 726 753 821 854 863 959
67.8707224335 55.8173784978 22 0 0 4 5 6 20 24 25 28 31 32 32 33 35 35 37 37 37 38 41 44 45 0 124 220 238 249 263 289 311 333 348 406 416 422 486 585 637 697 726 731 849 864 916
50.3802281369 41.2371134021 22 0 5 6 8 11 15 18 19 24 25 27 27 30 31 33 33 35 37 40 41 41 48 0 113 122 284 341 358 404 413 421 459 531 542 564 575 629 670 684 697 864 896 943 959
15.0190114068 37.4079528719 22 0 3 5 12 13 15 15 16 16 18 21 23 23 26 28 30 32 35 41 41 44 49 0 0 197 224 276 315 337 339 398 450 464 469 565 581 649 658 673 690 745 840 893 954
62.927756654 49.3372606775 22 0 1 7 7 10 11 12 15 15 20 21 22 25 28 28 35 39 39 42 44 44 49 0 0 112 154 160 176 205 229 281 306 501 542 567 585 652 710 745 759 761 788 825 947
26.8060836502 29.7496318115 22 0 0 0 5 6 8 10 16 16 17 22 33 37 37 41 42 43 45 45 45 47 48 0 139 153 181 226 401 421 469 551 560 615 693 721 821 852 865 869 874 896 931 941 981
12.1673003802 32.4005891016 22 0 3 12 17 19 20 21 27 27 35 35 36 36 36 37 38 39 41 44 44 45 47 0 148 177 178 192 267 300 326 344 400 570 590 603 621 623 633 701 763 828 917 955 960
33.2699619772 36.0824742268 22 0 0 2 5 10 11 11 13 16 18 22 23 29 30 33 36 37 39 40 41 42 49 0 0 100 184 195 252 281 332 380 411 466 497 526 574 650 709 796 839 859 901 949 983
23.1939163498 42.4153166421 22 0 1 2 3 4 5 6 8 8 10 13 13 14 17 22 22 24 26 28 31 44 45 0 116 154 217 236 475 484 514 555 578 586 611 663 709 721 772 793 799 807 849 905 915
19.2015209125 45.8026509573 22 0 0 0 5 5 7 9 10 10 14 17 20 24 24 26 28 29 38 43 45 48 49 0 0 149 154 175 245 304 406 427 468 585 614 625 686 739 753 759 790 792 856 866 955
53.8022813688 42.1207658321 22 0 1 3 4 7 10 11 15 15 16 17 23 27 28 35 36 41 43 45 46 46 47 0 0 110 158 232 289 291 318 389 398 407 434 447 497 544 684 706 802 857 865 972 982
82.1292775665 9.57290132548 22 0 7 10 11 14 14 15 15 20 23 25 26 34 37 37 40 42 42 42 43 46 47 0 201 259 327 403 412 446 459 468 475 636 664 669 694 711 718 731 755 879 902 917 917
12.7376425856 36.5243004418 22 0 2 6 8 18 19 23 24 25 27 29 31 33 33 34 41 43 44 46 46 48 48 0 124 153 178 178 181 212 217 220 238 384 391 429 466 478 589 621 713 781 790 862 921
6.27376425856 13.8438880707 22 0 0 3 3 7 8 9 10 12 17 19 21 23 26 29 30 36 37 41 42 43 46 0 0 112 132 349 366 396 476 521 542 543 576 615 628 675 748 786 816 835 900 903 971
46.0076045627 38.1443298969 22 0 2 2 5 5 8 12 12 15 17 26 28 28 30 32 34 40 42 43 44 48 49 0 172 187 279 296 333 387 389 451 556 567 619 645 672 702 714 827 864 881 889 898 958
49.2395437262 57.7319587629 22 0 1 1 4 5 8 11 17 17 19 21 23 26 35 38 38 39 42 45 46 47 49 0 0 136 190 235 249 319 331 374 381 384 387 429 492 569 569 646 840 861 891 931 989
38.9733840304 43.5935198822 22 0 1 6 13 14 16 19 22 22 24 24 25 29 30 31 36 40 41 41 45 45 47 0 121 241 290 364 377 484 504 536 539 609 612 659 675 732 732 739 794 823 931 948 959
57.0342205323 18.5567010309 22 0 2 4 5 7 12 14 15 16 21 24 25 26 32 35 35 37 43 44 46 48 49 0 141 195 213 222 249 308 322 344 415 427 446 493 536 557 584 602 670 734 797 930 988
23.1939163498 53.1664212077 22 0 0 7 9 12 15 15 17 29 34 36 38 39 40 42 42 45 45 46 47 48 49 0 0 116 138 237 248 303 331 404 433 505 532 542 567 656 678 679 692 816 853 867 954
52.4714828897 35.9351988218 22 0 0 1 12 16 21 22 23 24 26 28 29 29 35 35 35 38 40 42 43 46 47 0 132 160 251 260 306 312 312 401 425 433 522 545 562 585 606 621 697 710 747 794 861
63.1178707224 47.2754050074 22 0 1 2 2 3 4 5 5 9 12 15 16 19 23 26 32 36 36 39 41 43 46 0 0 133 135 160 204 318 349 410 420 430 547 562 686 718 753 754 801 804 811 821 867
23.7642585551 29.3078055965 22 0 0 1 3 4 9 14 15 16 16 23 24 28 31 32 33 35 36 41 42 45 47 0 0 130 133 135 159 200 238 250 377 381 608 675 677 694 753 774 811 827 846 880 937
38.0228136882 39.617083947 22 0 0 5 8 13 14 14 15 18 18 20 21 26 29 34 36 38 43 45 47 47 49 0 0 243 251 281 283 481 489 507 532 632 700 734 749 769 776 845 871 895 899 941 998
18.4410646388 25.3313696613 22 0 2 2 4 4 5 11 13 13 15 16 22 23 27 28 34 34 35 39 40 46 49 0 110 171 205 208 256 324 344 364 429 502 518 522 535 556 578 670 710 766 860 917 918
29.8479087452 27.0986745214 22 0 3 4 5 6 9 11 14 14 17 18 18 23 26 26 27 32 32 40 47 47 49 0 115 145 212 241 304 326 343 388 548 567 569 599 599 640 684 700 790 819 843 878 918
79.6577946768 64.9484536082 22 0 0 0 1 4 5 7 8 12 16 19 21 25 26 26 34 37 39 47 48 48 49 0 132 148 152 211 288 312 318 410 478 521 551 561 585 621 644 670 743 766 834 935 985
49.6197718631 30.3387334315 22 0 0 5 7 8 8 9 16 17 22 22 29 30 30 33 36 39 39 39 43 48 49 0 171 181 208 250 262 322 341 345 351 460 547 552 601 605 614 621 828 880 914 935 951
59.1254752852 37.2606774669 22 0 1 6 10 12 16 20 21 22 22 24 24 30 33 33 35 38 39 42 46 46 47 0 0 190 208 228 235 285 333 366 390 452 462 467 484 519 568 627 760 878 892 950 997
34.7908745247 50.8100147275 22 0 4 5 7 10 13 15 15 17 24 25 27 32 35 35 38 40 40 45 47 49 49 0 0 113 125 168 174 248 254 277 343 386 417 550 563 595 628 629 633 683 890 965 969
65.3992395437 33.2842415317 22 0 1 2 10 11 13 13 15 18 19 21 26 26 30 31 31 41 41 45 46 47 49 0 0 152 196 294 300 332 361 392 412 557 579 707 744 759 766 773 803 805 823 866 954
37.6425855513 31.8114874816 22 0 3 3 3 7 9 12 14 16 20 21 25 27 28 32 34 39 39 43 48 49 49 0 0 124 174 209 220 234 364 395 415 431 573 591 605 614 713 757 770 836 918 963 968
39.9239543726 48.1590574374 22 0 0 1 2 6 8 11 11 12 17 20 21 23 27 33 33 36 37 41 41 44 49 0 224 243 289 301 373 400 438 444 515 524 566 599 603 693 706 710 777 820 832 887 972
67.1102661597 44.1826215022 22 0 0 1 2 3 3 5 6 6 7 20 20 23 26 30 32 34 38 40 41 42 47 0 103 261 339 409 508 575 588 597 605 628 634 660 669 685 694 700 701 802 840 962 970
41.2547528517 54.7864506627 22 0 1 3 5 6 9 9 14 16 16 21 23 25 25 27 28 29 34 37 39 39 47 0 166 175 279 284 297 443 515 600 651 699 717 739 760 781 857 862 865 881 884 892 935
73.7642585551 26.9513991163 22 0 0 2 3 3 7 11 14 17 19 24 27 29 33 33 40 41 43 44 45 47 48 0 162 180 282 287 290 300 410 428 560 637 668 706 766 767 822 829 834 870 881 887 978
26.0456273764 53.9027982327 22 0 0 2 4 5 5 8 9 14 22 25 28 28 31 31 37 39 42 43 46 47 49 0 129 235 251 265 342 398 409 482 576 647 685 736 764 765 778 801 804 811 871 903 927
80.7984790875 43.4462444772 22 0 3 6 8 11 13 13 14 14 18 20 21 23 25 27 29 32 33 35 40 43 46 0 131 177 208 233 261 367 373 393 532 560 561 631 710 733 827 844 848 856 890 983 992
61.5969581749 51.2518409426 22 0 0 1 2 8 17 17 22 25 27 28 30 35 35 35 40 40 40 44 47 48 49 0 115 149 191 209 226 237 262 268 312 313 367 433 446 492 633 701 762 797 911 963 980
22.0532319392 37.1134020619 22 0 0 3 6 7 9 10 12 14 14 17 17 20 23 27 32 35 37 38 42 45 49 0 198 237 309 324 327 469 479 496 533 601 633 637 645 684 707 726 774 834 872 902 945
66.9201520913 33.4315169367 22 0 4 10 12 13 14 17 19 20 21 31 32 33 33 38 42 42 46 46 46 47 47 0 112 142 212 228 231 232 354 380 417 470 497 547 554 595 672 812 837 857 876 893 929
67.4904942966 52.5773195876 22 0 1 4 4 8 9 9 10 13 14 14 14 20 32 33 34 34 37 45 45 45 46 0 0 126 133 142 158 271 285 296 359 398 427 497 525 551 554 563 613 702 783 792 898
34.030418251 46.6863033873 22 0 0 2 3 12 13 14 15 17 18 22 25 26 27 36 36 44 44 45 46 48 49 0 149 163 264 274 317 335 336 364 446 462 470 559 579 620 694 751 775 796 863 866 993
42.7756653992 38.2916053019 22 0 0 1 4 8 11 11 15 16 18 24 26 31 36 37 39 40 40 41 41 45 45 0 0 127 280 416 430 455 458 464 482 491 564 619 622 642 733 754 755 788 844 934 981
65.2091254753 55.8173784978 22 0 2 3 8 14 14 18 19 21 25 28 29 30 30 33 35 36 37 38 41 44 45 0 116 136 200 244 256 290 296 380 463 518 529 541 582 595 613 652 732 783 875 884 991
39.3536121673 41.0898379971 22 0 6 8 8 8 12 13 14 17 19 24 30 32 35 37 38 39 40 42 43 44 45 0 0 168 218 224 287 357 441 473 499 555 602 678 689 715 813 939 948 964 965 981 987
67.8707224335 54.4918998527 22 0 0 2 3 3 4 4 5 6 8 21 23 26 27 30 32 40 43 44 46 47 48 0 150 163 190 204 234 254 347 359 382 423 516 633 655 684 740 772 774 804 826 908 916
57.7946768061 19.587628866 22 0 3 5 7 11 12 12 13 22 24 26 29 29 35 37 39 39 40 43 44 46 47 0 0 118 207 255 387 391 407 425 447 586 588 640 807 825 834 838 862 871 892 954 955
50.9505703422 37.2606774669 22 0 2 3 5 6 11 14 20 22 23 24 26 29 30 31 31 32 36 41 44 45 45 0 205 256 306 315 326 334 338 418 463 464 494 539 542 560 682 837 856 898 924 949 991
41.4448669202 59.646539028 22 0 2 3 6 7 7 8 10 16 23 26 27 29 33 40 43 44 44 44 46 46 48 0 0 210 234 260 288 313 315 442 519 604 612 653 669 701 708 711 785 816 937 953 968
32.1292775665 29.8969072165 22 0 5 7 8 10 12 13 15 18 19 22 26 28 31 37 38 38 39 40 44 45 48 0 116 176 220 264 325 353 370 412 416 430 436 465 477 485 502 580 661 697 866 960 966
69.7718631179 35.7879234168 22 0 2 7 8 10 11 11 12 13 15 15 20 23 25 25 31 35 35 38 44 47 49 0 221 248 249 263 310 355 385 429 436 469 491 536 587 622 644 699 778 825 909 940 949
54.752851711 31.8114874816 22 0 6 7 15 17 23 23 28 31 34 34 35 36 37 37 40 41 41 41 46 47 47 0 0 180 195 226 290 301 311 370 546 620 620 651 668 774 829 843 912 926 963 970 997
67.8707224335 38.2916053019 22 0 0 0 1 1 1 2 2 9 16 17 22 31 33 35 35 36 37 39 42 45 49 0 141 260 261 273 344 430 498 690 739 747 769 799 812 814 862 868 875 925 951 979 990
47.7186311787 49.3372606775 22 0 2 6 6 10 13 13 16 16 20 20 22 25 29 32 35 36 38 39 41 42 48 0 178 223 286 318 426 460 485 540 560 574 616 657 837 882 910 926 941 942 956 961 962
73.3840304183 62.7393225331 22 0 2 5 5 5 6 6 6 13 14 19 20 26 26 31 39 40 40 43 46 47 48 0 102 157 197 204 228 269 382 391 392 458 536 576 580 589 600 658 738 855 918 942 989
34.6007604563 58.1737849779 22 0 5 10 11 15 16 17 18 24 25 28 28 34 35 35 35 40 41 42 44 44 45 0 0 103 107 202 222 252 271 383 394 453 464 579 594 628 699 876 881 921 943 948 952
51.9011406844 34.4624447717 22 0 1 1 16 16 19 20 23 25 29 30 32 32 33 36 36 44 46 46 47 49 49 0 174 174 205 251 303 304 460 542 548 613 640 705 707 713 828 833 861 866 903 930 944
33.4600760456 49.1899852725 22 0 0 2 4 13 13 14 16 17 22 25 26 28 31 34 38 38 41 42 44 47 47 0 0 218 270 284 395 447 493 653 669 678 715 736 749 752 756 771 794 805 881 901 903
87.8326996198 41.3843888071 22 0 3 4 4 5 6 6 13 20 21 27 31 31 32 32 32 34 36 37 41 43 44 0 117 190 243 246 335 351 575 606 608 612 631 678 682 682 690 747 750 763 804 890 992
48.4790874525 49.3372606775 22 0 0 1 4 7 9 13 17 19 22 24 25 26 32 32 38 42 42 43 44 45 48 0 275 283 335 348 355 422 580 618 634 653 655 661 675 675 778 787 824 893 920 935 964
55.1330798479 35.7879234168 22 0 3 5 7 9 15 20 22 23 29 29 32 34 35 36 37 40 45 45 47 49 49 0 156 208 212 247 254 288 464 517 520 566 572 589 625 634 636 705 729 818 898 953 955
329
80.0 51.0476190476 5
71.6949152542 41.5238095238 2
74.9152542373 48.1904761905 5
58.1355932203 29.5238095238 3
36.9491525424 31.0476190476 6
51.6949152542 57.9047619048 2
69.3220338983 72.9523809524 6
50.8474576271 19.8095238095 2
22.7118644068 45.1428571429 3
34.5762711864 41.3333333333 7
38.6440677966 68.380952381 9
56.2711864407 71.2380952381 4
32.7118644068 89.9047619048 5
40.3389830508 44.1904761905 4
76.9491525424 57.9047619048 3
65.4237288136 67.8095238095 1
73.8983050847 57.7142857143 7
52.8813559322 76.7619047619 7
53.8983050847 45.3333333333 7
52.3728813559 56.9523809524 1
83.8983050847 42.0952380952 8
87.7966101695 52.5714285714 8
46.9491525424 75.8095238095 3
46.6101694915 66.4761904762 8
51.0169491525 57.7142857143 8
47.1186440678 29.1428571429 9
79.1525423729 84.0 8
71.3559322034 54.4761904762 4
67.2881355932 43.2380952381 6
60.8474576271 82.2857142857 4
54.406779661 57.9047619048 9
50.6779661017 83.2380952381 4
62.8813559322 35.0476190476 9
33.7288135593 48.380952381 7
64.2372881356 58.2857142857 3
57.4576271186 41.3333333333 6
54.406779661 39.0476190476 5
48.1355932203 81.1428571429 6
73.2203389831 46.6666666667 8
47.7966101695 62.8571428571 6
74.5762711864 68.5714285714 8
36.2711864407 64.1904761905 2
41.3559322034 61.5238095238 5
51.5254237288 31.8095238095 9
65.2542372881 59.0476190476 5
58.813559322 26.2857142857 3
74.5762711864 64.5714285714 2
57.9661016949 57.7142857143 5
46.9491525424 67.0476190476 7
62.2033898305 0.0 9
72.5423728814 48.380952381 2
57.9661016949 39.4285714286 9
81.0169491525 72.9523809524 9
46.7796610169 48.5714285714 7
55.9322033898 62.2857142857 8
49.8305084746 20.9523809524 6
64.7457627119 44.5714285714 7
29.1525423729 21.9047619048 3
46.1016949153 63.4285714286 2
61.6949152542 70.0952380952 7
55.7627118644 60.9523809524 3
38.9830508475 53.3333333333 9
61.186440678 65.7142857143 1
49.6610169492 56.380952381 6
17.7966101695 54.0952380952 6
57.6271186441 42.2857142857 5
47.7966101695 51.8095238095 1
70.0 53.9047619048 3
46.2711864407 86.0952380952 6
56.7796610169 36.380952381 1
32.8813559322 69.9047619048 6
37.4576271186 73.9047619048 6
68.9830508475 81.7142857143 1
70.6779661017 34.8571428571 4
87.7966101695 100.0 4
70.1694915254 57.1428571429 9
49.4915254237 69.9047619048 2
30.8474576271 85.9047619048 7
35.9322033898 24.9523809524 5
84.7457627119 52.1904761905 4
48.6440677966 46.4761904762 2
75.0847457627 58.4761904762 7
26.4406779661 63.8095238095 8
52.0338983051 55.619047619 6
41.5254237288 24.0 9
47.6271186441 55.4285714286 6
44.2372881356 55.619047619 6
63.2203389831 32.9523809524 9
31.0169491525 32.9523809524 9
39.3220338983 59.4285714286 6
47.6271186441 44.7619047619 5
50.5084745763 31.0476190476 1
61.5254237288 50.2857142857 8
22.5423728814 53.3333333333 1
59.8305084746 64.5714285714 9
76.2711864407 77.5238095238 2
72.7118644068 85.1428571429 4
42.7118644068 29.9047619048 4
57.1186440678 25.3333333333 4
52.2033898305 97.9047619048 9
58.813559322 50.2857142857 6
35.9322033898 68.7619047619 3
53.8983050847 75.8095238095 9
68.813559322 33.7142857143 6
79.6610169492 67.4285714286 7
0.0 40.1904761905 8
38.3050847458 60.9523809524 3
62.0338983051 42.4761904762 8
63.7288135593 41.3333333333 8
94.9152542373 36.5714285714 6
70.8474576271 69.5238095238 4
57.7966101695 28.9523809524 9
38.9830508475 42.4761904762 9
36.1016949153 32.1904761905 2
53.3898305085 81.7142857143 6
48.813559322 36.380952381 4
39.3220338983 79.619047619 9
56.4406779661 50.6666666667 3
61.0169491525 73.5238095238 2
60.1694915254 50.4761904762 2
72.7118644068 54.6666666667 4
54.7457627119 66.2857142857 1
33.7288135593 46.2857142857 7
100.0 30.4761904762 5
60.1694915254 69.5238095238 6
55.2542372881 37.3333333333 7
68.3050847458 88.7619047619 2
54.7457627119 31.8095238095 8
23.5593220339 43.2380952381 3
58.813559322 65.3333333333 2
57.7966101695 37.3333333333 9
57.4576271186 66.2857142857 6
64.0677966102 49.5238095238 4
36.1016949153 55.619047619 5
86.9491525424 69.3333333333 7
33.2203389831 75.619047619 6
66.6101694915 86.6666666667 2
47.7966101695 86.0952380952 3
58.3050847458 45.7142857143 6
63.0508474576 61.5238095238 2
42.8813559322 46.4761904762 1
68.1355932203 75.2380952381 5
46.1016949153 2.47619047619 6
50.1694915254 47.0476190476 6
37.4576271186 32.7619047619 6
74.2372881356 23.8095238095 1
81.3559322034 70.4761904762 9
52.3728813559 20.7619047619 5
50.3389830508 68.5714285714 4
75.0847457627 85.7142857143 2
36.1016949153 48.7619047619 1
39.4915254237 37.9047619048 7
69.3220338983 20.380952381 4
58.4745762712 43.2380952381 1
68.813559322 57.5238095238 7
47.1186440678 54.0952380952 3
39.4915254237 72.380952381 7
57.6271186441 86.2857142857 4
38.9830508475 56.9523809524 4
58.9830508475 73.5238095238 3
49.3220338983 61.7142857143 5
42.2033898305 51.0476190476 8
53.2203389831 75.8095238095 8
57.4576271186 48.380952381 6
73.8983050847 44.7619047619 5
38.9830508475 75.8095238095 8
46.2711864407 31.4285714286 9
81.6949152542 50.0952380952 1
47.4576271186 82.6666666667 5
28.813559322 69.1428571429 7
76.1016949153 51.0476190476 9
55.4237288136 24.380952381 1
70.8474576271 40.5714285714 2
77.2881355932 12.5714285714 3
53.2203389831 44.0 3
77.9661016949 57.5238095238 8
54.2372881356 22.2857142857 5
54.9152542373 69.5238095238 4
50.5084745763 51.619047619 1
78.6440677966 46.4761904762 8
28.6440677966 69.9047619048 8
70.5084745763 35.2380952381 9
74.9152542373 81.7142857143 5
67.2881355932 64.0 8
86.9491525424 38.8571428571 6
53.7288135593 50.2857142857 1
37.7966101695 64.0 1
61.5254237288 59.8095238095 6
58.6440677966 57.9047619048 1
50.6779661017 55.619047619 3
45.9322033898 31.2380952381 6
48.9830508475 53.3333333333 2
76.4406779661 30.6666666667 7
23.5593220339 69.7142857143 4
77.6271186441 32.9523809524 4
55.7627118644 39.0476190476 6
63.3898305085 67.0476190476 9
65.2542372881 73.1428571429 5
49.8305084746 40.5714285714 1
64.2372881356 44.9523809524 1
82.0338983051 47.4285714286 8
56.1016949153 79.8095238095 2
69.3220338983 40.5714285714 2
65.593220339 50.2857142857 7
61.3559322034 51.0476190476 6
69.6610169492 65.3333333333 4
30.1694915254 59.4285714286 5
75.2542372881 47.4285714286 3
44.406779661 44.9523809524 8
61.8644067797 53.1428571429 4
40.6779661017 40.9523809524 7
46.4406779661 77.7142857143 2
78.3050847458 64.7619047619 5
27.7966101695 58.4761904762 3
35.593220339 32.5714285714 7
58.3050847458 30.6666666667 6
45.9322033898 49.1428571429 5
76.1016949153 54.8571428571 6
85.2542372881 47.2380952381 3
65.0847457627 56.0 3
71.8644067797 48.380952381 3
65.7627118644 54.8571428571 3
93.3898305085 88.1904761905 5
52.5423728814 67.619047619 9
54.7457627119 49.9047619048 2
43.5593220339 80.5714285714 7
47.6271186441 50.8571428571 4
54.0677966102 9.71428571429 4
50.5084745763 55.0476190476 8
36.6101694915 99.2380952381 8
32.0338983051 58.2857142857 4
33.3898305085 73.9047619048 1
66.7796610169 40.5714285714 7
40.5084745763 55.4285714286 4
64.2372881356 58.4761904762 7
60.0 31.4285714286 6
24.7457627119 73.3333333333 2
70.8474576271 47.8095238095 6
77.4576271186 94.0952380952 2
48.9830508475 30.6666666667 6
45.0847457627 58.0952380952 6
50.5084745763 47.0476190476 4
54.406779661 69.7142857143 1
48.3050847458 23.4285714286 7
61.186440678 52.9523809524 7
13.3898305085 59.8095238095 5
45.9322033898 29.3333333333 3
52.5423728814 48.5714285714 4
87.4576271186 46.6666666667 1
44.2372881356 92.9523809524 4
73.0508474576 26.4761904762 4
55.2542372881 61.7142857143 3
55.4237288136 67.619047619 2
63.2203389831 88.0 6
53.0508474576 68.5714285714 8
50.0 9.14285714286 7
44.9152542373 71.619047619 7
41.5254237288 54.2857142857 1
44.9152542373 53.1428571429 4
53.0508474576 59.0476190476 1
81.6949152542 39.4285714286 4
16.1016949153 33.9047619048 6
96.9491525424 32.0 3
65.7627118644 80.380952381 2
70.8474576271 37.5238095238 6
72.7118644068 62.6666666667 6
55.7627118644 47.4285714286 3
29.1525423729 48.9523809524 6
31.8644067797 71.2380952381 4
29.1525423729 64.0 1
45.0847457627 58.2857142857 3
46.9491525424 80.5714285714 7
52.8813559322 53.3333333333 9
43.3898305085 37.7142857143 6
23.5593220339 35.619047619 1
47.9661016949 82.2857142857 6
69.1525423729 71.0476190476 9
39.8305084746 57.7142857143 4
43.0508474576 40.9523809524 8
49.1525423729 80.5714285714 2
68.4745762712 55.619047619 5
66.1016949153 25.3333333333 6
67.7966101695 40.9523809524 7
35.0847457627 30.6666666667 4
64.406779661 51.619047619 4
56.1016949153 70.2857142857 8
60.6779661017 70.0952380952 9
38.9830508475 34.6666666667 2
51.5254237288 46.0952380952 6
35.593220339 20.5714285714 5
76.9491525424 59.2380952381 7
93.2203389831 48.5714285714 2
75.4237288136 24.5714285714 3
61.3559322034 55.8095238095 1
52.7118644068 77.9047619048 4
29.3220338983 83.8095238095 2
52.2033898305 41.9047619048 3
65.9322033898 35.0476190476 3
35.0847457627 14.4761904762 9
62.8813559322 38.8571428571 6
58.9830508475 51.8095238095 3
61.3559322034 56.9523809524 1
55.2542372881 68.0 3
55.7627118644 41.9047619048 8
32.0338983051 12.1904761905 7
76.9491525424 68.7619047619 7
28.4745762712 63.8095238095 3
90.1694915254 73.7142857143 6
50.6779661017 29.5238095238 2
57.9661016949 91.8095238095 5
38.3050847458 48.7619047619 2
76.4406779661 44.5714285714 2
67.9661016949 66.8571428571 2
65.0847457627 13.9047619048 5
76.9491525424 71.0476190476 6
67.6271186441 71.619047619 8
62.8813559322 46.6666666667 6
63.2203389831 52.0 3
59.4915254237 18.0952380952 8
62.3728813559 46.8571428571 8
43.0508474576 73.7142857143 7
14.406779661 35.619047619 8
53.3898305085 19.0476190476 4
53.2203389831 64.9523809524 6
50.8474576271 39.4285714286 5
65.2542372881 72.380952381 4
49.3220338983 64.7619047619 8
62.5423728814 45.9047619048 2
61.3559322034 36.9523809524 9
