141
78.3185840708 57.3498964803 34 0 2 4 5 7 8 9 9 9 10 11 11 12 14 14 15 17 20 26 27 30 33 34 37 39 39 40 41 42 42 44 45 49 49 0 114 118 131 182 217 219 222 266 267 298 301 336 353 390 396 417 462 512 518 533 674 678 776 785 816 841 897 917 941 943 943 969 992
51.3274336283 49.6894409938 34 0 2 2 4 4 9 14 14 15 15 15 18 21 22 22 28 29 30 30 31 33 34 35 36 37 38 40 40 43 44 46 47 49 49 0 103 128 135 185 246 351 352 371 419 435 441 447 484 506 552 583 605 625 642 673 692 720 765 771 784 799 829 835 844 847 880 888 960
91.814159292 66.4596273292 34 0 2 4 4 5 5 9 10 12 13 15 17 19 20 20 20 22 25 26 29 29 30 32 37 38 40 41 45 46 46 46 47 47 49 0 0 117 155 163 169 208 263 311 327 405 436 437 439 494 532 560 570 593 659 659 672 727 755 763 781 793 841 850 863 871 892 909 988
73.4513274336 67.4948240166 34 0 0 0 0 0 4 5 6 9 10 10 15 18 18 19 19 25 26 26 26 29 31 35 35 37 39 41 42 42 43 45 46 47 47 0 155 228 232 248 257 300 375 426 463 497 543 546 566 591 605 607 637 648 649 656 656 687 697 700 803 815 827 844 871 885 904 909 945
53.3185840708 61.9047619048 34 0 3 4 6 7 8 8 10 11 13 13 14 15 16 16 16 20 22 24 25 25 25 27 29 29 30 32 36 37 39 43 45 47 47 0 105 109 135 137 170 205 211 230 322 370 377 392 396 450 453 478 510 560 585 595 601 636 662 720 750 792 855 858 883 913 916 937 990
78.0973451327 37.6811594203 34 0 3 3 4 7 9 11 13 15 16 16 16 17 17 19 19 20 20 21 24 25 25 25 28 29 31 33 39 39 42 43 45 47 49 0 192 210 268 271 273 274 285 301 304 315 327 368 384 409 463 567 578 579 624 631 647 672 675 692 700 710 717 721 732 733 766 807 887
77.6548672566 42.8571428571 34 0 0 1 5 5 8 8 12 14 14 16 16 17 18 19 20 21 22 23 24 25 25 26 27 28 29 32 32 34 42 42 42 45 45 0 111 175 185 189 194 266 326 413 450 522 528 545 567 599 599 617 628 668 673 732 750 770 792 823 826 838 840 862 884 892 900 904 908
87.8318584071 49.4824016563 34 0 0 1 2 2 2 5 6 9 9 9 13 15 17 19 19 19 23 27 28 29 29 31 31 32 34 37 40 40 43 44 45 48 49 0 0 113 116 183 207 240 259 373 388 389 441 447 506 516 601 615 665 669 673 678 682 713 714 724 736 758 782 799 828 936 940 965 998
34.0707964602 50.5175983437 34 0 4 5 7 11 12 14 16 17 18 20 20 21 25 27 27 28 30 31 32 34 34 38 40 40 40 41 42 44 45 48 48 49 49 0 128 129 144 162 193 235 281 297 322 334 348 367 471 490 531 549 565 574 596 599 618 664 753 759 770 857 868 881 902 920 972 981 991
49.3362831858 52.5879917184 34 0 2 3 3 8 9 10 10 12 13 13 14 15 16 19 19 21 24 25 27 29 30 36 36 39 39 39 41 41 43 46 46 46 46 0 112 137 226 245 262 280 315 343 345 353 383 501 507 530 530 548 606 622 683 697 704 740 757 765 802 813 815 820 820 896 922 942 987
60.6194690265 80.33126294 34 0 0 0 3 5 5 5 7 7 9 13 16 18 18 20 23 26 26 29 30 30 30 31 35 35 36 36 38 40 41 41 46 46 49 0 111 114 115 152 168 186 227 234 262 263 276 308 354 468 519 575 577 581 594 614 695 697 697 715 763 798 819 822 854 856 879 897 982
38.9380530973 63.768115942 34 0 4 5 7 10 11 11 12 14 15 18 19 21 21 22 26 26 27 27 27 31 34 35 36 40 41 42 45 47 47 47 48 48 49 0 135 197 260 303 308 355 369 390 408 420 477 479 489 493 526 531 539 547 625 630 669 674 733 781 786 787 791 792 795 851 855 856 963
57.3008849558 65.0103519669 34 0 0 1 1 4 7 7 8 10 13 15 15 17 18 21 21 21 24 24 29 31 33 34 34 34 35 36 37 37 38 39 44 45 48 0 137 165 223 230 284 352 354 419 430 517 521 546 551 572 590 595 606 640 702 704 709 715 718 759 785 789 891 923 979 982 991 993 995
73.2300884956 43.8923395445 34 0 0 1 3 5 7 7 8 13 13 13 14 17 23 24 26 26 26 30 32 33 34 36 36 36 38 39 40 41 42 44 45 47 49 0 190 203 219 241 264 271 279 280 284 285 350 382 414 418 423 446 480 484 521 573 599 616 722 728 764 806 866 878 922 951 976 981 993
38.9380530973 90.4761904762 34 0 3 3 4 5 7 8 11 11 12 13 14 15 17 21 25 25 25 26 26 34 34 38 38 38 41 42 45 47 48 48 48 48 49 0 133 160 181 189 203 270 322 382 399 411 413 436 462 485 492 540 594 629 640 662 667 671 703 724 728 732 788 864 876 881 914 928 970
76.9911504425 57.1428571429 34 0 0 0 3 4 5 6 7 8 9 11 12 13 14 17 17 17 18 20 21 23 24 25 31 34 35 36 39 41 44 45 46 46 47 0 0 113 115 124 168 175 193 222 269 278 291 301 314 377 398 422 431 442 483 538 557 559 623 628 645 683 708 826 830 955 962 970 983
84.0707964602 52.380952381 34 0 0 1 2 4 4 5 5 7 9 10 10 12 13 14 17 18 19 19 19 20 25 28 32 34 37 40 42 42 42 43 43 44 44 0 0 124 157 168 227 270 271 280 285 337 386 399 400 413 415 458 514 547 553 596 643 680 681 707 718 728 798 820 853 924 944 953 979
39.1592920354 56.5217391304 34 0 0 1 1 2 6 7 15 16 17 18 19 19 19 20 20 22 22 25 26 28 30 33 34 34 39 40 40 43 44 44 45 49 49 0 104 109 116 122 153 169 176 183 193 220 220 236 257 298 316 326 336 374 395 430 446 508 512 540 541 553 668 716 731 740 794 818 908
72.7876106195 84.8861283644 34 0 1 4 8 9 10 12 13 14 16 16 17 18 18 22 24 24 25 29 30 30 30 32 34 37 38 40 40 41 41 44 46 46 49 0 124 181 183 190 200 216 235 287 314 331 429 467 547 550 609 725 735 736 739 743 778 795 795 800 806 844 865 865 873 894 918 933 964
55.5309734513 76.1904761905 34 0 1 1 3 4 5 10 10 12 12 19 19 20 21 23 24 24 27 30 30 31 31 31 39 39 40 41 41 41 45 46 46 47 49 0 120 126 147 197 214 217 235 268 275 293 360 386 395 396 426 470 474 539 576 616 631 653 667 708 759 802 823 845 858 870 872 949 959
24.1150442478 17.5983436853 34 0 2 3 5 8 9 9 13 15 17 18 22 23 23 25 26 26 28 32 32 32 33 33 35 38 39 39 41 45 47 48 48 48 49 0 105 120 125 165 223 237 245 271 273 283 308 309 331 332 411 443 460 532 538 598 624 624 625 675 788 794 826 849 883 917 936 936 962
67.9203539823 61.9047619048 34 0 1 4 5 6 8 11 12 13 14 15 16 17 22 23 24 26 27 28 28 31 32 33 33 33 39 39 41 42 45 46 47 48 48 0 137 155 162 173 175 262 295 329 338 347 353 363 414 418 441 472 616 686 693 732 741 760 810 818 818 850 875 901 937 940 942 968 990
20.1327433628 63.9751552795 34 0 0 2 3 3 4 7 8 8 9 12 13 14 17 18 21 23 25 25 26 26 27 28 30 31 32 33 35 36 36 36 36 40 47 0 175 175 183 208 211 254 255 271 278 295 305 305 318 361 371 387 452 454 485 601 615 619 622 706 736 736 737 742 746 866 946 981 998
86.5044247788 43.2712215321 34 0 1 2 2 2 3 5 5 6 9 16 16 16 18 21 22 26 28 29 32 34 36 36 37 39 40 43 43 43 43 46 47 48 48 0 116 136 155 184 252 284 350 386 443 481 484 501 584 597 608 612 628 703 736 739 798 800 835 850 851 867 870 881 905 944 946 970 996
64.8230088496 21.1180124224 34 0 2 6 7 9 11 11 12 14 14 14 16 17 17 22 22 23 24 26 26 29 29 31 31 32 33 34 34 35 43 43 43 46 46 0 112 150 154 186 230 248 250 252 271 313 315 370 379 401 414 428 451 485 499 519 637 684 702 711 747 757 758 873 884 916 923 935 981
47.1238938053 42.2360248447 34 0 0 1 4 7 9 10 12 12 13 13 15 15 18 19 19 24 26 27 27 27 28 29 30 31 34 36 37 37 39 41 41 42 42 0 104 114 149 254 261 294 313 359 419 434 440 446 460 517 518 527 560 631 639 659 664 683 699 738 744 744 746 818 841 923 933 938 967
23.8938053097 47.4120082816 34 0 0 1 3 4 7 11 13 13 14 16 17 18 20 23 23 26 27 27 28 30 32 32 33 33 35 36 39 39 40 41 43 43 43 0 126 140 190 222 244 282 284 301 399 402 445 468 472 493 557 581 593 600 600 662 666 667 706 728 766 771 828 835 878 887 936 947 989
59.7345132743 56.5217391304 34 0 1 3 3 5 6 8 9 11 12 13 13 17 19 19 23 23 23 25 29 30 32 33 37 37 37 38 41 43 44 44 44 46 48 0 0 103 113 148 190 195 196 199 229 242 276 297 314 370 452 467 520 525 527 535 557 616 675 680 709 760 794 798 816 912 943 968 984
93.8053097345 57.1428571429 34 0 0 1 2 2 3 4 6 6 6 9 12 15 17 18 20 26 28 28 30 32 33 34 35 38 39 39 40 41 42 44 48 49 49 0 126 153 205 217 221 226 255 307 386 458 492 504 519 540 566 583 583 590 638 640 641 644 716 717 729 742 798 813 827 871 889 912 915
94.0265486726 30.0207039337 34 0 0 1 3 4 6 7 7 8 8 9 11 11 12 14 14 14 15 16 17 17 17 19 24 26 34 34 36 37 37 40 42 46 47 0 141 145 180 204 260 272 279 354 386 388 487 507 509 513 529 544 546 548 563 580 590 592 619 626 637 684 700 719 738 758 853 954 959
94.9115044248 45.7556935818 34 0 1 1 1 1 3 7 7 8 11 14 15 18 19 20 21 22 25 25 28 28 29 31 32 34 36 37 39 44 44 48 48 49 49 0 142 149 152 195 199 199 227 272 314 330 341 361 393 405 427 524 529 563 566 589 599 604 615 681 693 725 828 922 935 959 985 986 987
26.1061946903 12.215320911 34 0 0 5 9 10 11 12 13 18 19 20 22 22 25 25 26 27 27 31 31 32 33 34 36 38 42 42 43 43 46 47 47 48 49 0 106 184 189 200 205 257 268 270 290 318 344 361 445 454 489 508 570 581 601 601 616 687 726 766 801 902 935 938 940 944 966 966 987
79.203539823 70.6004140787 34 0 1 1 7 10 12 12 13 13 14 15 17 17 20 21 22 24 34 34 35 37 39 40 40 41 41 42 43 44 46 47 49 49 49 0 164 180 186 238 263 329 368 391 457 458 497 500 501 502 541 559 579 607 719 725 752 774 784 790 813 816 836 850 860 870 906 936 936
65.9292035398 55.900621118 34 0 0 1 1 2 2 2 2 3 5 7 8 10 10 11 13 13 15 15 18 20 20 22 24 27 32 35 36 37 37 42 44 44 48 0 127 247 251 326 338 365 462 468 520 523 536 567 661 664 669 704 713 739 756 769 776 800 803 826 833 842 856 860 884 898 943 945 969
25.8849557522 20.082815735 34 0 0 0 0 1 3 4 5 6 6 10 10 11 14 19 20 20 26 27 28 31 32 34 35 35 36 36 37 38 40 41 44 44 49 0 158 190 203 226 276 284 311 326 332 349 355 422 437 474 510 557 585 588 677 700 723 785 806 809 814 873 894 908 944 956 964 970 993
88.9380530973 86.9565217391 34 0 1 3 4 6 9 9 9 13 13 17 18 21 22 23 26 26 27 27 28 28 29 32 32 32 33 34 39 40 41 41 42 45 48 0 129 145 169 211 235 242 243 246 252 255 263 277 300 311 347 384 398 425 438 532 627 640 658 681 761 773 811 822 822 888 992 997 998
61.9469026549 76.1904761905 34 0 0 1 3 4 5 8 10 10 10 12 13 16 17 19 20 21 21 23 27 27 29 29 30 31 31 34 35 35 36 37 37 40 41 0 0 181 239 272 322 338 348 374 380 394 414 447 451 491 516 546 567 575 576 584 630 662 704 710 717 763 767 787 797 846 865 870 899
69.2477876106 0.828157349896 34 0 0 0 1 2 3 3 7 12 12 13 13 13 15 16 21 24 26 27 27 28 31 32 33 35 36 38 39 39 43 44 44 48 48 0 108 112 160 193 201 209 213 214 256 263 276 299 307 317 400 401 415 526 544 559 608 639 649 690 731 760 800 828 840 848 849 927 950
45.3539823009 62.1118012422 34 0 1 4 4 4 6 7 7 9 10 13 14 17 17 19 20 21 22 22 23 24 24 32 35 39 45 45 45 46 47 47 47 48 49 0 103 128 133 154 164 178 190 220 224 365 373 380 406 441 452 482 483 484 499 541 549 561 601 675 749 768 823 879 885 891 904 967 973
37.389380531 57.3498964803 34 0 1 3 3 4 4 5 6 6 7 10 10 15 15 16 17 19 19 21 23 23 26 29 31 32 35 41 41 42 43 44 46 48 48 0 165 223 277 285 289 289 302 325 346 368 377 382 392 478 494 496 497 507 509 539 558 597 599 621 626 655 820 870 876 941 955 973 975
68.5840707965 47.8260869565 34 0 0 4 9 9 10 11 16 21 21 23 23 24 26 26 27 30 30 31 31 31 32 32 34 35 35 37 38 39 41 42 44 46 48 0 0 101 227 228 229 267 285 312 312 315 355 440 454 516 518 526 548 565 599 616 619 671 696 720 720 835 852 860 866 923 946 964 983
49.3362831858 14.4927536232 34 0 1 2 3 4 5 6 8 9 11 12 16 17 21 21 22 23 24 28 29 29 33 34 35 39 40 42 43 44 45 46 47 48 49 0 103 175 179 187 211 216 226 267 319 351 457 459 466 481 521 550 574 608 638 652 713 728 764 791 807 817 822 876 879 890 909 957 994
62.1681415929 45.3416149068 34 0 1 2 4 4 5 5 8 11 12 14 15 17 19 20 22 22 22 25 28 29 31 32 33 33 36 37 40 40 43 43 45 45 47 0 105 126 177 181 182 184 220 234 239 240 256 277 308 313 343 348 410 447 483 534 543 625 633 650 696 701 723 827 856 887 953 964 993
49.3362831858 33.5403726708 34 0 6 6 7 7 8 9 9 12 14 16 16 17 19 21 23 23 25 29 29 33 33 34 34 34 37 40 42 43 44 44 45 48 48 0 109 131 132 148 175 179 226 250 282 298 385 394 401 403 408 415 453 482 495 514 533 550 550 553 554 595 767 778 809 953 972 979 998
77.2123893805 38.3022774327 34 0 0 2 3 4 5 5 6 7 9 14 15 22 22 25 25 26 26 32 33 33 33 33 33 36 36 38 38 38 42 47 48 48 48 0 119 147 148 155 156 194 219 286 304 338 343 349 360 418 449 452 460 476 514 517 518 579 580 623 657 704 733 762 774 831 870 891 900
53.7610619469 33.7474120083 34 0 0 2 2 2 3 4 4 5 7 7 10 11 11 12 14 15 15 19 23 23 24 25 28 29 31 33 39 41 41 44 47 49 49 0 225 239 262 282 292 327 348 352 372 402 429 450 460 466 522 542 571 635 649 656 671 689 691 698 707 720 742 824 832 914 956 974 989
55.7522123894 61.0766045549 34 0 1 2 3 4 8 9 10 10 11 13 14 14 17 17 18 18 19 20 23 25 26 26 29 29 30 30 31 34 34 36 42 43 47 0 0 126 148 216 271 283 291 299 343 379 410 440 453 471 487 522 566 568 579 590 614 731 768 777 803 807 862 863 903 908 910 968 992
50.0 49.0683229814 34 0 1 3 4 6 6 6 7 9 9 16 17 17 20 22 22 23 24 25 30 32 33 36 37 38 38 41 41 42 43 44 45 45 48 0 144 164 185 190 196 202 252 268 321 330 348 350 450 470 531 574 582 596 603 677 743 758 783 784 855 891 898 913 915 927 931 933 957
59.2920353982 36.8530020704 34 0 1 2 3 3 5 5 6 9 12 13 15 16 17 21 22 25 29 31 33 33 34 34 36 39 40 40 41 41 42 42 45 48 49 0 156 242 255 278 283 287 315 315 331 376 379 423 451 458 480 491 531 578 612 640 715 723 758 777 778 831 859 895 922 931 960 981 987
45.796460177 61.6977225673 34 0 0 0 1 2 9 12 13 14 14 16 16 17 18 18 18 20 23 24 24 27 28 29 30 33 35 37 38 39 40 40 43 49 49 0 110 161 172 219 222 245 276 309 370 373 391 415 441 470 488 541 545 563 607 608 645 708 749 816 824 890 903 906 922 924 959 987 993
57.7433628319 75.5693581781 34 0 0 2 3 6 6 6 8 10 11 14 14 15 17 17 18 18 20 21 21 25 28 32 33 34 35 36 40 41 41 42 42 45 46 0 126 160 202 225 241 248 268 269 271 284 318 368 385 395 398 486 583 596 600 608 624 635 635 642 716 728 744 811 865 890 907 975 984
43.1415929204 34.3685300207 34 0 2 6 12 12 12 13 14 16 17 18 18 21 23 28 29 30 31 32 34 35 36 38 38 38 39 43 44 45 45 46 46 47 48 0 0 105 107 164 187 195 231 245 254 270 315 330 338 347 372 378 384 386 392 431 481 547 685 696 712 716 806 821 841 842 886 934 982
46.017699115 76.8115942029 34 0 0 1 2 2 4 6 7 10 13 14 15 16 17 17 18 19 27 31 35 36 37 41 41 42 44 45 45 45 46 47 47 48 49 0 108 132 133 136 145 148 219 238 239 259 293 303 305 361 457 581 584 626 681 682 702 728 737 760 811 820 833 863 871 916 963 964 975
69.0265486726 39.9585921325 34 0 5 9 10 13 14 17 19 20 21 23 26 27 27 28 30 30 32 32 36 37 41 42 42 42 43 44 44 44 47 48 48 49 49 0 101 117 119 124 168 196 237 250 275 320 351 377 387 425 437 453 532 548 567 590 607 628 629 671 675 697 767 859 910 916 949 957 975
81.8584070796 37.4741200828 34 0 0 1 2 3 7 7 11 12 14 15 16 17 17 17 21 24 26 28 29 29 31 31 32 32 34 36 38 38 39 41 42 45 46 0 115 122 154 167 178 195 212 241 255 290 309 371 437 487 492 523 585 593 598 600 641 663 722 730 745 778 805 868 878 913 918 931 999
11.5044247788 50.1035196687 34 0 0 2 2 3 5 6 10 12 14 15 17 17 18 18 21 24 24 29 29 31 32 32 34 36 40 41 44 45 45 45 46 47 47 0 129 130 153 155 156 229 239 317 346 408 445 482 484 492 499 551 565 573 576 581 599 733 741 754 754 789 808 830 844 925 926 939 957
48.8938053097 49.6894409938 34 0 3 3 4 6 9 10 10 13 14 16 16 17 17 17 19 21 21 24 26 27 30 30 31 34 37 39 42 45 46 47 48 49 49 0 0 121 195 205 224 232 235 252 252 320 344 353 353 467 478 479 483 496 521 566 573 578 594 614 783 797 839 872 873 890 902 911 958
68.1415929204 59.6273291925 34 0 0 3 3 4 6 10 10 12 13 14 14 16 17 18 19 20 25 28 29 29 30 31 31 31 33 36 37 37 39 44 45 46 49 0 140 149 189 207 210 238 242 258 315 318 344 366 388 439 444 473 490 586 589 589 611 669 686 753 793 808 812 814 821 846 925 952 964
55.5309734513 48.2401656315 34 0 0 1 2 3 4 5 11 12 12 13 14 15 16 19 20 21 21 25 26 26 27 29 31 33 33 33 34 35 39 40 41 43 46 0 133 230 272 291 339 351 351 352 363 444 445 478 503 524 607 622 651 660 686 692 709 725 745 770 779 838 850 908 927 937 941 979 991
68.8053097345 57.3498964803 34 0 1 2 5 9 11 12 13 13 15 15 17 18 22 22 25 27 27 28 28 31 31 32 33 35 39 40 41 42 42 43 44 47 49 0 0 128 131 159 199 234 244 270 299 333 413 434 444 459 472 506 512 552 557 562 622 646 665 680 767 769 871 921 960 963 971 981 990
37.389380531 59.4202898551 34 0 0 3 8 11 11 12 13 14 16 17 18 19 21 21 22 22 25 26 28 29 30 31 32 33 34 37 38 39 42 43 46 47 48 0 131 155 166 177 179 197 209 211 230 251 288 322 349 430 431 458 459 496 539 562 656 728 765 769 788 794 796 812 829 865 905 905 907
38.7168141593 50.5175983437 34 0 0 5 6 8 9 9 10 12 12 15 18 21 22 23 23 25 27 29 32 35 36 37 38 39 41 43 44 45 45 48 49 49 49 0 0 143 153 201 231 260 284 304 356 372 381 383 408 429 438 463 521 568 625 625 633 652 662 668 703 739 781 824 847 902 904 958 984
35.1769911504 31.2629399586 34 0 0 3 3 4 12 13 13 15 17 17 19 19 19 20 21 24 27 29 31 38 38 38 39 39 39 39 40 43 44 45 45 48 49 0 0 180 211 214 262 267 286 291 323 327 381 399 413 482 513 517 552 560 579 616 637 670 728 744 868 918 936 944 956 971 975 983 993
70.3539823009 51.5527950311 34 0 0 2 5 6 7 8 9 9 10 12 13 14 15 16 17 18 19 20 20 23 28 29 30 31 33 35 35 38 40 44 46 47 48 0 0 104 125 255 268 273 279 287 335 350 372 464 474 476 513 532 570 576 607 611 623 675 684 778 802 823 842 854 916 928 977 977 986
67.2566371681 37.0600414079 34 0 0 1 2 3 3 4 5 7 8 8 9 10 15 17 17 18 19 25 26 26 31 33 38 41 41 41 42 42 43 43 44 44 49 0 106 122 150 265 314 351 377 389 418 455 496 549 555 556 566 597 610 677 718 719 763 763 764 786 793 805 827 831 896 940 944 958 958
24.3362831858 60.248447205 34 0 4 4 6 8 9 12 13 16 17 18 19 22 25 27 27 27 28 28 28 31 32 36 40 40 43 44 45 45 46 48 48 48 49 0 101 166 169 191 192 206 221 246 252 311 318 328 335 385 427 498 502 550 556 612 735 758 793 813 821 841 868 872 880 894 918 948 997
30.5309734513 31.884057971 34 0 0 1 2 5 5 6 6 6 10 10 12 13 14 17 18 21 23 27 27 29 33 34 36 38 40 41 41 41 42 43 44 45 47 0 128 150 220 235 257 265 282 307 340 351 365 413 446 452 533 547 574 622 700 715 740 791 797 797 816 817 819 839 887 901 905 942 982
61.7256637168 65.0103519669 34 0 0 4 4 5 7 9 10 12 13 13 18 21 22 23 23 24 27 28 35 35 36 37 38 38 38 39 42 43 45 45 46 47 49 0 116 124 199 236 251 264 325 410 437 444 452 467 495 514 514 518 526 585 586 588 628 631 689 744 788 792 877 878 893 912 922 983 996
49.1150442478 47.2049689441 34 0 2 3 5 7 18 20 20 22 22 22 24 24 26 26 26 29 31 32 33 34 35 35 37 37 38 39 41 41 44 45 45 48 49 0 223 273 289 311 317 358 383 389 431 470 481 505 510 525 549 556 577 609 615 631 644 715 719 743 804 862 872 896 913 915 955 979 998
67.2566371681 23.3954451346 34 0 3 5 8 9 10 11 11 12 14 14 15 16 18 19 23 27 27 28 28 29 29 31 33 35 35 36 38 38 42 46 47 47 48 0 0 118 143 145 186 231 283 297 299 318 326 394 473 493 547 593 599 600 631 706 732 776 787 789 801 816 833 837 843 844 885 940 957
67.2566371681 53.4161490683 34 0 0 1 2 7 8 10 12 12 13 14 14 17 17 18 21 23 23 25 25 28 31 33 36 36 37 38 39 41 46 48 48 48 48 0 116 121 157 201 205 308 344 362 392 401 416 424 438 441 499 503 534 575 585 596 646 667 701 736 736 762 768 794 876 893 901 930 966
38.0530973451 34.1614906832 34 0 1 1 3 5 6 7 12 15 17 17 19 19 21 21 24 24 24 25 27 30 33 36 41 42 42 44 44 45 45 46 47 48 49 0 122 173 212 263 292 293 308 317 332 394 421 466 486 502 517 532 540 594 647 666 668 669 694 705 750 799 807 876 880 912 959 968 985
68.8053097345 72.8778467909 34 0 2 3 4 6 6 8 11 12 13 14 14 15 17 18 19 20 21 22 23 25 25 25 27 27 29 35 37 40 41 46 46 48 49 0 114 177 198 217 249 293 307 323 351 424 506 554 569 634 640 641 664 676 723 727 753 758 768 777 778 793 796 868 873 900 911 915 919
96.2389380531 34.3685300207 34 0 1 1 2 4 4 5 6 9 10 12 12 13 22 22 23 23 25 26 26 27 30 30 37 38 39 41 41 45 45 46 46 46 47 0 116 141 161 163 234 247 249 302 303 352 424 446 508 564 577 579 630 636 637 666 683 721 744 826 827 849 861 874 918 937 983 994 996
62.610619469 51.1387163561 34 0 0 3 3 4 5 6 6 10 11 13 14 15 17 17 19 22 23 25 25 28 32 33 33 34 34 35 37 40 43 44 45 46 48 0 128 195 202 207 208 231 240 258 304 331 352 378 381 426 487 529 540 594 612 631 727 748 752 757 785 806 835 847 860 892 910 978 982
74.1150442478 48.033126294 34 0 0 2 3 4 5 5 7 13 14 14 16 20 23 24 27 32 34 34 36 37 38 39 40 42 42 42 43 43 44 48 48 48 49 0 184 242 269 274 301 307 308 403 420 478 486 497 512 514 583 623 626 640 658 667 685 697 726 746 753 789 831 860 896 923 952 962 970
30.0884955752 62.9399585921 34 0 0 1 1 2 2 4 4 6 6 7 9 11 13 13 13 14 15 17 18 19 19 21 24 26 26 27 30 31 33 33 34 41 46 0 111 117 165 173 223 302 351 370 415 415 433 534 573 636 682 704 716 718 746 747 754 801 851 858 868 881 883 954 966 970 975 982 985
33.6283185841 48.2401656315 34 0 0 3 6 6 6 7 9 11 12 12 16 16 17 17 19 22 22 23 24 25 27 28 31 31 36 40 40 41 44 45 47 48 49 0 214 216 222 229 236 260 300 303 343 458 468 493 546 548 632 710 720 725 726 753 761 778 796 817 824 830 832 840 849 876 879 959 990
50.4424778761 34.7826086957 34 0 0 0 2 2 3 3 6 12 13 13 13 13 18 22 23 23 26 26 26 27 28 29 29 34 37 38 41 43 45 46 47 47 48 0 109 114 118 118 139 139 148 243 258 293 299 321 326 337 355 442 463 484 522 532 582 633 635 643 653 664 677 846 862 887 960 960 963
46.9026548673 47.619047619 34 0 2 2 2 4 4 6 6 8 9 10 10 21 21 26 26 26 27 27 28 32 33 35 37 38 40 42 43 44 46 46 47 48 48 0 151 205 232 244 252 262 277 291 292 380 421 517 546 604 636 680 699 722 735 747 749 762 763 766 795 829 859 881 903 924 959 989 991
30.5309734513 29.8136645963 34 0 0 3 3 4 6 8 11 11 13 15 17 19 19 20 21 23 23 24 25 25 25 26 31 31 32 35 37 42 43 46 47 47 49 0 135 145 148 172 183 191 232 240 242 249 266 292 315 322 362 474 500 502 582 622 623 638 642 676 712 716 755 789 816 902 927 937 994
15.9292035398 30.4347826087 34 0 0 1 5 6 7 8 9 11 12 12 13 15 15 18 23 25 25 27 27 28 28 28 31 33 34 34 34 35 35 39 44 47 49 0 109 133 163 172 178 193 208 237 249 261 264 304 320 321 321 335 355 357 615 663 721 723 737 743 769 770 804 819 849 862 947 969 990
60.1769911504 51.3457556936 34 0 6 6 7 8 9 11 13 13 14 14 14 18 27 30 31 31 32 33 33 34 34 35 36 36 38 39 40 40 41 43 46 46 48 0 148 158 178 197 216 255 275 389 394 403 417 423 478 481 521 525 558 583 605 614 644 698 751 817 842 874 880 885 889 901 913 914 944
64.1592920354 37.6811594203 34 0 2 5 8 8 9 9 10 10 17 19 19 19 20 24 27 32 33 35 39 40 40 42 42 43 45 45 46 46 46 46 47 48 48 0 0 136 154 192 210 234 243 274 290 300 305 332 379 413 414 427 429 438 499 501 520 638 663 730 733 788 848 883 905 969 974 977 980
56.1946902655 32.7122153209 34 0 2 3 6 11 12 16 17 18 19 20 22 22 22 27 30 32 33 35 36 37 37 39 39 42 43 43 44 45 47 47 48 49 49 0 109 186 203 204 213 226 248 290 324 325 330 353 447 447 484 507 517 534 540 562 572 583 596 619 636 667 680 766 826 834 900 924 982
79.4247787611 46.9979296066 34 0 2 5 5 6 8 8 12 14 16 19 20 20 22 22 24 24 26 27 27 27 28 30 35 38 39 45 45 46 46 46 47 49 49 0 103 123 141 166 241 244 261 264 274 299 325 345 345 402 425 486 501 505 522 524 594 626 632 652 703 734 771 805 856 862 903 911 990
67.0353982301 73.9130434783 34 0 5 5 11 11 11 14 15 19 19 19 19 20 20 20 22 23 24 25 26 27 29 30 30 33 35 35 40 41 42 42 43 48 49 0 154 272 276 316 318 325 368 417 513 518 524 532 556 582 586 647 660 683 691 699 711 785 810 839 874 900 916 946 956 965 980 981 989
30.0884955752 100.0 34 0 0 6 8 10 11 12 13 20 20 22 22 23 24 25 25 26 27 29 29 30 32 35 36 41 41 41 43 44 44 46 47 49 49 0 103 124 164 225 263 308 326 328 359 373 381 419 444 474 541 633 696 704 705 705 737 738 745 776 879 888 892 915 922 927 937 947 979
62.8318584071 0.0 34 0 0 5 8 9 10 10 11 12 12 13 13 14 14 17 18 18 19 19 21 22 26 27 27 29 29 31 35 36 39 43 44 47 48 0 141 172 212 221 233 247 337 344 369 370 451 461 471 480 568 620 632 639 676 692 701 717 724 727 734 807 820 832 883 919 934 993 993
40.9292035398 56.9358178054 34 0 0 0 1 4 4 5 6 6 8 9 10 12 14 15 15 17 24 25 27 29 30 31 31 32 34 36 40 41 43 44 44 48 49 0 127 158 168 190 201 214 214 227 233 283 339 361 363 413 415 418 489 499 570 570 729 739 780 788 807 811 822 831 921 922 964 981 984
33.407079646 43.4782608696 34 0 1 3 6 8 9 10 11 14 15 15 16 18 19 19 21 23 25 26 27 32 32 33 34 36 36 37 38 39 43 44 45 46 48 0 115 127 184 193 242 293 314 338 357 359 393 437 444 457 520 565 580 603 626 630 658 676 756 762 779 795 898 904 907 930 938 960 983
40.2654867257 64.182194617 34 0 0 0 1 1 1 2 2 3 4 6 8 8 9 10 13 17 18 19 20 22 23 23 24 26 27 29 30 31 33 34 36 37 43 0 121 162 165 191 194 261 375 398 404 426 478 488 571 587 619 676 677 702 716 725 728 743 760 761 780 797 813 866 908 929 941 953 986
39.6017699115 84.4720496894 34 0 3 5 6 8 9 10 12 13 14 17 20 21 22 24 25 27 28 30 32 33 33 35 37 37 39 40 41 41 42 45 47 49 49 0 123 126 160 173 259 282 286 312 327 382 384 450 466 512 527 554 596 624 650 663 702 713 789 798 805 827 867 873 893 961 973 989 995
59.2920353982 37.6811594203 34 0 0 1 2 2 6 7 7 8 9 11 12 15 15 17 19 19 20 22 25 26 27 29 30 31 31 36 40 44 45 46 46 47 49 0 108 112 164 215 242 251 277 291 293 324 341 376 395 433 442 447 453 503 552 625 671 673 706 731 760 762 772 833 862 868 868 979 980
45.5752212389 13.2505175983 34 0 1 4 6 7 7 9 11 11 13 14 14 15 15 15 17 21 24 25 26 26 28 30 32 34 35 35 37 37 37 39 41 42 46 0 0 124 184 204 292 311 354 396 403 445 453 468 478 487 552 581 597 644 674 728 729 736 741 761 820 828 895 918 923 930 931 979 997
68.1415929204 46.1697722567 34 0 0 0 0 0 2 4 5 5 13 14 15 16 18 19 23 25 29 35 35 35 35 35 36 37 38 39 41 41 41 44 44 48 49 0 129 135 149 173 181 204 215 251 265 318 329 456 481 526 535 543 566 604 609 619 638 726 733 735 740 745 786 797 825 836 935 956 970
48.8938053097 72.2567287785 34 0 0 0 2 2 3 3 4 4 5 11 12 15 15 15 16 16 17 17 20 20 23 23 25 26 26 27 29 32 36 37 37 37 49 0 0 139 158 203 218 338 342 378 389 440 448 508 518 542 544 563 568 569 602 638 640 649 661 703 749 771 801 812 827 870 883 934 990
48.2300884956 45.7556935818 34 0 0 0 1 1 1 2 5 5 6 7 7 9 10 10 15 15 20 20 22 22 25 30 31 33 34 36 38 38 39 44 46 46 48 0 119 149 170 294 298 340 341 346 452 458 473 489 532 571 579 583 588 650 675 698 725 785 796 800 811 875 906 929 933 935 951 969 977
44.9115044248 64.8033126294 34 0 5 8 9 10 13 13 14 14 16 18 18 18 19 20 21 24 24 25 27 28 29 31 36 39 44 45 46 47 47 48 48 48 49 0 103 109 163 164 198 285 355 367 381 443 444 452 456 494 507 516 545 547 632 655 668 683 704 740 750 752 759 790 794 850 926 961 975
69.6902654867 42.0289855072 34 0 0 2 7 7 8 9 10 12 12 15 18 21 21 24 26 31 34 36 36 37 37 38 39 40 41 42 43 44 45 45 47 48 49 0 150 154 162 188 229 263 282 285 293 329 330 387 393 486 509 518 569 573 596 613 654 659 659 725 807 846 874 930 931 931 981 993 996
48.4513274336 92.3395445135 34 0 3 4 4 4 4 6 6 7 12 15 15 17 20 20 22 24 25 25 26 26 32 32 34 34 34 36 37 37 39 39 46 46 49 0 119 124 129 166 181 244 270 271 274 323 362 365 382 385 401 458 477 481 498 502 510 517 576 645 689 691 713 813 860 902 907 920 937
100.0 45.5486542443 34 0 4 6 8 12 14 18 18 19 19 19 20 21 21 23 28 29 33 33 34 35 36 37 38 39 41 42 43 43 44 46 48 49 49 0 109 134 137 150 160 172 172 174 228 232 255 378 390 421 507 528 535 559 596 605 613 663 683 721 748 819 857 880 920 929 936 962 964
84.5132743363 32.7122153209 34 0 0 1 1 2 3 4 4 6 6 9 10 16 16 19 22 24 26 26 27 27 30 31 34 35 36 38 39 43 45 46 46 47 48 0 0 106 124 144 166 174 256 273 278 318 352 410 479 518 529 529 539 558 605 729 733 779 818 853 853 859 865 869 877 935 959 995 999
28.5398230088 62.5258799172 34 0 2 2 7 7 9 9 10 10 11 12 13 13 14 16 17 19 21 21 22 25 26 27 28 29 29 30 30 36 40 41 47 48 48 0 0 110 184 187 219 239 268 338 353 397 405 468 479 571 579 588 625 652 735 764 771 792 813 832 868 872 888 925 938 940 961 970 979
58.8495575221 75.1552795031 34 0 1 1 2 4 4 5 5 7 8 8 9 9 10 11 12 14 16 17 22 22 23 24 24 25 26 26 26 35 37 42 44 46 48 0 100 136 154 165 166 200 256 261 292 298 343 373 374 389 405 427 429 468 468 479 492 500 513 523 543 544 611 612 775 792 935 953 992
65.9292035398 36.8530020704 34 0 0 4 4 5 7 7 8 8 10 10 15 16 16 17 21 21 21 22 23 23 27 28 28 29 30 32 40 40 41 41 41 42 45 0 167 172 227 230 260 293 298 305 370 400 415 467 471 493 502 526 541 577 589 605 618 644 674 681 693 693 762 771 886 895 899 960 966
40.4867256637 69.9792960663 34 0 1 3 6 7 7 8 9 10 13 13 15 17 18 18 18 19 21 25 25 26 27 29 30 31 32 33 34 35 39 41 41 47 49 0 0 107 117 152 158 160 199 203 226 281 329 410 465 473 482 519 529 531 555 558 579 607 690 699 741 834 860 868 870 908 912 915 952
91.814159292 54.8654244306 34 0 3 4 6 7 9 9 10 11 20 21 21 23 24 24 24 25 25 25 26 26 30 31 31 31 36 36 37 37 39 40 44 44 48 0 116 151 237 248 263 310 310 335 342 441 499 500 525 559 658 668 681 685 690 704 733 783 807 815 838 840 858 882 909 917 919 971 997
56.1946902655 1.03519668737 34 0 2 3 10 11 14 14 15 15 21 22 22 22 22 23 24 26 28 28 29 30 30 32 35 39 40 40 40 41 41 43 44 45 45 0 116 127 183 201 229 231 233 242 261 338 339 362 382 451 462 542 582 681 687 690 744 788 796 806 826 843 884 913 914 933 933 971 995
3.53982300885 61.6977225673 34 0 1 1 3 4 6 11 13 14 15 17 19 20 23 27 28 29 30 31 32 33 34 34 35 35 38 41 42 45 46 46 48 48 49 0 123 169 198 205 273 292 296 301 328 362 389 408 416 512 515 518 639 645 682 713 754 756 798 807 812 829 853 873 873 903 926 948 997
65.7079646018 38.5093167702 34 0 0 2 3 3 5 5 5 7 9 10 11 15 16 18 18 19 25 31 32 32 33 35 37 39 40 41 41 41 43 43 44 45 47 0 112 150 205 329 375 375 401 443 485 499 503 507 508 535 577 601 621 661 674 697 775 779 799 805 811 831 868 894 896 939 942 988 995
86.5044247788 15.1138716356 34 0 1 1 3 3 4 6 7 8 9 10 16 23 23 24 25 26 28 29 30 30 31 31 32 37 39 40 40 45 45 46 47 47 49 0 113 153 153 169 180 199 209 265 336 353 376 423 524 555 571 598 609 611 631 666 688 745 745 776 821 866 912 941 943 969 982 983 998
32.5221238938 46.3768115942 34 0 0 1 6 6 8 9 13 13 14 18 18 19 20 23 23 24 27 27 28 28 30 34 34 36 36 40 41 41 43 44 46 48 48 0 112 122 171 189 224 257 264 264 280 286 291 337 339 342 347 355 434 457 471 473 508 517 521 551 609 625 673 698 766 793 835 864 904
46.4601769912 74.1200828157 34 0 0 1 2 3 9 10 10 11 12 13 14 14 15 18 20 20 20 27 29 31 34 35 36 39 39 39 41 41 42 45 45 45 48 0 125 167 172 181 214 268 305 330 358 383 389 417 425 434 445 473 494 502 551 553 595 630 641 641 648 658 685 698 828 868 909 918 997
35.6194690265 55.900621118 34 0 1 3 3 10 11 11 14 18 19 21 21 21 22 23 25 25 27 30 30 34 35 35 35 36 36 41 41 43 46 46 47 48 49 0 146 152 157 160 201 219 222 268 294 299 301 323 339 360 413 452 458 501 510 512 553 573 580 617 626 695 734 742 778 790 794 822 849
55.5309734513 52.1739130435 34 0 0 1 1 1 3 6 6 8 10 10 10 11 12 12 13 13 15 17 19 19 21 27 29 30 31 33 37 38 39 39 41 45 49 0 0 122 165 175 187 192 196 236 262 263 311 322 331 336 339 395 445 475 490 493 509 511 523 600 642 676 712 717 722 726 871 885 910
70.1327433628 27.3291925466 34 0 1 7 8 8 10 11 12 12 18 20 21 23 27 29 29 31 32 32 33 33 34 35 36 37 39 39 41 42 42 43 44 47 48 0 0 110 125 134 185 196 198 248 251 261 290 358 364 380 383 409 446 473 484 640 651 682 691 791 806 837 884 922 924 926 961 967 987
8.62831858407 71.2215320911 34 0 1 2 6 9 9 10 10 10 11 11 11 14 15 16 16 18 18 22 23 25 33 33 34 36 37 38 39 43 45 45 46 46 46 0 117 172 176 192 194 198 257 257 303 304 324 478 526 547 558 586 587 695 738 812 823 837 878 882 893 903 913 930 954 974 981 988 991
73.8938053097 48.033126294 34 0 0 2 5 7 8 8 8 9 9 14 15 16 19 19 21 25 26 27 27 29 32 32 32 33 34 37 37 43 43 44 46 46 49 0 106 143 159 182 192 200 210 218 275 310 317 317 387 422 449 543 560 585 622 634 660 671 682 686 697 709 731 761 798 832 837 846 953
53.3185840708 60.8695652174 34 0 0 1 2 4 4 5 8 9 10 14 16 17 19 19 27 28 29 34 34 36 36 37 38 39 40 41 42 43 44 45 46 47 49 0 123 135 161 200 202 218 220 261 266 282 318 331 356 383 408 437 442 482 536 610 622 641 682 698 727 748 749 760 802 831 863 911 977
46.4601769912 70.6004140787 34 0 1 2 2 3 12 13 13 13 16 17 17 17 18 19 19 20 21 22 23 25 26 28 29 32 35 36 37 37 41 42 44 44 45 0 0 104 109 124 163 210 216 241 289 315 346 400 416 462 465 496 507 518 546 546 547 592 603 624 632 647 683 713 717 739 772 920 991
57.7433628319 39.751552795 34 0 1 1 3 4 5 8 10 12 17 18 19 19 24 26 27 27 28 29 30 30 31 34 36 38 38 38 39 41 42 43 45 46 47 0 0 126 134 141 197 228 233 235 236 285 358 397 415 465 470 474 522 604 617 648 766 777 791 793 847 851 873 873 897 920 937 937 968
46.2389380531 38.3022774327 34 0 0 0 0 1 1 1 2 2 4 6 8 8 8 8 11 12 12 14 17 19 22 26 31 35 38 39 41 41 41 43 47 48 48 0 150 204 276 286 345 353 355 358 373 396 425 432 459 487 519 526 546 551 583 621 645 694 703 744 750 765 770 782 784 786 901 943 950
64.6017699115 42.8571428571 34 0 1 3 3 3 5 6 10 11 11 11 13 14 16 20 21 23 26 29 33 35 35 36 37 38 39 39 40 42 44 44 45 46 49 0 149 152 176 217 236 290 330 355 374 407 456 482 498 548 559 588 590 658 693 699 701 719 771 792 813 822 865 891 900 903 907 911 943
73.0088495575 42.8571428571 34 0 0 0 2 2 4 4 5 5 7 9 14 16 16 17 18 21 22 26 27 28 28 28 28 30 36 37 37 37 38 39 43 48 49 0 0 121 149 151 173 199 232 241 253 269 270 289 299 339 340 347 366 372 406 406 466 518 542 577 603 674 692 848 919 941 949 954 986
34.0707964602 59.4202898551 34 0 0 2 2 3 4 4 6 6 8 8 9 13 13 13 14 17 17 21 22 23 23 24 27 29 29 30 30 37 39 43 43 46 47 0 104 133 159 219 220 263 295 301 329 380 481 493 496 513 517 526 531 546 557 561 569 587 615 638 725 759 760 806 835 842 865 883 948
58.185840708 47.8260869565 34 0 0 2 2 7 9 10 11 12 14 15 17 18 18 18 19 19 23 23 24 27 28 28 30 35 35 36 36 37 42 45 46 46 47 0 0 140 141 173 177 187 193 201 265 290 298 338 352 435 463 473 581 599 632 692 700 729 737 804 820 829 865 884 887 917 918 960 990
35.3982300885 16.5631469979 34 0 4 4 6 12 13 14 14 16 16 16 20 21 21 22 23 25 25 26 28 29 31 32 32 34 37 39 39 42 43 44 45 46 48 0 199 249 256 265 265 299 302 335 437 456 466 469 470 481 506 512 562 586 593 604 726 742 743 747 759 806 811 818 825 854 854 900 956
75.2212389381 47.8260869565 34 0 0 1 5 6 8 12 16 18 18 19 19 20 21 22 22 22 23 27 30 31 31 32 35 37 38 38 40 40 41 41 44 46 46 0 0 129 146 166 176 200 225 264 284 300 383 412 412 428 435 439 505 519 627 630 648 668 684 693 704 724 730 741 761 813 814 860 976
66.3716814159 32.5051759834 34 0 1 7 7 7 9 11 11 13 13 17 18 20 21 22 23 23 23 25 25 27 28 29 29 36 36 38 39 39 43 43 44 44 49 0 0 125 182 206 206 251 254 280 338 339 360 383 391 400 429 470 554 555 663 714 715 737 770 801 839 869 882 902 905 928 963 964 987
65.4867256637 25.2587991718 34 0 3 6 8 8 9 9 10 12 14 15 15 17 19 20 21 22 23 25 26 30 32 32 33 35 36 37 38 40 40 40 41 44 44 0 102 127 172 191 229 233 265 271 278 319 321 365 421 422 425 432 514 553 579 622 646 656 680 694 726 753 756 803 848 864 865 882 910
82.3008849558 38.3022774327 34 0 2 4 4 6 6 8 8 10 13 14 16 16 18 19 22 22 27 27 28 29 32 32 37 38 38 38 41 43 43 44 47 49 49 0 120 121 175 177 217 233 253 273 329 339 421 465 469 480 498 530 532 534 592 597 631 671 721 774 793 799 806 882 896 921 960 961 989
69.2477876106 55.6935817805 34 0 2 4 4 5 5 9 9 10 10 11 12 14 18 20 21 22 24 25 26 28 29 31 32 32 33 34 35 37 38 41 44 44 44 0 110 116 120 141 148 149 168 181 229 238 247 311 330 332 387 433 482 530 561 581 598 639 688 706 716 751 770 861 918 944 946 966 979
26.3274336283 68.5300207039 34 0 1 4 6 8 8 8 9 10 11 15 16 19 19 19 20 21 22 22 24 25 32 33 33 33 34 34 35 36 41 43 47 49 49 0 107 110 176 187 195 212 228 255 298 324 352 362 363 369 379 383 394 463 464 506 551 627 657 676 724 732 755 790 817 851 879 890 939
42.0353982301 89.8550724638 34 0 4 4 6 7 8 10 11 11 12 12 13 13 16 17 20 20 22 24 28 28 30 31 33 34 38 39 40 40 42 42 43 44 47 0 116 120 133 146 152 190 233 268 304 318 349 369 373 426 432 434 494 583 636 638 656 723 741 770 856 870 876 898 919 926 961 963 996
30.7522123894 70.8074534161 34 0 0 1 2 4 5 9 10 10 12 16 18 19 19 23 24 28 28 29 30 32 32 34 35 36 38 39 39 41 42 44 44 45 47 0 113 114 189 203 238 319 334 339 356 364 374 381 383 445 540 565 598 609 666 682 725 735 737 753 772 773 816 840 857 873 884 893 907
44.2477876106 13.8716356108 34 0 2 3 4 4 5 8 8 11 12 18 19 20 22 24 24 25 29 31 32 32 33 33 35 36 36 39 40 40 42 43 43 47 47 0 0 100 101 106 146 170 175 185 224 239 239 267 307 336 386 483 495 513 533 548 555 602 616 678 749 758 760 798 858 903 922 965 975
21.2389380531 35.6107660455 34 0 1 2 3 4 5 5 6 8 11 12 14 17 18 22 22 23 25 25 26 26 28 28 31 31 34 35 37 39 41 43 44 44 45 0 110 112 132 160 160 163 171 242 251 261 263 269 285 325 331 333 343 361 376 416 448 459 615 717 729 771 782 858 862 902 912 942 956
0.0 51.3457556936 34 0 1 1 1 2 3 3 4 8 10 16 17 18 18 19 19 21 23 26 27 27 29 30 34 37 37 37 39 42 42 42 44 47 48 0 0 108 108 118 136 139 181 246 331 351 360 365 381 391 411 488 524 545 581 589 610 653 669 678 709 816 839 847 852 906 916 962 973
82.7433628319 73.7060041408 34 0 3 5 6 6 6 12 12 14 16 19 19 20 22 23 24 24 25 25 26 27 29 32 36 36 36 43 44 44 46 46 47 48 49 0 191 253 259 372 375 393 419 424 434 443 451 482 507 514 535 575 611 617 621 667 668 704 724 830 840 856 880 888 893 911 914 916 967
46.4601769912 43.8923395445 34 0 1 3 7 9 11 11 12 13 16 17 18 20 25 27 28 29 30 31 31 38 39 40 40 41 41 43 44 44 46 46 47 47 47 0 103 108 171 176 180 188 209 280 330 366 366 395 401 426 430 438 502 508 531 568 572 579 590 619 648 675 700 739 792 882 912 929 985
237
50.5136986301 23.4219269103 7
57.1917808219 45.8471760797 2
60.6164383562 55.4817275748 2
54.2808219178 11.9601328904 1
95.7191780822 9.63455149502 9
49.1438356164 47.5083056478 8
28.2534246575 66.4451827243 1
79.7945205479 47.1760797342 5
51.7123287671 29.7342192691 3
52.5684931507 52.3255813953 4
40.2397260274 40.5315614618 1
45.0342465753 70.5980066445 5
47.2602739726 57.9734219269 7
39.7260273973 27.4086378738 5
97.4315068493 44.3521594684 6
23.801369863 64.950166113 1
51.198630137 26.0797342193 9
73.1164383562 62.4584717608 1
66.095890411 46.3455149502 8
49.8287671233 50.4983388704 2
59.9315068493 59.3023255814 7
19.3493150685 18.438538206 6
67.4657534247 52.657807309 5
52.397260274 61.9601328904 9
37.1575342466 49.3355481728 2
53.2534246575 54.4850498339 9
82.0205479452 31.0631229236 5
46.2328767123 24.2524916944 8
60.2739726027 56.146179402 5
63.5273972603 36.877076412 4
73.2876712329 43.3554817276 7
71.404109589 63.6212624585 4
0.0 87.2093023256 6
73.6301369863 41.0299003322 3
49.8287671233 55.8139534884 5
69.1780821918 27.2425249169 5
62.8424657534 10.7973421927 3
48.801369863 53.3222591362 1
64.3835616438 74.584717608 6
61.1301369863 30.8970099668 3
46.0616438356 100.0 4
37.5 61.2956810631 2
71.7465753425 0.0 9
55.4794520548 13.4551495017 2
42.4657534247 39.5348837209 6
34.9315068493 27.0764119601 5
32.8767123288 57.6411960133 6
62.5 29.5681063123 8
65.2397260274 79.7342192691 7
61.4726027397 41.8604651163 9
38.8698630137 43.5215946844 6
60.6164383562 68.1063122924 6
47.2602739726 12.6245847176 4
71.404109589 33.2225913621 7
51.8835616438 41.196013289 3
46.0616438356 67.9401993355 7
54.6232876712 52.4916943522 1
66.095890411 15.1162790698 3
40.9246575342 24.584717608 7
39.897260274 61.7940199336 5
44.1780821918 59.4684385382 6
39.7260273973 57.1428571429 6
39.0410958904 53.3222591362 8
84.0753424658 30.73089701 9
62.5 29.7342192691 4
72.7739726027 38.0398671096 6
52.9109589041 40.1993355482 6
87.6712328767 62.4584717608 8
46.7465753425 37.5415282392 3
39.897260274 46.6777408638 7
66.6095890411 43.5215946844 9
33.7328767123 46.0132890365 5
45.5479452055 54.1528239203 6
50.1712328767 68.438538206 6
68.8356164384 38.3720930233 8
72.4315068493 76.5780730897 7
73.6301369863 31.8936877076 4
56.6780821918 48.0066445183 5
89.897260274 52.9900332226 4
61.4726027397 70.4318936877 4
47.0890410959 48.1727574751 6
88.8698630137 65.2823920266 6
30.1369863014 39.8671096346 2
66.095890411 51.4950166113 3
37.1575342466 84.219269103 4
51.0273972603 66.2790697674 9
45.8904109589 46.3455149502 2
56.5068493151 39.2026578073 7
69.3493150685 54.9833887043 2
56.3356164384 11.2956810631 3
71.0616438356 61.9601328904 4
54.7945205479 67.1096345515 8
56.5068493151 57.9734219269 3
84.0753424658 41.3621262458 8
51.7123287671 46.8438538206 9
64.897260274 29.9003322259 1
52.0547945205 55.3156146179 8
42.1232876712 47.8405315615 3
47.9452054795 83.7209302326 6
62.8424657534 72.0930232558 8
42.8082191781 33.2225913621 3
48.1164383562 6.64451827243 5
89.7260273973 61.4617940199 4
52.5684931507 44.1860465116 8
55.1369863014 35.8803986711 6
57.0205479452 25.9136212625 8
44.6917808219 53.3222591362 9
74.4863013699 35.8803986711 7
45.8904109589 50.6644518272 9
54.6232876712 48.8372093023 7
38.5273972603 46.3455149502 3
26.7123287671 29.7342192691 8
72.9452054795 47.5083056478 5
57.5342465753 84.7176079734 1
25.3424657534 47.6744186047 3
66.6095890411 28.5714285714 8
51.8835616438 60.9634551495 9
52.9109589041 43.1893687708 9
42.2945205479 61.7940199336 8
61.4726027397 51.3289036545 4
42.4657534247 12.9568106312 2
64.897260274 71.4285714286 3
57.1917808219 32.3920265781 3
31.8493150685 63.2890365449 9
61.8150684932 56.3122923588 6
70.3767123288 17.7740863787 9
61.301369863 28.2392026578 5
46.0616438356 36.877076412 4
34.5890410959 24.0863787375 3
61.1301369863 37.707641196 2
39.2123287671 53.1561461794 9
64.2123287671 14.7840531561 8
40.0684931507 18.438538206 4
83.0479452055 44.8504983389 2
63.0136986301 76.9102990033 8
84.9315068493 64.4518272425 5
51.0273972603 28.5714285714 1
68.1506849315 56.146179402 2
61.4726027397 19.6013289037 8
33.7328767123 60.1328903654 6
38.698630137 42.0265780731 5
46.7465753425 21.4285714286 9
25.3424657534 54.9833887043 5
65.2397260274 34.219269103 8
50.5136986301 33.3887043189 8
73.4589041096 70.4318936877 5
43.3219178082 34.7176079734 5
58.904109589 46.0132890365 7
60.102739726 64.950166113 3
75.0 59.1362126246 3
36.8150684932 27.9069767442 9
51.198630137 37.2093023256 9
83.2191780822 54.9833887043 4
76.0273972603 14.7840531561 2
42.9794520548 54.4850498339 2
30.3082191781 55.1495016611 2
53.595890411 10.4651162791 9
64.3835616438 33.5548172757 8
59.7602739726 33.3887043189 5
67.9794520548 80.0664451827 9
88.0136986301 64.6179401993 7
31.3356164384 38.2059800664 1
86.301369863 69.1029900332 4
47.4315068493 40.365448505 6
56.6780821918 23.9202657807 3
76.198630137 38.7043189369 4
82.1917808219 20.9302325581 3
40.7534246575 37.707641196 1
80.1369863014 52.8239202658 2
57.5342465753 51.9933554817 7
37.3287671233 73.2558139535 8
100.0 60.9634551495 3
38.3561643836 20.7641196013 6
51.7123287671 38.7043189369 5
52.2260273973 30.5647840532 6
64.2123287671 61.4617940199 3
67.9794520548 54.4850498339 8
32.7054794521 72.5913621262 1
95.3767123288 83.3887043189 4
54.1095890411 43.6877076412 2
45.7191780822 46.0132890365 6
53.9383561644 43.1893687708 5
48.1164383562 41.6943521595 6
57.5342465753 48.8372093023 6
41.2671232877 35.5481727575 3
72.7739726027 25.7475083056 6
48.4589041096 70.9302325581 1
32.1917808219 11.1295681063 3
46.404109589 41.196013289 6
61.4726027397 29.9003322259 4
29.7945205479 35.5481727575 5
43.4931506849 69.4352159468 4
59.9315068493 61.6279069767 8
53.7671232877 2.99003322259 9
40.4109589041 43.1893687708 2
81.3356164384 77.0764119601 7
40.7534246575 58.803986711 3
28.7671232877 23.9202657807 6
79.9657534247 53.6544850498 7
53.4246575342 67.7740863787 5
54.9657534247 50.6644518272 8
12.8424657534 7.47508305648 5
32.5342465753 52.4916943522 2
84.5890410959 70.2657807309 7
71.5753424658 61.4617940199 2
48.4589041096 42.0265780731 1
36.1301369863 44.3521594684 4
46.0616438356 27.2425249169 5
36.6438356164 50.8305647841 2
38.1849315068 72.4252491694 7
34.7602739726 46.8438538206 1
47.9452054795 38.0398671096 1
61.301369863 32.7242524917 2
60.9589041096 39.8671096346 7
50.1712328767 45.8471760797 9
31.6780821918 53.8205980066 8
51.0273972603 80.5647840532 3
61.1301369863 65.780730897 2
72.9452054795 53.3222591362 6
82.7054794521 52.3255813953 2
66.4383561644 23.9202657807 8
21.9178082192 79.7342192691 2
83.5616438356 21.4285714286 3
56.6780821918 37.8737541528 8
53.595890411 41.5282392027 3
78.595890411 27.4086378738 3
41.9520547945 67.7740863787 8
46.9178082192 48.3388704319 8
57.7054794521 53.6544850498 6
39.7260273973 66.4451827243 3
63.3561643836 45.5149501661 2
46.7465753425 43.023255814 7
45.8904109589 31.0631229236 5
50.6849315068 45.3488372093 8
53.7671232877 18.2724252492 2
62.3287671233 29.2358803987 4
73.1164383562 28.073089701 6
