147
47.6821192053 60.9615384615 33 0 0 0 1 3 3 6 6 8 10 10 13 13 15 17 19 23 27 30 33 38 38 38 42 43 43 45 45 45 48 48 49 49 0 135 186 190 193 197 200 212 225 227 248 254 368 384 407 430 542 635 658 694 715 717 720 725 737 807 822 823 832 873 885 917 957
30.4635761589 50.9615384615 33 0 1 3 3 5 6 17 18 19 20 20 21 21 26 26 27 30 31 31 34 35 36 37 37 39 39 39 43 46 46 46 46 47 0 212 221 247 273 290 312 342 353 370 381 424 425 448 453 457 472 587 620 644 665 703 718 731 736 748 819 885 891 897 937 939 975
34.1059602649 45.0 33 0 2 3 7 9 10 15 15 16 16 21 21 22 26 27 29 30 32 35 35 37 38 40 40 40 41 42 43 44 46 46 46 47 0 141 155 157 164 170 223 275 277 296 305 322 364 449 461 465 478 486 525 528 567 568 578 634 659 697 844 872 904 904 971 981 995
38.9072847682 20.5769230769 33 0 0 0 1 7 8 9 10 10 10 14 14 15 15 17 17 18 20 24 25 26 29 30 30 31 31 31 33 35 37 41 41 45 0 175 248 255 296 309 315 320 327 395 431 434 455 462 469 519 528 530 617 656 695 732 738 790 811 903 921 925 926 929 930 953 968
43.5430463576 60.1923076923 33 0 2 4 5 6 7 11 14 20 20 22 25 28 28 29 30 30 34 35 36 36 37 37 40 40 40 40 42 43 44 44 46 48 0 119 143 158 161 331 341 420 502 529 546 561 574 611 644 658 672 713 762 765 781 790 795 799 849 853 889 893 952 960 977 977 990
33.7748344371 55.0 33 0 0 1 1 1 2 5 6 7 8 11 13 14 14 15 16 17 18 18 19 23 26 27 28 29 31 33 40 43 46 49 49 49 0 115 126 148 171 194 249 259 266 285 331 355 369 372 386 411 460 468 512 519 628 632 651 723 765 821 870 892 904 905 934 957 992
45.3642384106 60.0 33 0 0 1 3 5 9 9 9 10 11 11 11 12 15 16 18 19 20 22 24 25 25 26 30 32 35 37 38 40 42 43 43 44 0 198 254 276 293 315 321 325 393 396 427 443 447 487 492 515 544 544 547 572 577 611 631 632 709 749 783 843 845 874 898 963 992
31.6225165563 50.7692307692 33 0 0 1 2 2 2 3 3 8 8 9 10 10 11 11 11 12 14 16 17 22 24 28 29 30 31 31 31 31 36 41 43 49 0 109 115 120 154 164 197 205 228 283 295 382 428 515 520 559 575 581 584 610 623 628 674 686 707 714 745 766 768 818 825 856 908
44.701986755 15.7692307692 33 0 2 3 3 6 6 6 8 11 11 11 11 20 20 20 25 27 28 31 32 37 37 37 38 43 43 45 47 47 48 49 49 49 0 137 143 151 163 212 225 232 237 250 290 297 320 320 323 360 395 405 442 591 607 664 667 728 763 773 794 811 932 960 966 985 987
19.0397350993 16.9230769231 33 0 0 1 7 7 8 12 12 13 15 16 19 25 26 27 27 28 30 33 34 35 36 36 39 39 41 41 41 45 46 48 48 49 0 100 153 214 249 295 303 363 372 383 385 401 420 421 452 453 483 483 559 575 671 713 720 743 745 763 839 840 970 973 974 979 998
29.4701986755 80.9615384615 33 0 0 3 5 9 16 18 21 21 21 24 26 27 27 29 30 31 34 34 35 36 36 37 38 38 39 40 42 42 43 46 47 49 0 110 117 123 125 125 168 170 186 241 270 341 354 381 437 545 583 614 629 659 662 678 679 706 708 718 728 736 746 797 825 888 917
29.8013245033 51.5384615385 33 0 5 6 7 12 12 13 13 15 17 17 18 19 22 22 24 24 25 25 28 28 28 29 32 34 35 39 40 42 42 49 49 49 0 0 139 151 171 209 213 234 253 343 394 410 419 449 455 487 536 540 585 614 624 683 725 726 728 737 773 899 905 933 941 950 960
33.4437086093 43.2692307692 33 0 1 3 4 5 7 9 9 10 10 15 19 19 20 20 24 24 26 28 29 29 36 37 38 41 41 41 43 44 45 46 47 49 0 124 180 188 205 210 233 277 348 352 356 381 421 429 484 526 537 559 559 590 597 618 619 635 653 715 744 812 827 831 896 948 972
11.5894039735 33.6538461538 33 0 4 6 7 12 12 14 14 15 16 18 22 23 24 28 30 32 32 34 35 36 36 38 39 41 43 43 44 44 44 45 45 48 0 110 121 122 125 159 184 226 237 269 273 312 325 327 365 369 395 398 403 421 421 435 439 586 633 686 723 799 801 802 818 892 901
43.3774834437 39.4230769231 33 0 6 8 8 9 13 14 14 17 17 17 21 22 22 24 25 27 27 29 31 32 37 38 39 41 42 42 43 44 44 44 45 48 0 149 163 164 186 226 341 357 370 415 429 436 444 538 557 565 571 589 606 619 637 678 818 818 842 857 859 919 939 961 963 964 989
40.5629139073 84.4230769231 33 0 1 1 1 2 6 6 7 9 10 12 13 13 13 15 17 17 17 18 21 21 21 25 27 27 28 30 31 36 37 38 42 45 0 0 118 123 134 159 165 178 280 343 387 415 451 482 550 561 584 590 594 594 597 601 676 723 742 792 835 877 887 938 988 994 994
49.6688741722 59.4230769231 33 0 1 1 9 14 14 15 15 16 18 19 21 22 22 24 25 25 25 25 26 28 31 31 33 38 38 41 44 44 45 45 48 49 0 222 238 239 323 362 375 378 399 441 483 492 495 517 535 549 580 586 627 635 638 650 692 715 776 787 828 853 908 910 972 975 978
41.2251655629 49.2307692308 33 0 0 4 6 9 10 10 12 13 14 14 14 15 15 18 19 22 23 23 26 26 29 30 30 34 34 34 36 37 40 43 45 45 0 0 191 202 262 275 305 333 369 393 448 459 476 501 544 551 563 571 579 643 655 676 726 746 784 836 845 869 886 949 976 992 995
23.8410596026 100.0 33 0 1 1 1 3 6 6 7 8 8 10 11 14 14 16 17 19 22 23 25 27 29 30 32 35 36 37 38 39 41 47 47 48 0 0 170 181 204 248 287 308 357 371 402 425 463 481 504 635 640 668 682 682 687 687 697 711 744 759 784 805 838 844 896 905 927
44.701986755 45.5769230769 33 0 1 6 6 7 7 8 10 12 13 16 17 19 19 20 22 23 24 27 27 28 29 30 32 35 35 36 38 39 41 45 49 49 0 102 111 112 139 154 161 206 273 415 420 463 474 519 519 549 558 559 579 605 637 640 691 713 719 726 796 812 869 909 920 935 978
20.8609271523 65.3846153846 33 0 6 8 9 10 10 10 11 11 14 18 18 19 19 20 21 22 23 25 26 28 28 29 30 30 33 34 34 38 38 41 48 49 0 0 173 184 278 312 335 347 368 377 418 427 445 478 493 506 511 516 519 521 538 552 557 642 677 680 696 726 772 839 862 893 949
26.9867549669 30.0 33 0 2 4 5 5 7 9 9 9 16 17 17 18 18 21 23 23 25 28 28 29 32 34 36 36 37 37 38 41 42 43 45 48 0 128 165 170 181 247 249 262 340 343 347 348 388 412 416 437 459 481 491 568 683 684 737 752 777 794 804 827 832 850 896 992 999
32.119205298 27.5 33 0 5 8 9 14 18 18 20 21 22 22 23 24 24 24 26 26 28 29 30 32 33 34 35 35 36 37 39 42 42 44 48 49 0 0 121 146 157 224 247 283 283 293 300 317 317 334 335 362 375 392 446 464 496 533 581 628 635 649 654 678 681 712 876 925 930
45.3642384106 71.3461538462 33 0 1 2 2 3 5 9 9 10 12 17 17 17 17 19 20 23 23 24 27 28 30 39 40 40 40 41 41 42 44 45 49 49 0 113 125 141 165 184 227 233 289 393 495 587 634 644 656 693 705 726 736 763 819 835 851 863 874 886 894 933 949 960 961 979 991
41.7218543046 45.9615384615 33 0 0 1 4 8 10 10 12 12 14 16 16 20 22 22 26 26 26 28 30 30 32 32 33 33 36 38 40 42 43 43 44 48 0 123 150 161 173 181 228 256 259 302 337 351 385 396 474 494 522 522 527 586 604 642 696 784 814 836 851 870 909 919 949 950 986
27.3178807947 33.8461538462 33 0 1 4 4 4 5 6 7 7 10 12 12 13 14 15 18 19 21 23 24 25 26 29 30 30 33 35 35 36 37 43 43 44 0 118 178 186 235 243 245 281 282 285 400 405 431 436 463 479 490 585 656 658 762 763 765 771 784 819 837 890 952 952 966 969 991
15.5629139073 35.7692307692 33 0 2 3 5 5 5 8 9 12 12 12 15 15 15 16 19 20 20 22 26 29 32 33 36 39 41 41 41 44 45 47 47 48 0 0 112 112 192 310 317 353 395 406 453 507 607 611 615 643 667 671 680 684 729 734 735 787 790 802 854 857 869 880 889 902 966
28.642384106 72.1153846154 33 0 1 5 8 8 9 10 11 14 15 17 18 21 22 23 24 25 25 26 26 31 33 33 35 36 38 41 41 43 46 46 46 47 0 123 126 126 152 195 233 234 265 265 268 314 343 359 407 408 480 501 502 548 568 613 664 673 728 742 743 788 793 795 822 841 858
32.6158940397 17.8846153846 33 0 0 4 10 15 17 18 19 20 20 20 22 22 23 26 26 26 30 32 32 33 33 34 34 39 40 42 44 45 46 47 48 49 0 0 115 128 177 236 311 319 323 359 362 400 412 437 477 486 490 492 550 592 625 754 777 825 844 859 872 884 930 946 970 977 983
58.6092715232 45.9615384615 33 0 1 3 3 4 8 8 8 8 9 16 18 20 22 26 27 29 31 31 31 33 33 34 34 36 36 38 40 43 46 47 49 49 0 128 135 159 174 196 246 267 268 330 346 417 464 469 503 519 583 603 605 624 628 630 681 690 713 717 778 782 869 905 918 924 930
31.1258278146 43.8461538462 33 0 4 7 9 11 11 13 16 16 19 21 23 23 25 25 25 27 27 27 29 30 32 35 35 36 37 38 38 39 41 44 45 45 0 179 189 225 279 286 317 324 331 401 404 435 455 459 497 497 507 555 653 704 721 724 756 786 792 815 840 874 881 913 924 951 954
59.9337748344 52.3076923077 33 0 1 4 5 5 5 6 6 14 14 14 15 16 19 21 21 22 23 25 28 30 33 34 35 35 37 38 41 42 44 48 49 49 0 107 110 123 192 207 228 260 277 293 297 317 319 374 400 411 443 502 520 548 584 610 646 671 691 696 698 700 704 717 720 833 942
29.4701986755 75.7692307692 33 0 0 0 0 1 1 2 4 5 8 10 10 10 11 13 14 15 15 20 21 23 25 25 25 26 27 28 31 32 38 42 44 45 0 0 208 268 272 273 295 320 332 383 428 453 465 489 498 515 518 548 576 611 707 713 773 774 788 818 819 863 891 924 956 963 970
25.6622516556 58.2692307692 33 0 3 4 5 5 6 6 7 10 11 13 20 26 28 28 29 30 31 33 33 35 36 38 40 40 42 42 45 47 47 47 48 49 0 149 177 185 222 232 245 268 317 372 378 393 395 401 412 438 459 480 482 607 621 689 807 810 816 834 836 848 882 920 933 947 964
15.2317880795 55.3846153846 33 0 2 4 4 6 7 7 8 10 11 12 15 16 18 21 23 26 26 30 33 34 34 36 36 37 37 38 41 42 43 44 46 48 0 106 109 119 137 146 152 174 254 266 289 303 342 451 511 532 542 561 592 653 697 701 712 754 762 841 843 849 884 905 914 938 942
32.4503311258 64.8076923077 33 0 1 3 3 3 3 5 9 10 13 13 14 15 16 17 20 28 29 32 34 35 36 37 38 39 40 40 42 42 44 44 45 47 0 106 156 160 175 196 208 277 286 304 317 318 331 361 387 443 444 561 612 650 672 675 748 762 783 804 821 834 867 881 930 931 953
12.9139072848 6.53846153846 33 0 0 2 3 5 11 12 14 17 18 19 20 21 26 27 28 29 29 30 34 35 36 37 39 40 42 43 43 44 44 46 47 48 0 0 113 136 230 233 239 293 336 340 396 398 410 414 437 453 472 476 532 553 585 655 657 679 762 772 816 841 860 889 940 957 979
54.6357615894 45.0 33 0 1 1 5 5 6 10 11 11 13 14 15 16 19 23 26 28 28 30 31 34 34 35 40 42 42 43 43 46 46 46 47 49 0 0 116 126 127 130 198 278 327 349 350 400 403 404 430 438 453 467 489 504 511 559 602 607 653 703 737 791 840 916 922 930 963
38.2450331126 67.3076923077 33 0 2 2 4 4 4 7 8 12 12 13 13 16 16 17 17 18 19 20 21 22 27 31 38 41 41 42 42 48 48 49 49 49 0 169 177 182 183 190 261 271 317 356 379 401 402 406 449 539 553 562 605 607 619 632 637 642 688 702 739 742 830 869 913 936 937
59.2715231788 76.3461538462 33 0 5 8 8 10 12 16 17 18 18 19 21 22 23 23 24 24 26 31 31 32 32 33 34 35 37 39 40 41 42 42 46 49 0 0 174 241 267 310 326 347 360 366 393 419 424 466 474 476 491 502 530 609 615 628 642 652 712 716 726 758 773 870 872 925 926
52.6490066225 58.6538461538 33 0 2 3 4 4 5 7 7 9 14 14 16 16 17 19 19 22 24 25 25 27 30 33 36 37 37 41 42 43 43 44 46 48 0 103 104 114 117 134 188 192 268 271 289 289 349 408 418 423 468 512 521 571 596 718 723 726 747 774 800 837 864 885 952 974 999
21.1920529801 45.1923076923 33 0 3 3 5 8 8 8 10 10 11 14 14 14 16 16 17 17 19 22 23 24 25 25 32 33 34 37 38 41 43 45 45 46 0 104 172 180 209 306 318 331 336 358 379 406 426 454 532 555 557 609 644 674 728 750 844 869 876 893 912 916 925 935 963 980 982
22.1854304636 12.5 33 0 1 1 2 5 9 14 14 15 15 15 16 16 17 23 24 26 27 29 32 32 32 33 34 37 41 41 41 43 44 44 46 49 0 0 128 141 153 156 184 208 210 249 297 309 375 529 552 553 578 589 647 652 703 717 735 749 811 823 825 831 847 862 893 937 992
36.4238410596 94.4230769231 33 0 0 3 11 12 13 14 14 15 16 17 19 20 20 21 24 29 34 34 35 36 39 41 41 41 42 42 42 43 43 44 47 49 0 0 153 178 220 225 291 358 407 478 506 508 516 517 522 523 601 624 636 650 667 693 698 711 726 764 787 807 836 965 983 991 992
41.5562913907 48.8461538462 33 0 0 3 8 9 9 11 15 17 18 20 21 21 23 23 24 24 25 26 27 29 33 33 35 39 39 41 41 42 48 49 49 49 0 179 227 241 290 304 310 327 337 340 400 422 451 461 522 567 577 597 626 630 631 641 643 644 666 687 717 771 854 859 923 946 999
73.5099337748 54.6153846154 33 0 1 2 4 4 7 9 9 9 12 12 13 14 17 19 20 20 23 25 26 29 30 31 35 37 38 39 40 40 40 41 41 47 0 0 106 115 143 151 179 190 237 289 342 356 389 444 468 485 502 573 579 593 642 654 675 678 691 750 837 867 878 925 965 993 999
38.9072847682 28.6538461538 33 0 1 2 4 5 5 6 6 7 8 18 22 24 25 25 27 29 29 36 38 38 42 42 43 44 45 45 46 47 47 49 49 49 0 0 136 282 285 305 329 331 373 394 395 414 424 452 484 496 498 503 535 553 569 623 635 674 693 743 780 784 785 786 801 825 911
36.4238410596 39.4230769231 33 0 8 8 8 9 10 11 11 13 13 13 14 16 19 20 21 22 27 31 33 35 37 38 39 40 43 44 44 44 45 46 47 49 0 113 122 130 200 239 249 261 274 277 277 295 303 338 422 423 490 491 496 518 558 577 677 705 711 711 755 772 814 858 922 977 995
6.62251655629 24.4230769231 33 0 4 5 9 10 13 15 15 16 16 16 17 23 23 24 24 27 28 28 28 29 33 35 36 40 41 41 42 44 44 45 48 48 0 105 145 148 224 228 230 247 302 465 470 485 583 600 620 627 645 657 703 711 731 741 742 783 784 804 890 897 915 919 930 942 994
48.8410596026 86.1538461538 33 0 1 3 4 5 8 8 9 10 10 12 12 14 14 17 18 20 20 21 22 22 22 26 29 29 30 36 36 37 37 44 46 49 0 110 116 118 128 147 158 208 216 317 321 335 380 417 429 439 450 467 503 582 589 681 706 725 728 745 765 853 855 865 960 962 973
18.8741721854 90.7692307692 33 0 0 1 2 4 4 4 5 5 8 9 10 12 13 14 14 24 25 28 31 31 33 34 34 40 40 42 42 44 44 45 46 47 0 149 152 157 162 169 194 196 224 267 297 324 368 407 427 442 481 485 500 516 604 626 634 734 738 757 785 897 940 942 963 973 997
39.5695364238 43.6538461538 33 0 1 2 4 5 6 7 8 9 11 13 15 15 16 16 16 17 19 20 25 25 32 34 35 35 36 36 37 38 38 43 44 46 0 125 152 163 180 190 191 255 273 302 305 314 318 340 367 382 391 430 435 458 465 467 477 524 630 632 730 814 821 833 878 961 973
25.1655629139 54.2307692308 33 0 0 2 5 6 7 8 9 9 12 12 13 13 14 17 18 18 19 20 20 21 22 24 26 26 35 38 38 39 41 41 43 48 0 124 133 166 169 196 203 226 232 271 369 387 430 431 447 458 489 505 507 567 606 683 688 698 708 719 801 822 907 927 990 992 997
16.2251655629 37.1153846154 33 0 3 3 4 5 9 9 10 12 13 13 15 16 18 18 20 21 22 23 24 25 26 26 29 34 35 38 39 41 42 42 43 43 0 139 160 167 195 255 280 305 336 342 357 390 404 417 436 445 505 522 545 545 562 598 634 640 664 688 710 837 906 919 965 969 970
41.8874172185 76.9230769231 33 0 4 8 8 9 9 12 15 17 18 20 22 22 25 26 26 27 27 27 27 27 32 32 34 36 36 37 39 40 40 42 44 46 0 136 176 176 230 236 250 254 258 268 268 358 358 378 469 510 556 579 614 619 638 729 732 767 767 798 814 828 873 882 918 983 996
73.3443708609 31.9230769231 33 0 0 0 3 3 4 5 7 7 7 10 15 16 16 18 22 23 25 25 28 34 37 37 37 38 38 41 45 47 47 47 48 48 0 0 154 162 224 239 257 298 330 354 374 390 407 420 435 437 439 559 574 611 628 681 707 708 724 767 779 824 848 884 915 931 963
56.9536423841 40.5769230769 33 0 1 2 2 3 7 8 10 11 13 14 22 23 23 24 24 24 28 30 31 33 34 36 37 37 39 41 42 43 43 43 44 49 0 100 117 134 180 184 304 324 339 375 419 423 423 423 426 469 470 478 493 539 590 612 622 651 655 678 778 789 939 947 947 972 993
30.4635761589 82.8846153846 33 0 2 3 5 5 8 11 12 13 15 16 17 17 19 20 21 23 23 25 26 28 31 36 36 37 39 40 42 44 45 46 47 47 0 0 155 156 190 211 264 277 285 315 361 368 389 427 451 476 491 498 504 520 578 597 604 608 645 665 724 749 800 866 891 899 955
48.178807947 47.6923076923 33 0 2 3 7 7 9 10 11 14 14 18 20 23 26 27 27 28 28 28 31 33 33 37 38 38 39 40 41 44 45 45 48 49 0 110 156 186 211 229 232 241 258 266 292 316 396 473 527 553 556 587 603 670 679 719 738 825 842 861 895 919 934 950 955 990 992
36.7549668874 75.7692307692 33 0 0 1 1 1 2 12 14 15 16 18 18 19 20 22 23 24 24 24 25 28 29 31 31 33 42 45 45 46 46 46 47 49 0 129 140 144 180 189 205 220 225 267 273 315 320 358 410 421 470 516 587 595 613 623 653 724 752 857 878 915 928 931 931 982 987
49.6688741722 47.8846153846 33 0 0 1 1 4 5 7 9 11 12 12 13 18 19 20 20 23 25 25 25 26 29 30 34 35 37 42 44 45 46 46 47 47 0 146 200 211 236 247 250 257 301 389 389 440 472 515 516 550 565 582 584 588 611 633 644 708 770 776 823 836 884 912 943 973 981
20.8609271523 74.8076923077 33 0 2 4 4 5 5 7 9 9 13 14 15 19 21 21 22 26 32 33 38 39 40 40 40 40 41 41 43 44 44 45 46 48 0 196 209 216 249 289 293 307 351 360 381 398 441 444 545 559 585 590 596 625 634 661 698 713 801 819 834 866 924 943 961 980 981
31.7880794702 44.6153846154 33 0 1 1 9 9 9 9 10 10 11 15 16 18 18 20 21 26 34 37 38 39 40 41 41 42 43 44 45 46 47 48 49 49 0 112 144 178 199 201 214 282 314 340 390 397 429 455 485 519 537 539 573 643 645 677 716 740 800 801 842 906 914 919 937 940 941
7.94701986755 77.6923076923 33 0 1 3 5 8 9 10 11 13 13 14 14 15 17 18 20 22 23 24 24 27 28 29 31 32 33 34 38 38 43 46 48 49 0 255 269 286 338 346 366 379 397 422 490 491 510 521 522 534 543 551 552 569 584 599 670 773 799 824 832 861 877 898 913 990 990
60.2649006623 30.5769230769 33 0 3 3 4 6 7 8 8 8 10 10 12 12 15 18 19 20 21 22 23 23 30 31 32 33 36 40 41 41 43 44 45 48 0 121 127 136 144 168 199 219 250 258 345 389 406 426 434 463 482 533 545 568 583 591 651 697 699 714 714 825 866 889 928 953 989
16.059602649 58.2692307692 33 0 0 0 0 2 2 4 6 7 8 8 9 10 11 12 14 14 16 17 18 18 20 20 24 24 27 28 28 34 36 37 40 48 0 108 155 161 179 199 274 278 306 387 391 417 433 437 463 471 507 600 620 629 666 708 728 772 812 817 825 847 859 869 871 908 979
53.9735099338 36.7307692308 33 0 0 7 9 10 12 13 13 14 15 16 18 19 20 25 25 26 27 27 30 30 32 34 36 39 41 41 45 45 46 47 48 48 0 0 181 188 216 218 251 273 313 338 357 411 418 433 518 528 535 556 578 626 647 692 716 757 759 783 789 808 842 914 915 955 987
21.5231788079 48.8461538462 33 0 5 7 7 8 9 9 9 13 14 14 14 19 20 21 22 24 24 27 28 30 30 32 35 35 36 40 40 42 43 44 44 45 0 103 120 149 213 228 257 283 333 426 429 438 457 461 491 499 507 513 537 548 565 582 653 703 704 709 734 735 760 775 923 943 955
42.880794702 92.1153846154 33 0 1 3 5 7 8 8 13 14 14 15 19 19 19 22 26 27 29 30 30 32 33 34 37 37 37 38 42 42 46 46 47 49 0 141 192 203 264 272 272 279 281 295 334 387 407 428 430 480 503 512 566 575 601 633 687 704 721 815 838 846 854 879 926 933 957
31.1258278146 51.9230769231 33 0 4 4 5 5 7 8 8 8 9 14 15 15 18 19 20 22 24 25 26 26 29 29 32 33 35 37 41 42 42 45 46 47 0 114 119 120 143 203 228 229 259 267 273 280 287 317 318 322 374 472 502 521 558 590 618 670 733 758 775 780 789 907 918 923 996
28.1456953642 42.8846153846 33 0 2 3 4 5 6 10 11 11 12 15 16 18 18 20 21 23 28 31 33 36 36 36 37 37 38 40 41 44 46 47 48 49 0 142 162 211 257 270 309 321 323 348 358 366 438 503 517 520 567 582 590 608 623 628 647 661 700 774 787 820 876 910 940 959 980
42.5496688742 56.9230769231 33 0 1 2 3 7 8 11 14 17 18 18 19 22 23 23 24 24 27 27 28 29 29 30 30 32 34 38 40 42 44 45 46 49 0 146 163 163 175 214 234 251 288 290 305 328 339 423 434 469 477 483 531 541 621 636 672 709 711 718 758 776 778 888 926 939 984
58.940397351 45.7692307692 33 0 1 2 2 6 9 11 12 18 18 18 20 22 24 25 26 26 26 28 28 30 32 33 35 36 40 40 45 45 46 46 48 49 0 191 240 248 266 294 296 346 365 440 448 478 487 526 550 577 595 601 605 619 676 679 690 703 719 770 802 857 887 923 947 947 975
100.0 17.1153846154 33 0 1 3 7 7 7 14 14 14 15 16 18 19 20 22 22 24 27 27 28 29 30 33 34 35 35 40 40 40 42 45 46 49 0 110 189 196 208 210 221 254 261 308 378 397 412 490 513 518 604 664 694 745 750 770 786 792 821 822 842 869 873 895 904 940 970
42.5496688742 30.1923076923 33 0 0 3 6 7 9 9 9 10 11 14 16 16 18 19 20 24 25 28 29 32 32 33 35 38 41 42 43 43 45 45 46 47 0 0 201 217 218 268 275 330 431 462 508 519 528 535 569 653 724 744 760 764 808 826 842 842 876 900 924 926 940 943 952 978 993
26.6556291391 44.8076923077 33 0 0 5 8 8 9 10 11 13 14 15 16 16 20 21 21 23 23 24 27 28 30 31 32 33 34 34 35 39 42 46 46 46 0 102 107 145 187 190 256 304 324 338 353 437 476 481 528 547 630 631 705 750 770 775 778 807 810 858 872 874 911 914 948 960 981
45.0331125828 77.5 33 0 2 3 4 4 5 6 7 9 9 11 12 12 14 17 18 18 19 19 27 32 32 33 35 37 37 38 38 41 42 44 45 46 0 107 184 202 260 303 312 319 382 408 408 415 416 458 510 525 571 616 621 645 708 716 742 767 809 813 862 877 883 895 936 938 975
46.0264900662 0.0 33 0 0 3 7 8 9 9 10 11 12 12 13 14 14 14 17 18 19 21 21 23 24 24 26 29 31 32 36 38 38 43 46 47 0 162 166 181 205 221 237 263 299 312 385 392 412 478 491 508 539 548 559 560 586 606 750 778 837 862 898 922 942 963 964 971 987
38.0794701987 42.6923076923 33 0 1 2 3 5 6 7 7 10 13 15 16 16 19 20 20 21 25 30 30 30 33 33 35 37 39 40 41 42 45 46 46 48 0 0 145 149 185 235 242 258 259 287 377 385 397 535 538 570 590 609 713 737 774 779 780 795 797 813 844 869 888 914 937 945 952
41.7218543046 60.9615384615 33 0 1 3 3 7 7 7 10 11 11 14 15 15 20 24 24 25 26 27 27 27 30 34 34 34 36 39 41 42 42 45 47 48 0 124 126 129 144 156 256 272 276 293 304 310 340 348 354 358 385 414 435 445 459 509 515 546 577 631 662 664 779 792 813 877 956
40.2317880795 52.1153846154 33 0 0 0 2 3 3 6 6 7 8 10 12 13 19 26 28 28 29 29 31 32 32 32 32 34 34 35 36 39 40 47 48 49 0 167 203 234 251 271 285 308 327 333 339 360 381 387 402 427 429 468 477 485 524 527 534 549 566 601 618 689 692 747 800 884 944
51.3245033113 30.7692307692 33 0 0 1 6 8 8 8 9 11 15 15 16 17 18 20 21 21 21 22 25 29 29 30 33 37 41 42 43 45 47 47 48 49 0 126 209 210 221 260 287 293 317 321 387 390 402 468 475 492 582 654 688 700 723 745 745 762 785 807 817 846 882 886 904 946 984
46.1920529801 35.9615384615 33 0 2 4 5 8 12 12 12 14 19 21 21 22 27 29 30 31 31 32 33 35 37 38 40 41 42 43 44 45 45 47 48 48 0 0 132 154 160 206 258 275 293 301 331 342 352 410 447 500 516 517 520 568 573 593 600 608 670 692 722 745 756 758 854 865 984
19.5364238411 62.3076923077 33 0 0 3 4 5 6 7 8 10 13 14 15 18 18 19 19 20 22 23 30 30 30 33 33 36 38 39 42 43 45 47 47 48 0 107 112 131 170 252 277 286 365 406 461 507 534 574 599 607 614 619 669 677 685 693 708 751 752 753 783 794 795 799 840 909 913
21.0264900662 77.6923076923 33 0 0 0 2 3 4 5 5 7 8 11 12 13 14 17 20 21 21 24 31 31 33 36 36 37 37 38 40 41 42 43 48 49 0 0 124 145 166 250 252 284 299 376 398 410 464 507 516 547 594 600 635 647 676 703 757 769 779 809 841 895 908 916 923 972 977
56.4569536424 78.6538461538 33 0 3 8 9 11 11 14 14 16 18 18 21 22 22 23 23 24 25 26 26 29 29 30 31 33 33 35 38 40 41 42 48 49 0 110 144 152 155 175 242 246 283 304 313 331 363 390 419 487 491 536 537 543 548 555 662 673 823 860 905 907 939 942 952 956 990
42.5496688742 46.7307692308 33 0 1 3 5 9 12 13 14 14 18 18 20 20 21 21 21 22 22 22 25 26 33 33 36 36 38 40 40 42 42 45 46 46 0 0 112 116 118 145 150 198 243 285 297 346 398 422 431 472 499 513 534 568 625 645 662 694 748 768 810 867 880 944 948 973 979
25.4966887417 37.5 33 0 0 2 2 4 4 4 6 8 9 9 10 11 13 15 16 18 19 19 21 21 22 26 28 29 30 30 32 35 35 37 39 43 0 125 151 168 197 227 244 252 258 312 343 359 380 382 385 391 393 429 443 494 539 560 574 640 659 756 771 851 853 889 966 970 997
40.0662251656 39.8076923077 33 0 4 5 6 7 8 8 11 11 11 11 12 16 19 22 29 29 30 30 31 31 32 33 36 39 39 39 40 41 41 43 43 44 0 128 130 210 233 260 311 328 337 410 479 486 498 563 571 580 606 617 668 692 727 771 786 807 829 849 863 875 888 901 963 981 981
60.9271523179 57.5 33 0 0 0 6 7 7 9 11 12 13 13 14 17 18 19 19 20 26 26 27 29 31 36 39 40 40 40 41 41 43 47 49 49 0 132 147 265 314 331 332 378 408 419 423 429 435 504 514 521 554 557 565 603 633 664 695 744 749 817 859 877 926 950 950 959 964
59.7682119205 59.2307692308 33 0 1 2 3 3 4 6 9 9 9 11 13 17 18 20 21 22 24 26 28 29 30 31 31 32 32 34 35 36 37 37 41 49 0 117 135 137 192 217 259 281 352 353 391 413 441 450 455 513 516 531 547 581 605 631 668 675 694 793 800 803 847 849 933 961 979
37.2516556291 40.1923076923 33 0 0 0 1 1 1 3 3 6 8 8 9 15 20 20 24 24 26 28 28 28 31 31 35 35 36 36 40 42 44 47 48 49 0 113 119 158 187 191 201 235 239 263 272 383 384 390 463 465 527 539 597 644 664 687 701 710 724 781 811 847 864 887 920 971 998
29.3046357616 37.6923076923 33 0 0 1 3 3 5 8 10 12 18 18 22 22 28 28 29 29 30 33 34 34 36 36 37 37 38 39 40 40 44 44 45 47 0 116 185 188 220 297 354 372 472 479 480 504 506 586 668 670 698 702 703 751 753 778 782 794 816 827 857 863 870 916 960 963 983
48.3443708609 32.5 33 0 4 6 9 11 12 13 15 17 17 17 23 24 25 27 29 30 31 33 33 33 34 35 36 36 37 39 39 40 43 44 48 48 0 108 117 170 259 267 269 292 346 357 361 381 407 486 506 507 523 527 560 574 588 610 639 668 733 770 805 848 850 882 896 931 991
43.2119205298 58.0769230769 33 0 2 4 5 5 6 7 12 15 16 18 19 23 26 27 29 30 31 32 32 33 34 35 36 37 41 41 41 43 43 47 49 49 0 137 139 144 162 167 168 199 331 346 371 377 396 519 535 631 654 684 687 702 705 706 711 718 809 833 844 929 933 944 956 956 992
35.5960264901 54.6153846154 33 0 4 8 8 12 12 13 14 14 14 14 17 18 18 19 20 22 22 24 24 31 33 36 36 38 38 39 40 41 43 47 48 49 0 0 101 139 223 280 316 323 336 355 382 446 487 501 519 535 612 618 678 688 702 720 775 779 805 835 846 849 852 865 886 913 940
51.3245033113 62.5 33 0 3 8 9 11 13 15 16 16 17 18 19 22 23 24 24 25 26 26 28 28 28 28 29 30 33 33 36 38 42 47 47 48 0 128 160 177 203 237 380 402 403 410 418 442 450 566 568 575 623 648 723 756 758 766 766 789 797 801 874 894 902 902 949 967 986
0.0 73.2692307692 33 0 0 0 4 7 8 11 12 14 14 16 17 18 18 19 20 22 25 26 31 31 32 33 34 34 35 36 36 37 43 45 47 48 0 123 125 134 138 254 255 269 299 334 353 415 434 446 549 558 573 578 645 680 696 728 736 782 793 811 812 819 820 848 850 883 906
29.9668874172 74.0384615385 33 0 0 1 3 5 8 10 10 10 10 10 10 16 18 22 23 23 24 25 26 27 27 28 29 33 37 39 40 41 41 41 43 46 0 111 125 156 160 184 207 207 245 246 284 303 355 367 369 371 429 432 448 492 515 544 571 619 636 637 650 725 739 867 891 918 968
32.9470198675 89.2307692308 33 0 1 3 8 10 12 14 16 17 18 22 23 23 24 24 25 25 26 27 27 28 32 32 33 35 35 37 37 37 39 42 43 49 0 183 209 222 241 269 307 355 360 373 413 431 462 481 503 530 567 577 581 609 635 644 664 734 740 792 800 803 889 892 912 912 930
34.9337748344 63.2692307692 33 0 1 2 4 6 7 8 9 11 14 17 18 19 20 22 23 25 26 27 28 28 31 33 42 42 43 43 43 45 45 46 47 47 0 0 125 125 133 160 165 207 241 262 332 345 346 393 421 473 607 633 691 722 749 766 767 794 806 822 830 852 862 865 927 944 958
68.7086092715 36.3461538462 33 0 1 6 8 9 10 10 13 13 15 19 19 19 27 28 28 28 29 32 33 33 34 37 39 39 41 41 42 43 44 44 46 47 0 102 104 112 138 147 156 231 306 314 446 460 478 485 508 542 551 554 566 580 585 587 589 616 639 649 676 713 798 822 871 962 976
24.6688741722 80.7692307692 33 0 2 8 8 9 9 11 11 13 16 17 20 22 22 26 27 27 30 30 30 37 38 38 38 39 39 41 44 44 45 45 47 49 0 145 182 183 271 283 286 350 355 371 381 413 423 429 457 496 512 539 572 579 594 597 598 681 692 696 710 731 797 830 835 886 980
11.4238410596 57.6923076923 33 0 1 1 3 8 9 9 10 11 12 13 15 15 17 18 19 24 26 28 29 30 31 33 33 35 36 36 42 44 45 46 46 49 0 112 126 158 163 181 181 226 244 254 304 309 327 390 456 457 480 513 548 570 572 598 639 725 731 788 799 811 817 838 908 928 960
48.3443708609 32.1153846154 33 0 1 2 3 3 3 5 6 14 17 19 24 24 25 26 27 29 29 30 31 34 34 35 35 37 38 40 43 45 46 47 47 49 0 182 226 297 304 329 340 348 368 383 400 408 413 418 449 456 470 487 490 496 611 633 656 754 815 827 846 953 957 962 967 996 996
20.1986754967 55.3846153846 33 0 1 1 2 2 6 6 7 7 9 11 13 14 16 17 20 22 22 23 27 36 37 39 39 41 41 41 43 45 45 48 48 49 0 121 182 272 272 280 285 309 311 322 330 428 502 528 533 534 537 563 628 630 646 706 717 754 769 790 798 857 861 883 950 967 978
37.0860927152 29.2307692308 33 0 1 1 5 6 8 9 9 10 13 14 15 15 19 22 24 26 27 28 29 30 31 32 34 36 38 38 39 40 42 46 46 49 0 0 125 139 194 230 248 286 325 327 346 378 388 512 522 545 561 567 603 673 673 694 721 745 816 859 860 862 920 935 966 972 982
54.8013245033 49.4230769231 33 0 1 1 2 7 8 9 10 11 12 12 15 16 16 18 20 22 25 26 28 31 31 34 38 38 39 40 40 41 41 42 42 48 0 0 157 172 192 251 259 275 359 382 383 390 405 417 438 462 489 497 510 522 562 634 637 643 701 775 779 789 801 861 881 892 968
37.417218543 55.5769230769 33 0 1 4 4 7 8 9 11 11 15 16 20 21 21 22 22 22 23 28 28 29 33 36 37 37 38 38 39 43 45 46 48 49 0 157 167 197 222 269 271 277 279 329 332 338 393 399 486 534 535 564 572 596 598 645 662 663 703 746 775 822 841 863 869 902 918
11.9205298013 83.8461538462 33 0 0 1 1 1 3 7 12 13 15 16 18 21 21 24 25 28 29 30 30 33 33 33 34 35 35 40 42 43 43 47 49 49 0 122 124 158 165 193 197 204 225 244 269 280 356 433 440 486 498 546 549 577 601 618 624 694 696 725 750 754 810 826 857 905 926
23.8410596026 57.3076923077 33 0 0 0 3 5 7 9 10 11 12 12 13 15 16 16 17 20 20 20 20 30 30 32 32 33 33 36 37 38 38 40 44 49 0 0 100 143 147 156 172 192 249 253 255 265 299 306 355 389 406 467 486 504 547 607 618 661 671 687 762 781 798 835 871 920 966
39.238410596 32.8846153846 33 0 2 2 7 13 14 15 16 18 18 20 21 21 22 24 24 25 26 26 27 29 30 31 31 31 39 40 40 44 45 47 49 49 0 122 129 183 209 235 258 291 314 367 394 394 494 505 513 514 531 536 536 540 590 679 758 783 789 792 814 818 820 856 910 934 970
59.7682119205 44.4230769231 33 0 0 1 2 4 5 5 6 11 11 12 12 13 13 14 23 25 26 27 28 30 31 33 36 37 38 39 39 40 41 45 47 48 0 106 172 188 194 219 229 236 277 281 311 326 382 403 440 466 504 517 587 618 649 734 776 794 803 846 865 923 926 937 945 955 961
53.4768211921 32.5 33 0 6 6 7 8 8 9 9 11 13 13 15 16 16 16 18 21 21 23 24 25 30 32 36 36 37 37 40 41 42 42 45 48 0 0 102 107 119 152 191 212 222 251 259 262 290 318 338 361 396 434 576 587 603 608 633 671 705 727 753 825 853 884 908 933 960
31.7880794702 33.4615384615 33 0 0 3 4 4 5 8 9 11 11 12 13 13 16 18 19 21 22 23 23 24 27 28 28 28 32 33 35 36 41 48 48 49 0 0 120 134 149 168 197 197 251 277 300 328 341 342 355 367 406 559 584 584 593 600 699 724 735 781 817 856 886 910 917 984 991
28.8079470199 51.3461538462 33 0 0 2 7 9 9 10 10 10 13 15 17 20 20 21 21 22 23 23 24 24 26 28 33 34 34 34 38 38 41 44 44 47 0 0 177 216 227 267 349 407 414 439 467 478 514 555 559 621 687 705 715 747 756 826 828 835 840 845 852 854 911 925 946 976 977
46.5231788079 76.3461538462 33 0 0 0 1 5 8 8 9 10 11 14 15 17 18 19 20 22 24 25 25 25 30 33 33 33 35 37 38 42 44 47 48 49 0 109 132 137 171 318 323 335 373 385 413 489 561 584 624 644 697 708 721 792 808 870 877 903 908 923 931 945 954 959 978 985 998
12.9139072848 46.7307692308 33 0 3 4 4 5 6 11 15 16 19 20 23 25 27 28 29 29 31 34 36 36 36 36 39 39 39 40 40 41 42 45 48 49 0 136 141 171 190 251 259 310 326 369 372 418 427 487 531 554 583 625 625 660 692 737 749 764 773 784 801 804 817 913 919 922 961
33.7748344371 64.0384615385 33 0 1 4 4 5 6 7 10 12 13 14 16 16 17 20 20 20 20 21 23 24 25 25 26 30 35 36 36 36 37 48 48 48 0 110 147 174 192 236 308 339 342 359 390 395 420 500 531 568 611 615 634 653 692 828 854 893 912 927 931 942 950 962 969 976 988
24.6688741722 36.7307692308 33 0 2 3 4 4 5 5 12 17 21 24 24 24 24 30 30 32 33 36 38 38 39 39 40 41 41 43 43 43 46 47 47 49 0 0 109 147 202 227 258 279 304 311 322 326 352 392 425 425 470 492 527 565 588 653 655 665 721 726 733 746 756 817 839 923 948
29.4701986755 50.5769230769 33 0 0 1 1 2 2 5 9 9 10 11 15 15 21 22 23 25 25 25 27 27 31 33 34 34 35 35 39 40 41 41 43 47 0 115 154 195 302 312 400 453 460 486 515 537 582 589 640 647 673 679 682 687 707 746 810 814 819 827 849 861 878 896 898 930 960
52.9801324503 40.1923076923 33 0 0 1 4 5 8 9 10 10 17 19 21 21 22 24 24 26 30 30 34 34 37 37 38 40 41 43 43 43 45 46 48 48 0 0 162 178 231 251 254 270 283 330 339 413 438 457 465 621 628 629 653 691 692 747 750 757 798 809 847 867 897 930 932 933 966
60.4304635762 24.6153846154 33 0 3 3 5 6 8 10 13 13 13 16 17 17 18 18 20 22 22 25 30 31 31 33 34 35 39 42 42 44 45 49 49 49 0 104 105 109 131 143 171 224 241 243 285 339 373 394 409 451 472 488 494 504 524 637 643 706 759 767 772 861 872 882 951 968 968
40.5629139073 44.4230769231 33 0 1 3 3 3 3 4 4 6 8 10 13 13 18 18 25 28 28 29 29 30 32 33 34 35 40 40 41 45 46 47 47 48 0 130 147 170 198 256 280 286 416 418 436 447 522 528 549 598 605 643 649 671 695 704 721 724 737 755 757 780 856 861 875 948 987
14.4039735099 48.4615384615 33 0 4 6 6 8 9 10 12 13 14 17 17 19 20 21 22 23 26 28 28 34 35 36 36 37 40 41 43 43 45 46 49 49 0 106 116 127 128 129 164 193 201 211 216 275 299 321 464 469 512 527 544 581 614 703 722 728 754 779 807 836 866 879 927 940 985
18.3774834437 25.9615384615 33 0 1 1 2 3 5 8 11 13 14 16 17 17 22 24 27 30 31 32 33 33 34 36 37 38 41 41 42 42 43 44 46 48 0 167 213 219 238 254 273 275 306 313 354 410 418 419 451 462 463 500 511 520 580 663 670 742 760 788 821 859 876 885 889 923 958
54.8013245033 55.7692307692 33 0 7 7 9 13 14 14 14 18 18 19 19 20 22 24 25 26 27 29 33 33 36 37 37 38 39 40 41 42 43 48 48 49 0 128 128 148 164 189 237 264 279 308 367 377 406 418 526 531 559 597 598 647 650 695 703 755 777 787 835 900 921 932 965 970 986
28.9735099338 75.1923076923 33 0 3 8 12 13 13 17 19 20 20 21 21 21 23 24 24 27 28 32 32 33 36 38 38 40 41 41 41 42 45 46 48 48 0 136 142 181 188 306 312 323 341 386 420 423 516 520 579 581 618 622 629 655 694 702 722 797 802 807 814 814 938 943 948 959 989
64.5695364238 96.5384615385 33 0 0 2 4 5 8 10 10 16 17 19 20 21 21 24 25 26 27 28 28 31 31 34 35 35 36 38 41 41 44 44 45 49 0 113 230 245 261 271 294 350 351 368 384 443 494 513 552 567 582 587 668 703 704 716 735 757 794 801 860 890 894 922 929 953 986
38.5761589404 57.1153846154 33 0 2 2 2 3 3 4 5 6 8 8 9 11 19 20 21 23 23 24 27 30 30 31 31 33 34 35 35 40 43 46 47 48 0 0 103 107 109 226 247 251 274 280 318 354 444 469 474 546 575 586 598 600 611 626 637 638 668 689 703 745 746 753 777 857 875
51.9867549669 83.6538461538 33 0 4 6 6 7 8 8 11 11 11 11 14 15 16 18 21 21 22 25 29 29 31 33 33 33 36 42 43 44 45 47 47 49 0 130 161 204 274 275 356 374 387 402 410 431 476 487 492 493 498 514 535 683 707 720 732 749 762 763 773 790 840 879 881 953 977
33.7748344371 54.0384615385 33 0 0 1 3 3 6 6 6 9 10 10 13 14 15 16 17 19 21 24 25 27 27 31 31 33 35 35 37 42 48 48 49 49 0 171 178 192 217 222 232 265 291 328 335 369 379 397 437 467 538 541 548 636 665 744 819 828 843 859 861 884 893 903 918 932 978
22.8476821192 72.8846153846 33 0 0 4 5 5 6 10 11 11 12 14 15 18 22 24 24 27 27 29 30 31 32 33 33 34 36 37 40 41 43 45 46 48 0 156 169 197 207 213 258 283 304 328 332 403 404 421 462 481 553 555 571 647 672 692 721 771 787 817 852 907 912 973 980 982 992
50.3311258278 45.1923076923 33 0 2 3 5 6 7 8 11 11 13 13 13 14 15 16 17 25 26 26 29 29 32 32 32 33 33 34 36 38 41 42 47 48 0 110 129 136 144 170 182 213 284 331 337 370 384 413 417 431 432 433 501 518 557 577 632 643 662 679 719 743 802 961 968 974 975
33.7748344371 51.3461538462 33 0 3 5 5 5 8 8 9 10 10 11 12 13 18 18 22 23 25 26 30 30 38 38 39 41 42 43 45 48 49 49 49 49 0 0 282 343 352 367 375 389 429 448 469 474 481 525 544 557 586 616 721 746 749 761 763 782 830 852 871 879 883 909 935 942 995
57.2847682119 36.1538461538 33 0 2 3 3 5 5 12 13 13 13 15 15 16 17 21 21 22 24 25 26 27 29 30 34 34 35 35 39 39 40 45 46 49 0 154 167 225 234 242 330 357 372 381 387 423 424 468 489 491 514 533 578 627 629 745 760 779 784 786 800 849 868 917 932 952 994
9.27152317881 64.2307692308 33 0 0 0 0 2 3 5 7 7 7 9 9 11 11 13 13 14 19 20 21 23 25 25 25 29 33 34 36 45 45 45 46 46 0 0 134 177 186 189 207 275 280 287 290 325 340 370 381 404 430 437 444 449 475 477 601 638 654 724 788 789 804 805 807 875 914
48.178807947 59.4230769231 33 0 2 2 3 3 5 9 9 12 16 17 17 19 21 21 25 31 34 34 35 36 39 39 40 43 43 44 46 47 49 49 49 49 0 0 112 146 174 212 247 369 390 401 402 425 439 474 513 521 531 534 554 557 561 610 732 743 793 853 888 893 943 945 959 972 994
19.3708609272 59.4230769231 33 0 2 3 4 6 7 8 10 10 12 12 14 21 21 22 25 27 27 33 36 36 36 37 37 38 39 40 40 41 42 43 43 49 0 0 108 127 148 151 167 175 201 217 238 269 284 345 358 360 406 407 438 523 530 556 569 585 720 720 779 782 784 904 911 948 956
36.4238410596 70.5769230769 33 0 2 4 6 9 9 9 10 10 15 16 16 17 18 18 19 20 21 26 27 31 31 35 35 38 40 41 42 42 43 45 47 47 0 182 188 190 238 239 256 305 308 345 374 416 454 464 472 486 543 611 628 658 681 692 800 809 847 864 886 891 892 931 952 965 969
3.14569536424 54.0384615385 33 0 1 4 4 5 11 12 12 13 14 15 15 19 20 20 21 22 23 25 25 26 30 33 34 36 38 39 40 42 44 45 45 46 0 0 109 142 297 299 321 370 380 391 413 418 424 436 445 483 486 538 560 570 583 693 705 715 746 760 824 841 847 863 886 902 967
33.7748344371 40.0 33 0 0 2 4 6 8 9 9 12 17 17 18 19 20 21 27 28 28 29 29 30 31 33 33 34 34 37 37 39 40 41 41 42 0 149 163 172 184 187 223 247 255 256 336 347 355 364 401 411 486 510 511 515 523 578 604 625 656 679 689 766 773 877 886 908 935
34.2715231788 59.6153846154 33 0 7 9 9 10 11 12 14 15 17 18 20 22 23 24 30 36 36 37 37 38 41 41 42 44 45 46 46 46 48 48 49 49 0 142 234 249 263 273 294 329 450 454 462 470 472 488 514 546 572 638 651 673 686 722 769 790 793 822 859 883 926 928 963 967 993
18.2119205298 53.2692307692 33 0 2 5 6 7 9 9 11 11 12 14 14 17 20 22 23 24 31 32 32 35 36 38 39 41 41 43 45 45 47 47 48 49 0 0 115 149 165 181 229 251 334 364 408 449 473 497 498 553 584 604 612 648 669 682 690 694 695 730 763 795 805 884 896 930 949
64.7350993377 48.8461538462 33 0 0 4 4 6 6 7 7 8 9 11 12 17 20 21 22 24 24 25 26 30 33 34 34 34 35 37 38 40 42 46 46 49 0 124 125 166 200 202 249 266 272 303 349 388 407 420 447 514 527 549 559 584 603 610 616 630 650 654 670 673 747 748 793 897 975
8.11258278146 40.9615384615 33 0 0 2 2 3 4 6 6 7 11 12 14 14 16 16 18 19 24 26 26 28 30 30 33 33 36 37 37 40 42 44 47 48 0 109 138 166 231 237 255 276 330 330 354 360 381 427 464 482 484 517 618 639 668 694 717 725 838 850 851 890 897 909 922 925 968
28.4768211921 90.0 33 0 1 3 4 5 6 8 9 12 13 16 17 18 18 18 18 20 22 22 23 23 26 28 28 31 32 33 35 37 38 44 44 45 0 0 153 217 223 304 310 351 377 382 387 405 450 457 464 481 516 535 545 565 588 619 636 658 663 730 814 835 838 863 908 912 971
207
74.6691871456 69.0909090909 7
79.9621928166 48.3636363636 9
60.3024574669 51.4545454545 4
51.4177693762 41.2727272727 7
48.7712665406 33.8181818182 2
70.5103969754 76.7272727273 9
64.2722117202 30.3636363636 7
45.3686200378 9.63636363636 1
33.6483931947 100.0 7
20.0378071834 71.0909090909 3
50.2835538752 66.7272727273 8
15.1228733459 71.2727272727 6
59.5463137996 57.2727272727 8
69.1871455577 39.6363636364 6
68.6200378072 60.3636363636 7
70.8884688091 53.8181818182 7
39.5085066163 44.7272727273 6
38.5633270321 28.3636363636 5
51.2287334594 32.3636363636 3
55.7655954631 40.7272727273 4
54.4423440454 41.4545454545 8
22.8733459357 5.63636363636 2
79.3950850662 2.18181818182 8
37.8071833648 71.0909090909 3
45.3686200378 52.0 1
60.4914933837 50.7272727273 3
61.6257088847 61.8181818182 1
26.4650283554 50.1818181818 8
89.7920604915 54.9090909091 3
34.7826086957 55.4545454545 4
60.4914933837 58.0 6
32.7032136106 19.4545454545 7
67.2967863894 32.5454545455 8
45.5576559546 51.6363636364 5
35.3497164461 51.8181818182 2
36.6729678639 34.5454545455 2
70.5103969754 65.8181818182 5
39.1304347826 44.0 3
32.1361058601 83.8181818182 4
65.595463138 78.9090909091 2
38.752362949 45.6363636364 8
54.0642722117 67.4545454545 9
32.7032136106 54.5454545455 8
45.9357277883 57.0909090909 9
80.5293005671 44.7272727273 2
54.6313799622 59.8181818182 4
26.6540642722 41.8181818182 8
51.606805293 40.1818181818 5
86.5784499055 61.6363636364 9
56.1436672968 12.9090909091 2
48.9603024575 29.4545454545 3
64.2722117202 41.2727272727 6
75.236294896 62.1818181818 9
17.202268431 43.4545454545 8
73.5349716446 47.0909090909 4
28.9224952741 47.0909090909 8
43.8563327032 42.7272727273 3
56.5217391304 56.5454545455 8
54.0642722117 41.0909090909 9
46.1247637051 13.6363636364 4
67.2967863894 33.6363636364 1
52.3629489603 35.2727272727 4
47.6370510397 79.6363636364 8
46.5028355388 30.9090909091 3
29.8676748582 36.3636363636 2
62.9489603025 52.9090909091 6
62.1928166352 56.9090909091 6
53.8752362949 36.1818181818 3
65.2173913043 79.0909090909 5
69.3761814745 50.0 9
76.370510397 43.4545454545 2
67.1077504726 41.6363636364 3
46.3137996219 51.4545454545 6
70.3213610586 43.8181818182 1
37.4291115312 58.9090909091 6
38.1852551985 42.9090909091 5
53.1190926276 14.5454545455 4
40.0756143667 61.6363636364 9
59.168241966 48.1818181818 5
49.1493383743 51.8181818182 5
57.6559546314 47.2727272727 7
67.8638941399 46.0 3
40.6427221172 65.0909090909 9
42.9111531191 97.2727272727 2
37.8071833648 53.6363636364 2
55.0094517958 54.0 5
48.0151228733 52.9090909091 4
61.4366729679 45.0909090909 7
11.3421550095 58.0 4
31.190926276 42.0 4
21.550094518 44.1818181818 4
54.0642722117 37.4545454545 5
34.7826086957 33.8181818182 4
33.6483931947 48.5454545455 1
74.8582230624 51.0909090909 2
54.820415879 68.1818181818 7
47.6370510397 29.6363636364 2
37.9962192817 55.8181818182 7
12.6654064272 64.9090909091 1
31.5689981096 37.0909090909 8
47.8260869565 54.0 4
57.6559546314 51.0909090909 5
46.5028355388 53.4545454545 4
50.2835538752 48.7272727273 7
64.0831758034 55.6363636364 5
49.9054820416 74.5454545455 1
35.3497164461 40.0 6
30.056710775 25.0909090909 4
39.5085066163 28.1818181818 9
46.3137996219 46.5454545455 8
51.2287334594 55.6363636364 6
21.550094518 14.3636363636 4
35.7277882798 20.0 7
40.4536862004 52.0 7
42.5330812854 45.6363636364 7
75.4253308129 67.2727272727 5
53.3081285444 44.9090909091 5
67.1077504726 47.4545454545 8
60.8695652174 52.0 1
53.4971644612 43.6363636364 1
54.4423440454 53.2727272727 3
55.95463138 62.3636363636 6
67.6748582231 34.3636363636 7
66.3516068053 47.0909090909 1
28.1663516068 47.6363636364 7
33.0812854442 66.3636363636 4
54.820415879 27.2727272727 3
60.6805293006 59.4545454545 6
69.5652173913 89.8181818182 8
90.7372400756 5.09090909091 8
73.3459357278 48.9090909091 4
54.2533081285 74.9090909091 5
55.5765595463 51.4545454545 1
45.5576559546 33.0909090909 4
68.4310018904 44.1818181818 3
100.0 37.0909090909 9
50.4725897921 42.9090909091 1
44.4234404537 43.2727272727 7
37.2400756144 0.0 6
48.5822306238 60.0 7
62.1928166352 46.7272727273 1
36.1058601134 53.0909090909 2
69.3761814745 68.1818181818 2
51.0396975425 38.3636363636 3
66.9187145558 60.1818181818 5
34.7826086957 42.5454545455 8
43.6672967864 68.1818181818 8
67.1077504726 68.3636363636 4
39.8865784499 31.6363636364 4
44.8015122873 57.4545454545 3
58.7901701323 40.0 9
87.9017013233 44.5454545455 6
45.7466918715 31.0909090909 2
75.0472589792 66.5454545455 7
31.5689981096 59.6363636364 7
62.5708884688 58.9090909091 1
1.32325141777 15.6363636364 3
41.7769376181 23.8181818182 1
55.0094517958 46.0 9
42.7221172023 41.0909090909 3
45.179584121 69.6363636364 5
64.8393194707 53.2727272727 4
18.1474480151 12.5454545455 9
48.7712665406 46.1818181818 3
49.9054820416 66.5454545455 3
69.3761814745 23.6363636364 9
57.8449905482 67.0909090909 5
18.3364839319 60.1818181818 3
89.9810964083 21.4545454545 2
71.6446124764 56.1818181818 2
69.943289225 43.8181818182 6
81.0964083176 22.9090909091 2
83.1758034026 22.0 7
56.5217391304 52.9090909091 7
51.9848771267 51.6363636364 5
55.0094517958 72.0 5
62.381852552 29.0909090909 9
41.3988657845 67.0909090909 5
54.4423440454 55.0909090909 5
0.0 41.2727272727 7
56.5217391304 53.8181818182 9
42.9111531191 58.9090909091 3
37.4291115312 47.2727272727 3
55.5765595463 17.0909090909 9
63.7051039698 67.4545454545 4
57.2778827977 5.27272727273 9
44.9905482042 39.6363636364 8
44.2344045369 42.7272727273 6
34.5935727788 49.8181818182 9
43.6672967864 33.8181818182 5
29.8676748582 76.9090909091 6
16.0680529301 46.9090909091 9
75.4253308129 39.4545454545 8
47.8260869565 31.8181818182 9
47.6370510397 37.4545454545 9
31.9470699433 63.8181818182 1
61.0586011342 38.7272727273 8
30.2457466919 32.3636363636 6
20.2268431002 34.0 8
42.9111531191 26.3636363636 5
36.2948960302 57.6363636364 3
28.3553875236 50.1818181818 8
63.5160680529 36.5454545455 2
25.5198487713 33.0909090909 6
58.034026465 84.1818181818 8
37.8071833648 34.5454545455 6
41.2098298677 70.9090909091 7
