110
53.3088235294 35.0678733032 37 0 1 2 3 4 4 4 7 8 8 10 10 11 12 15 16 21 21 21 25 29 31 31 34 35 36 37 40 41 42 43 43 43 44 44 44 47 0 0 104 141 159 173 256 268 311 334 340 381 393 454 460 472 506 507 507 520 534 603 617 634 704 736 742 755 788 815 862 908 910 915 935 935 946
69.6691176471 57.9185520362 37 0 0 1 5 9 9 10 11 12 13 15 19 19 19 20 20 22 22 25 25 26 30 32 33 34 36 37 37 38 38 39 41 42 43 44 48 48 0 114 136 160 160 177 184 211 213 231 243 248 263 276 302 303 384 408 417 463 494 557 558 621 623 626 673 722 765 814 818 906 916 921 926 960 982
16.7279411765 0.0 37 0 1 2 5 6 8 9 9 14 14 15 18 18 20 21 22 22 23 25 26 31 33 33 35 35 35 37 38 40 43 45 46 46 46 47 47 48 0 0 115 119 133 164 171 205 213 228 244 247 273 303 343 344 421 490 502 506 569 634 642 655 656 657 657 687 688 691 703 742 762 885 900 909 973
63.4191176471 35.520361991 37 0 1 1 2 6 9 9 13 13 16 19 20 24 27 28 28 28 28 29 29 29 30 30 30 32 33 35 36 36 37 38 38 40 42 42 42 47 0 125 212 220 232 290 356 366 374 377 383 408 430 443 491 522 526 581 591 611 678 708 721 722 739 750 751 808 822 844 879 888 936 940 964 966 987
70.9558823529 43.2126696833 37 0 0 2 2 4 6 12 12 13 13 15 15 17 17 19 19 19 19 22 24 24 25 25 27 28 30 31 33 33 34 39 40 41 43 45 47 49 0 0 119 161 210 268 313 314 326 328 336 357 362 388 396 412 413 421 423 430 440 448 547 678 696 698 792 801 809 866 902 913 922 937 949 965 987
50.9191176471 36.8778280543 37 0 1 2 2 3 5 6 7 9 10 10 11 13 13 14 17 18 19 23 25 26 27 27 28 29 33 34 38 42 42 43 43 44 46 47 49 49 0 107 127 143 152 179 192 209 224 252 296 309 320 335 336 454 469 488 497 532 551 612 617 686 692 738 743 766 775 797 804 829 848 856 868 939 940
51.6544117647 45.92760181 37 0 0 0 0 1 1 2 4 10 11 15 17 19 21 22 22 23 26 27 31 31 32 32 33 35 35 36 38 38 38 39 39 40 41 41 46 48 0 133 139 150 173 185 186 200 221 231 254 290 311 342 346 368 370 374 414 461 468 489 500 584 595 624 633 641 654 756 789 806 849 902 908 934 967
38.9705882353 53.1674208145 37 0 0 0 0 2 4 5 5 7 9 10 11 11 11 13 14 15 19 22 23 25 28 29 29 30 32 32 33 35 37 39 39 40 40 47 47 47 0 140 166 234 242 280 290 327 369 392 419 426 443 448 456 490 499 515 518 536 554 558 561 624 697 718 725 728 766 803 810 813 868 876 892 902 988
54.0441176471 59.2760180995 37 0 0 0 1 2 3 4 5 8 10 10 12 14 14 15 18 22 22 23 24 25 31 31 33 34 34 36 36 38 39 40 40 43 44 46 46 48 0 102 110 122 128 136 137 160 175 198 229 284 291 305 376 441 470 514 516 596 598 612 616 630 648 706 714 727 752 779 830 884 901 909 925 931 983
59.9264705882 65.1583710407 37 0 0 1 2 3 5 6 10 12 13 15 15 20 25 26 26 33 33 33 33 34 35 36 36 36 36 36 38 41 41 42 42 43 45 46 47 47 0 142 142 152 200 240 241 252 275 279 328 381 388 403 404 412 432 442 445 510 537 581 627 636 641 675 706 733 745 834 838 854 857 884 925 964 977
58.8235294118 65.6108597285 37 0 2 2 5 6 6 6 7 7 7 15 17 18 18 19 19 20 20 22 25 26 27 27 30 32 32 32 34 35 38 38 40 42 46 48 48 49 0 0 150 202 212 230 243 245 252 285 304 304 343 386 411 451 478 499 504 510 517 539 614 626 693 701 742 768 778 798 822 855 870 960 967 991 992
6.80147058824 46.8325791855 37 0 2 2 4 5 6 7 10 11 19 21 21 21 22 23 23 25 26 27 28 28 28 28 29 29 33 33 34 34 36 36 38 38 41 42 42 47 0 133 142 177 206 231 303 323 350 359 402 415 428 449 451 464 482 503 546 547 593 594 616 616 648 654 662 701 714 750 779 792 800 814 963 977 986
34.375 6.10859728507 37 0 0 4 5 6 8 9 12 12 13 16 17 19 19 20 22 23 25 26 26 26 26 28 29 33 35 38 40 41 42 42 43 44 44 48 48 49 0 0 110 113 113 146 154 156 218 285 286 311 333 341 385 389 398 416 446 474 548 552 558 590 598 614 617 679 688 691 691 706 727 757 758 770 854
88.7867647059 36.6515837104 37 0 0 6 7 12 12 13 14 14 14 17 17 24 24 24 25 26 27 27 28 28 29 30 30 33 37 38 39 39 40 43 45 46 46 47 47 49 0 117 131 147 187 213 217 218 238 321 328 332 334 351 390 394 405 473 481 490 500 508 512 530 568 661 678 738 749 756 772 787 816 866 943 956 981
39.3382352941 31.9004524887 37 0 1 1 4 5 6 9 12 12 13 14 16 16 16 17 20 23 24 26 27 29 30 30 31 32 33 35 36 37 38 38 40 41 43 44 45 48 0 120 152 185 204 216 226 228 237 301 331 346 362 377 389 391 397 402 409 455 467 497 518 534 546 616 664 722 744 773 807 810 816 830 861 875 995
9.74264705882 82.8054298643 37 0 1 3 4 6 6 7 9 9 9 12 14 15 15 15 19 19 21 21 24 25 27 29 29 31 32 34 36 40 41 41 42 43 46 46 46 48 0 111 117 155 169 219 232 235 260 318 369 411 422 458 503 556 574 590 606 639 647 660 719 756 770 771 774 775 812 814 829 832 843 864 865 924 954
43.1985294118 56.5610859729 37 0 2 3 6 8 8 9 12 12 12 16 18 19 20 22 25 25 27 27 27 28 33 33 34 35 35 37 38 39 40 41 43 43 47 47 47 47 0 102 113 124 132 156 176 229 240 246 269 276 310 353 362 383 427 451 456 461 521 530 533 547 577 618 730 732 738 770 790 815 845 851 853 907 975
40.0735294118 74.6606334842 37 0 0 1 1 1 1 2 3 7 7 14 14 16 17 18 21 22 22 22 26 30 31 33 34 35 35 35 37 38 38 39 41 43 45 46 49 49 0 102 112 137 151 160 160 251 268 302 322 335 341 362 383 419 519 522 569 636 638 738 746 753 824 856 880 892 904 933 936 953 955 966 968 971 983
19.6691176471 58.371040724 37 0 1 2 2 3 3 6 8 8 8 11 12 15 15 16 17 20 22 24 26 26 28 31 31 31 34 34 39 43 43 43 44 44 45 47 48 49 0 125 163 183 190 203 218 274 284 305 343 366 368 401 407 463 483 506 507 508 528 535 561 611 711 715 728 729 730 755 795 841 858 869 900 912 986
51.4705882353 55.2036199095 37 0 2 6 6 6 7 9 12 12 13 15 15 16 17 19 22 23 24 28 29 30 31 32 34 35 36 38 39 39 39 39 42 42 44 45 46 47 0 115 115 145 153 180 247 248 262 273 330 381 419 461 478 496 498 505 531 531 598 635 656 702 711 734 743 743 755 781 828 829 882 904 920 924 973
61.0294117647 41.1764705882 37 0 0 1 3 3 3 3 4 4 5 9 11 12 12 15 17 20 20 24 27 32 33 34 34 35 36 39 40 40 40 41 44 45 45 46 46 47 0 102 193 213 220 259 287 315 315 344 369 378 421 432 447 456 463 471 523 533 534 549 561 628 646 738 777 788 806 823 828 832 852 858 869 907 936
58.2720588235 22.6244343891 37 0 0 0 1 2 2 3 4 4 4 4 9 11 13 14 14 15 16 17 22 23 23 24 24 26 29 30 31 34 36 40 42 46 47 48 49 49 0 0 124 211 211 248 254 261 322 358 428 438 443 459 471 475 487 500 511 511 516 518 531 553 578 611 630 664 686 700 830 882 882 906 954 970 993
51.1029411765 17.1945701357 37 0 0 1 1 2 7 8 9 9 10 10 12 13 15 18 18 19 20 20 21 21 22 22 23 23 24 31 36 37 39 40 43 44 44 45 47 49 0 109 114 133 155 166 182 205 207 221 258 267 270 275 326 344 402 414 435 437 451 474 503 508 509 568 589 612 619 658 809 862 901 925 935 991 998
69.3014705882 56.7873303167 37 0 2 2 3 5 6 7 7 9 10 11 11 11 11 14 16 19 20 22 25 26 27 27 29 29 32 33 34 35 36 36 37 39 39 42 43 44 0 104 140 148 193 220 220 222 281 371 379 386 390 418 420 422 424 450 489 499 540 559 608 653 665 691 714 761 772 789 800 803 835 909 927 932 937
46.875 67.6470588235 37 0 0 3 3 4 5 8 8 9 10 11 11 12 12 12 16 17 18 19 19 22 24 27 28 31 33 37 38 40 40 41 42 44 46 46 47 49 0 108 117 119 124 143 197 209 214 220 268 315 329 331 381 430 501 519 520 587 609 665 733 764 824 827 840 850 852 859 877 881 884 917 921 954 989
32.1691176471 100.0 37 0 0 0 1 1 4 6 8 8 9 12 13 13 13 15 15 17 17 18 18 22 22 29 30 30 31 33 33 35 36 38 39 39 40 40 42 42 0 152 154 255 262 268 321 406 431 435 445 449 482 499 526 541 547 556 572 578 597 626 632 687 694 726 761 785 840 851 853 855 865 871 904 968 977
56.8014705882 51.1312217195 37 0 0 2 3 4 8 9 10 11 11 12 14 14 15 16 16 20 20 21 24 25 26 26 27 28 33 33 35 36 36 36 37 40 41 43 45 46 0 143 146 149 194 196 214 301 322 387 399 421 450 451 495 554 557 621 625 627 721 746 770 772 816 877 893 895 901 904 923 932 966 967 985 990 991
47.2426470588 54.07239819 37 0 2 2 6 7 8 8 8 11 11 12 13 14 15 16 18 19 20 21 22 22 23 24 25 25 27 30 36 36 41 42 42 42 48 48 49 49 0 113 173 229 232 236 245 259 266 276 297 370 391 392 404 413 429 469 492 568 574 580 601 618 630 733 746 769 789 789 839 854 893 955 968 976 987
59.1911764706 5.65610859729 37 0 0 2 3 3 7 8 10 11 12 13 15 19 19 19 19 21 21 21 24 26 30 30 32 33 34 34 38 38 39 42 43 44 45 46 47 47 0 0 115 130 194 209 248 250 259 278 334 350 359 420 454 467 518 543 547 548 572 639 640 674 680 688 697 699 773 778 781 799 804 818 855 934 988
67.6470588235 30.9954751131 37 0 0 0 0 1 1 2 2 3 6 6 7 8 8 8 10 13 15 16 18 20 20 21 23 26 31 31 31 31 31 32 34 37 45 46 48 49 0 110 159 159 160 167 184 187 189 205 254 257 297 334 342 346 353 407 419 461 509 544 576 581 621 664 701 717 731 731 736 753 757 823 844 871 940
41.5441176471 33.7104072398 37 0 0 1 4 5 5 5 10 10 11 11 11 12 13 14 15 17 18 20 21 23 27 28 30 31 31 32 36 37 39 41 41 43 43 46 47 48 0 123 124 146 179 245 269 272 314 326 382 399 403 419 424 450 455 516 520 565 577 591 591 593 596 616 656 711 717 721 744 761 819 871 873 881 994
0.0 29.4117647059 37 0 0 0 0 0 1 1 7 8 8 8 9 9 10 13 14 14 17 17 18 21 23 24 26 33 34 36 37 38 38 40 41 41 46 48 48 49 0 118 127 134 138 185 186 199 250 255 283 286 313 367 404 411 496 531 541 553 553 560 562 573 688 736 741 807 815 835 879 888 917 920 924 949 974
83.6397058824 72.6244343891 37 0 2 2 4 8 8 8 9 10 10 10 10 12 13 13 15 16 20 22 23 27 28 29 29 34 36 36 38 40 40 42 44 44 45 48 49 49 0 160 162 163 216 218 238 251 321 363 391 409 451 473 493 498 504 531 532 595 596 599 662 705 738 759 768 819 832 838 876 912 918 954 985 994 999
37.3161764706 37.1040723982 37 0 3 3 5 5 6 9 9 10 11 11 14 14 15 16 17 17 17 21 22 23 25 26 28 29 32 32 33 37 38 39 40 42 42 46 47 49 0 102 111 126 159 160 182 188 296 373 397 412 422 426 461 504 569 575 579 610 630 630 646 669 740 750 765 769 798 799 805 839 902 936 938 959 976
16.9117647059 4.29864253394 37 0 0 1 3 5 6 7 7 11 13 14 17 19 23 23 24 25 26 27 27 28 29 35 35 37 38 39 40 42 44 44 46 46 47 47 48 49 0 0 126 156 177 202 264 273 288 304 305 323 352 392 464 500 513 533 537 600 668 671 699 726 743 764 820 843 863 871 874 886 887 907 909 922 944
12.6838235294 22.1719457014 37 0 0 1 2 3 4 5 6 8 9 12 16 16 16 18 20 20 21 22 22 28 29 30 30 34 35 37 39 39 40 42 45 46 46 47 47 49 0 106 138 143 193 208 215 219 228 272 297 306 328 372 376 379 390 442 463 467 479 530 533 610 647 658 686 696 724 771 782 784 803 915 918 942 957
60.1102941176 45.2488687783 37 0 0 2 2 3 4 6 6 7 7 7 8 9 11 11 13 14 16 22 25 25 28 30 30 32 32 34 35 35 36 37 37 42 43 43 46 47 0 100 149 180 181 194 280 290 311 346 360 398 412 429 436 518 541 559 592 637 644 684 688 725 725 812 822 839 857 857 879 880 886 923 932 952 983
39.8897058824 27.8280542986 37 0 0 0 1 2 5 5 8 9 10 11 12 13 14 15 16 16 19 19 19 21 21 23 26 27 28 28 33 37 37 37 39 40 42 44 49 49 0 114 130 130 141 161 190 222 243 263 301 308 362 479 483 672 675 688 756 769 795 812 813 822 827 830 830 836 851 879 934 944 976 977 984 988 991
41.3602941176 37.556561086 37 0 0 0 2 3 4 4 5 6 8 10 12 12 13 14 15 16 18 20 22 24 25 27 31 34 35 36 36 38 39 40 40 41 43 44 46 47 0 139 206 260 277 314 315 350 359 404 424 459 471 543 545 554 595 597 608 625 626 639 640 652 676 682 720 744 752 769 789 817 822 854 889 921 997
38.4191176471 58.371040724 37 0 0 1 1 2 5 6 7 7 14 16 16 17 19 21 21 24 26 28 30 33 33 34 35 35 36 37 37 39 40 42 43 46 46 46 47 49 0 116 131 151 160 175 182 195 199 238 246 281 296 322 355 410 413 435 437 470 524 562 579 594 603 670 765 792 805 849 853 862 868 925 954 967 969
35.1102941176 48.6425339367 37 0 0 2 3 4 5 14 14 15 19 20 20 21 22 22 24 24 27 27 27 31 34 34 34 35 36 37 38 38 41 43 45 45 45 46 48 49 0 0 112 118 127 132 152 167 218 242 287 332 343 344 361 364 480 484 498 536 538 633 648 675 729 751 757 821 859 869 927 928 929 961 977 983 997
22.9779411765 80.0904977376 37 0 1 1 4 6 8 8 9 12 12 13 14 16 16 19 19 20 20 23 23 24 25 28 30 30 32 32 34 36 37 38 43 46 46 46 49 49 0 0 100 119 125 194 228 232 256 270 408 448 474 497 520 529 535 564 591 597 608 638 639 644 647 688 699 702 725 746 762 772 775 866 876 892 919
51.4705882353 41.8552036199 37 0 1 3 3 5 10 10 12 13 16 16 21 24 26 28 28 30 32 35 35 38 39 39 39 40 40 40 41 42 43 43 45 46 49 49 49 49 0 129 154 167 194 207 249 264 277 317 336 357 372 382 453 484 496 502 538 550 577 580 620 634 681 697 756 765 765 776 778 806 824 874 933 955 977
51.2867647059 26.9230769231 37 0 0 0 1 2 3 5 10 12 12 12 12 13 14 14 15 16 18 19 22 23 23 26 29 30 30 33 35 36 39 40 41 43 43 44 48 49 0 0 107 167 190 267 269 325 397 406 444 448 457 497 523 529 549 551 564 570 601 602 617 645 670 720 733 755 793 800 841 854 897 928 940 966 971
19.8529411765 44.7963800905 37 0 0 0 1 1 2 4 7 8 10 11 11 11 13 13 13 16 16 17 20 22 22 23 23 25 28 29 30 30 31 32 32 38 38 40 41 44 0 107 133 145 239 268 277 371 379 384 414 418 463 484 491 499 518 519 532 537 548 593 658 666 668 677 684 814 844 869 896 908 923 925 926 963 968
50.0 34.3891402715 37 0 1 3 3 5 6 7 7 8 9 9 10 11 11 13 13 17 21 21 24 27 28 29 30 34 36 36 36 37 37 38 41 44 45 45 47 47 0 125 126 182 221 225 238 265 335 365 374 429 438 487 610 611 613 620 637 695 720 769 797 816 835 859 883 902 924 925 942 949 958 972 985 988 992
47.4264705882 68.3257918552 37 0 1 1 1 4 4 4 4 5 9 9 10 16 17 18 18 20 20 21 23 28 29 31 32 34 35 38 39 39 40 41 41 42 44 47 49 49 0 0 186 240 241 294 314 323 330 341 351 353 376 401 403 404 423 453 484 514 522 522 639 667 674 674 683 727 768 819 832 833 881 897 938 943 970
21.6911764706 55.4298642534 37 0 0 0 0 1 3 3 4 5 6 6 8 10 12 12 15 18 20 22 22 28 30 30 31 31 35 35 36 37 39 39 41 42 42 43 45 45 0 0 100 105 144 181 217 316 379 405 429 431 436 439 459 460 483 500 532 534 541 579 589 643 655 657 658 718 744 753 764 837 864 880 922 925 962
35.4779411765 44.7963800905 37 0 0 3 4 4 6 7 8 13 13 13 15 19 22 23 24 26 28 30 31 31 36 36 37 37 37 38 39 39 40 42 43 47 47 47 49 49 0 0 118 141 160 163 181 220 223 310 341 353 431 459 483 501 503 520 543 568 581 628 739 773 779 822 830 858 860 863 878 922 925 959 960 964 997
12.5 45.2488687783 37 0 0 1 1 2 3 3 4 5 6 9 9 10 13 14 14 15 15 15 16 18 18 20 21 21 24 25 27 27 32 34 37 38 39 41 43 46 0 0 122 129 149 171 199 213 213 263 270 274 346 379 385 403 464 499 514 557 559 627 627 663 664 694 694 801 808 824 838 878 899 913 919 964 970
28.125 62.443438914 37 0 0 1 4 5 6 6 9 9 11 12 14 14 15 15 16 16 17 17 19 22 23 23 24 24 25 28 29 30 32 32 33 38 40 44 46 47 0 111 151 159 164 181 216 279 281 297 342 349 367 376 390 506 519 521 548 579 626 639 652 654 691 692 724 725 730 743 770 802 812 898 912 942 950
35.1102941176 0.678733031674 37 0 0 0 0 2 6 7 7 9 13 17 18 21 21 22 22 23 24 24 24 26 27 28 29 32 33 35 36 37 38 39 39 42 44 46 48 49 0 142 157 163 204 220 234 303 326 346 392 463 498 546 574 579 583 609 659 668 690 694 714 777 779 789 790 829 845 861 884 885 922 943 949 957 974
38.7867647059 14.0271493213 37 0 5 6 7 9 9 10 10 12 13 14 22 23 23 25 25 29 29 30 30 32 32 33 35 35 40 40 40 40 42 42 43 43 43 46 47 48 0 122 138 193 279 279 354 453 460 480 480 499 538 571 605 613 630 634 640 658 686 695 701 724 744 751 756 832 849 878 891 899 903 927 949 949 980
21.875 64.2533936652 37 0 0 0 1 3 5 5 5 6 6 6 8 9 11 11 11 15 17 21 23 25 25 25 25 25 26 26 27 27 27 30 31 34 41 43 45 46 0 105 129 149 174 175 185 197 200 215 261 262 333 375 386 393 413 434 494 507 544 552 640 648 679 695 734 747 756 845 917 922 923 926 950 975 992
9.375 28.7330316742 37 0 0 1 2 6 7 7 8 9 9 10 12 15 15 17 19 22 23 23 24 27 28 30 31 33 33 34 34 36 39 40 41 42 43 44 48 49 0 0 126 133 259 263 275 303 344 351 369 421 460 476 538 586 611 644 644 690 699 708 728 732 737 758 767 775 795 874 878 920 957 964 972 976 985
46.3235294118 37.556561086 37 0 0 1 4 4 6 7 8 8 10 13 13 13 14 17 18 18 18 19 20 21 22 22 23 25 26 31 32 34 37 38 39 42 43 45 46 46 0 0 159 168 207 232 256 259 290 315 345 353 358 437 467 502 507 545 549 550 582 588 643 647 658 673 683 765 777 781 795 797 804 892 899 953 970
43.3823529412 63.5746606335 37 0 2 2 3 5 6 9 11 13 14 16 17 18 18 22 22 24 24 24 25 26 27 28 28 28 30 31 32 32 35 35 40 40 42 42 43 44 0 106 131 165 211 218 256 257 300 370 378 440 467 507 511 528 555 562 584 604 639 682 688 691 698 700 711 753 764 794 860 871 909 927 931 942 974
40.8088235294 64.0271493213 37 0 1 6 7 8 11 13 14 14 15 15 15 17 18 18 19 24 25 26 26 27 35 35 36 36 37 38 38 38 39 40 41 43 43 44 44 45 0 101 104 117 121 178 184 221 227 276 284 284 300 309 330 378 381 392 420 449 504 513 513 520 527 541 640 648 668 708 723 780 812 894 940 969 972
59.375 39.1402714932 37 0 0 1 2 2 3 5 6 8 9 10 10 11 16 19 22 24 24 27 28 29 32 33 35 36 37 38 38 40 43 43 44 45 45 45 46 49 0 0 154 158 172 183 192 213 276 318 340 360 385 403 411 449 477 487 499 505 506 531 533 606 618 678 679 698 748 769 851 876 892 915 923 925 980
20.9558823529 30.5429864253 37 0 3 4 6 6 8 9 9 15 15 17 18 19 19 33 34 34 36 37 38 39 39 40 42 42 42 43 43 43 44 44 44 45 47 47 49 49 0 104 153 211 214 218 239 275 282 332 343 366 383 387 388 423 459 465 513 528 588 588 597 626 645 656 671 677 731 782 801 802 864 896 954 964 980
58.0882352941 26.0180995475 37 0 0 3 6 6 6 8 10 11 17 19 20 23 24 25 26 29 30 30 31 32 33 35 35 41 41 41 41 42 42 42 43 43 44 44 46 46 0 123 131 135 141 164 191 220 228 247 255 269 273 298 308 333 392 433 437 462 474 476 572 598 630 717 759 784 810 816 817 875 882 885 915 922 940
67.2794117647 40.0452488688 37 0 1 1 6 6 11 11 14 17 18 18 18 18 19 20 20 21 22 26 27 28 29 29 32 32 33 34 35 36 36 43 46 46 47 47 48 49 0 168 171 302 303 334 335 339 363 373 374 390 399 402 404 405 418 440 446 537 649 722 730 738 756 764 800 822 833 839 842 844 893 893 914 922 972
41.1764705882 58.5972850679 37 0 1 2 3 4 5 5 6 7 8 8 10 10 11 13 13 15 16 16 18 20 23 24 24 25 31 32 39 40 43 43 45 46 46 48 48 49 0 0 140 168 172 208 239 281 288 294 367 367 384 417 482 513 551 569 590 626 638 642 643 644 673 705 718 787 826 828 846 847 861 876 897 930 963
43.75 49.0950226244 37 0 0 2 3 3 5 6 7 7 8 8 9 10 12 12 12 14 16 16 18 20 21 23 27 28 31 33 36 37 37 38 38 39 42 44 47 49 0 0 121 121 126 163 175 184 247 334 350 361 410 415 440 464 466 476 478 501 514 518 522 587 613 629 659 664 691 747 770 849 878 922 957 961 966
25.5514705882 95.4751131222 37 0 0 2 5 6 7 7 8 9 11 11 13 13 15 17 19 19 20 21 23 26 29 31 32 34 34 34 36 36 36 41 42 44 45 48 48 49 0 108 148 205 357 381 384 407 440 498 507 520 541 566 566 583 590 640 667 696 726 755 791 793 805 826 832 832 841 857 864 866 888 910 932 946 961
38.6029411765 22.3981900452 37 0 0 1 2 2 3 5 7 7 10 12 13 15 16 16 19 21 25 25 26 26 27 27 28 28 33 33 35 36 36 37 37 39 40 45 47 49 0 104 180 182 188 189 204 252 315 348 393 402 440 458 470 534 567 587 587 628 648 679 729 744 771 773 779 810 813 814 866 937 972 982 985 987 993
31.6176470588 28.9592760181 37 0 0 2 2 2 6 6 6 8 10 11 12 13 14 14 14 15 18 18 22 22 22 22 25 25 26 29 30 33 37 37 37 41 42 42 43 47 0 101 109 153 239 284 324 337 346 358 371 387 421 463 466 508 532 563 571 590 597 601 604 642 712 725 729 743 763 783 820 829 857 911 928 973 990
48.1617647059 43.8914027149 37 0 2 2 6 7 10 10 12 12 13 15 15 16 17 18 18 19 19 20 24 27 27 27 29 32 32 32 33 36 38 39 40 45 46 46 47 49 0 160 175 187 198 232 253 316 364 364 370 416 454 455 469 484 487 500 504 549 550 550 582 584 594 612 631 662 681 686 703 730 739 756 784 896 949
16.5441176471 67.4208144796 37 0 0 1 2 3 4 6 6 8 11 13 19 21 22 28 28 28 28 29 31 32 32 33 34 38 39 40 41 41 41 44 44 45 45 46 46 47 0 115 131 143 144 186 189 203 227 259 315 378 441 464 494 497 521 528 586 616 634 672 683 691 709 715 721 746 876 882 893 903 923 935 949 967 987
62.6838235294 17.1945701357 37 0 1 2 2 6 10 12 14 15 15 17 18 21 21 23 25 25 28 30 31 35 35 36 37 38 38 39 40 40 43 43 45 45 45 47 47 47 0 113 135 139 144 147 160 202 221 280 315 317 318 344 372 381 395 463 547 554 562 586 602 611 626 644 707 742 756 762 764 939 955 962 962 988 996
70.9558823529 86.6515837104 37 0 1 1 2 8 8 8 10 11 11 12 12 12 13 17 17 17 18 18 22 25 25 27 31 32 34 34 34 35 38 40 40 43 43 45 46 46 0 123 125 170 173 185 188 194 196 238 244 292 301 323 362 372 380 385 411 417 463 467 511 556 606 632 657 690 704 705 717 733 800 853 889 969 999
51.1029411765 25.5656108597 37 0 2 2 3 7 9 9 10 10 11 11 12 16 19 20 20 21 23 26 28 30 30 31 34 35 36 37 41 42 44 44 45 45 46 47 47 48 0 115 116 119 180 184 226 241 283 295 400 401 411 416 423 430 437 476 483 509 591 626 637 654 678 684 688 712 753 777 817 817 833 966 969 976 986
54.9632352941 50.6787330317 37 0 0 0 1 2 3 8 9 13 13 14 15 25 30 30 31 32 34 34 36 36 36 38 39 40 40 41 42 43 43 43 43 45 46 47 49 49 0 103 142 152 192 239 239 244 245 270 283 324 329 374 393 429 455 527 565 599 605 694 695 726 745 760 764 771 776 790 797 821 843 843 897 918 954
57.9044117647 52.036199095 37 0 0 2 12 15 17 17 18 19 20 20 20 21 22 23 23 23 25 27 28 29 31 31 33 34 34 35 35 36 39 39 41 42 44 46 48 49 0 0 100 110 151 177 182 222 250 267 273 308 333 356 387 393 403 437 464 469 503 556 588 602 653 659 692 713 738 770 827 851 923 930 941 952 963
40.2573529412 71.4932126697 37 0 1 1 1 2 6 8 9 11 17 21 24 26 27 28 28 32 33 33 34 34 35 36 37 38 38 38 39 40 40 41 42 48 48 48 48 49 0 124 127 171 177 225 346 354 384 407 443 467 468 484 499 526 532 533 537 545 572 573 606 613 640 661 742 753 765 777 833 850 855 917 918 972 973
46.875 57.4660633484 37 0 1 2 2 4 5 7 9 11 11 12 13 15 17 18 22 22 23 26 29 31 32 32 33 34 34 37 38 39 39 40 40 41 42 47 47 49 0 121 126 152 158 165 197 264 298 298 316 357 390 415 452 509 511 519 607 637 651 686 697 708 708 733 743 766 778 802 804 823 863 874 909 912 997
36.9485294118 39.592760181 37 0 1 4 10 11 12 12 13 14 18 21 21 22 24 24 26 26 28 28 28 28 29 31 34 36 36 36 36 38 39 40 40 41 41 42 43 48 0 0 107 163 254 263 265 307 331 352 357 375 409 412 417 442 516 568 594 614 633 657 659 669 672 695 713 714 746 754 779 811 894 910 925 958 991
23.8970588235 56.5610859729 37 0 0 3 4 5 7 9 13 14 15 17 18 18 19 19 21 21 22 26 26 28 29 30 30 30 31 31 31 31 33 38 41 45 45 47 47 48 0 175 175 243 258 274 292 293 306 322 343 364 386 387 399 513 545 557 599 611 612 630 643 646 652 653 678 681 781 785 812 843 847 891 917 924 964
28.4926470588 62.8959276018 37 0 0 2 2 3 4 14 15 15 17 17 19 20 22 23 24 26 27 27 29 30 30 30 31 32 33 33 35 36 41 43 44 45 46 47 49 49 0 104 110 114 120 136 140 147 155 159 160 170 225 370 375 399 422 423 425 455 561 576 628 639 666 682 736 749 755 758 790 796 830 845 908 909 941
75.5514705882 53.8461538462 37 0 0 2 3 4 4 5 9 11 11 14 15 16 16 16 21 22 24 26 29 30 30 31 33 33 35 35 35 36 37 37 37 39 41 45 45 46 0 145 162 170 271 298 351 356 419 420 426 437 438 531 533 552 554 558 576 595 635 647 666 687 696 719 728 774 802 802 833 875 875 891 915 924 989
60.2941176471 74.6606334842 37 0 1 1 2 3 3 4 10 11 13 14 18 19 20 20 21 23 25 25 29 31 31 33 33 34 35 36 43 43 43 43 43 44 46 47 47 49 0 126 133 142 147 159 161 199 201 201 204 222 240 261 329 329 366 412 464 464 472 499 549 550 571 625 686 700 741 757 758 779 813 819 827 885 900
19.6691176471 6.33484162896 37 0 1 3 3 5 6 8 9 10 11 14 17 19 20 20 20 20 21 22 22 23 24 29 29 33 35 35 36 38 38 39 39 40 40 40 42 47 0 0 144 169 203 222 311 317 332 348 350 386 420 433 443 464 472 472 474 508 522 579 627 655 693 800 802 803 816 825 836 850 883 915 929 978 993
73.1617647059 22.3981900452 37 0 0 0 4 4 6 7 7 9 9 9 11 11 11 11 14 16 17 18 18 24 26 28 28 29 31 32 32 34 35 39 39 40 41 44 49 49 0 0 130 135 161 168 168 232 234 264 265 282 314 322 375 377 385 389 439 482 512 514 546 554 579 591 603 616 627 671 682 693 724 739 761 766 767
33.4558823529 30.7692307692 37 0 0 2 3 3 3 6 7 7 8 9 10 11 13 13 18 19 19 20 21 21 26 27 27 29 31 33 35 42 43 44 44 45 47 47 48 48 0 201 240 249 252 261 286 288 330 441 447 452 474 505 525 534 536 540 549 565 569 603 698 728 804 823 848 869 892 893 902 909 915 919 922 946 948
30.8823529412 57.2398190045 37 0 0 0 1 1 4 5 5 6 8 9 13 14 16 17 18 18 19 20 22 24 26 27 28 28 30 33 33 35 37 42 42 43 43 43 47 48 0 132 176 236 252 263 269 302 304 385 403 423 428 431 454 489 497 500 536 546 572 589 666 693 693 699 704 742 753 762 763 774 782 863 868 877 905
24.4485294118 24.6606334842 37 0 3 3 4 6 8 8 9 9 11 12 13 15 15 16 16 18 19 19 19 20 21 26 31 31 32 33 33 37 41 42 44 44 45 46 47 48 0 150 150 181 185 200 255 267 272 322 324 350 444 486 555 558 566 641 645 667 671 696 724 726 742 747 757 878 897 920 930 937 946 963 967 977 992
44.6691176471 3.39366515837 37 0 1 2 5 6 12 12 13 15 16 17 18 21 23 23 23 27 27 31 31 31 32 33 34 34 34 36 37 38 39 40 41 44 45 47 49 49 0 0 124 145 160 190 213 241 261 263 275 316 352 376 379 392 394 396 460 562 567 568 592 653 692 765 818 833 874 879 911 914 925 941 965 970 989
41.7279411765 45.4751131222 37 0 0 2 3 6 6 9 12 12 15 16 16 16 17 18 21 21 22 24 25 26 26 29 32 33 35 37 37 39 39 40 40 40 43 46 49 49 0 0 168 173 265 324 330 330 341 404 451 481 489 521 541 568 577 583 592 637 645 666 681 716 728 741 821 854 857 873 879 880 902 931 932 951 978
38.7867647059 48.4162895928 37 0 0 3 3 4 8 10 10 11 11 13 18 19 19 23 32 32 34 35 35 36 36 36 36 38 39 39 40 40 40 43 44 44 45 45 46 49 0 0 153 190 205 240 253 274 295 302 316 369 379 395 404 413 484 497 587 620 646 662 666 683 688 711 714 810 819 825 854 861 871 918 957 970 997
68.5661764706 95.4751131222 37 0 2 3 3 4 5 6 8 12 13 14 15 15 16 17 18 18 20 21 22 23 24 25 26 31 33 34 34 38 42 43 43 45 47 48 48 49 0 112 120 150 210 220 275 286 345 357 398 410 413 438 444 494 506 556 589 595 603 613 615 624 684 697 720 723 753 774 781 784 806 811 842 956 997
97.9779411765 15.1583710407 37 0 1 1 2 2 5 5 6 11 12 13 13 13 14 16 17 17 19 22 23 24 24 25 26 27 28 28 29 30 32 39 40 40 40 41 41 47 0 0 100 113 118 123 127 162 181 195 215 258 281 284 363 393 413 443 471 496 584 601 606 620 631 670 700 732 747 782 812 851 861 863 888 968 979
27.0220588235 48.6425339367 37 0 1 1 1 3 4 4 6 7 8 8 8 10 14 15 16 21 24 25 25 26 28 28 31 32 33 38 42 42 43 44 45 45 47 48 48 48 0 160 163 194 200 216 330 357 367 377 377 389 397 403 417 432 451 462 466 467 479 505 525 596 624 639 641 687 692 712 738 800 892 957 982 988 994
44.3014705882 27.6018099548 37 0 1 2 2 2 3 3 4 4 5 6 10 12 12 15 16 17 18 19 20 27 30 30 31 32 33 35 37 37 37 39 42 42 42 44 44 49 0 0 166 170 180 187 245 318 330 345 359 389 392 403 419 422 422 458 489 514 557 575 599 619 634 647 672 700 773 777 808 809 869 870 914 927 982
27.7573529412 75.5656108597 37 0 1 2 2 4 5 5 5 8 9 10 11 11 12 12 13 15 16 18 18 23 23 23 28 28 32 33 34 34 37 38 41 42 45 45 46 48 0 169 186 199 220 235 244 289 307 320 329 357 378 448 450 459 469 502 513 524 554 609 661 664 688 702 738 742 767 780 791 795 835 838 925 972 995
76.2867647059 49.0950226244 37 0 0 1 2 3 3 4 4 7 8 9 10 11 11 12 14 15 23 23 23 24 25 25 27 29 31 32 33 35 37 38 39 41 43 45 46 46 0 112 152 191 196 201 265 336 344 394 398 407 413 433 434 456 487 514 518 549 579 619 633 651 669 701 714 727 748 753 774 819 841 871 874 925 987
41.1764705882 79.6380090498 37 0 1 6 8 8 9 9 11 14 14 14 15 16 16 17 17 18 19 20 23 24 25 26 26 26 28 29 30 31 31 34 40 40 44 45 49 49 0 112 144 146 169 173 297 309 315 318 333 360 397 417 446 464 471 538 547 611 626 636 646 665 687 704 704 709 764 768 774 780 836 901 908 934 986
30.6985294118 83.257918552 37 0 1 1 2 3 3 3 4 5 9 11 13 13 13 13 15 15 19 19 24 25 25 29 30 30 31 34 36 40 41 43 45 45 46 46 48 49 0 110 265 280 286 286 332 365 395 405 410 424 428 451 478 479 485 495 506 513 526 566 584 609 623 644 705 714 726 807 863 921 947 953 956 970 998
44.6691176471 53.6199095023 37 0 0 1 2 3 3 5 6 8 12 13 13 14 16 16 17 18 22 22 22 24 25 27 27 29 29 32 32 33 35 35 39 40 41 42 47 49 0 104 150 153 181 204 237 246 251 269 289 335 344 401 471 487 488 497 512 564 591 616 625 697 753 779 807 807 860 898 904 926 936 940 952 955 987
100.0 42.9864253394 37 0 2 3 5 5 6 8 9 9 10 11 12 13 14 14 16 18 19 19 20 21 23 24 24 33 34 37 39 41 42 43 44 44 46 47 48 49 0 106 117 145 170 196 237 272 286 297 378 388 389 390 434 457 469 480 528 582 626 659 677 680 680 701 720 745 753 792 805 814 822 833 887 908 995
28.3088235294 46.3800904977 37 0 0 3 3 4 11 12 13 14 14 16 17 19 22 22 22 24 24 26 26 27 28 31 31 34 34 36 36 38 41 43 43 45 46 47 48 48 0 100 117 133 135 140 166 198 315 318 337 340 355 362 390 414 427 460 467 476 477 493 517 529 533 637 677 698 806 837 848 860 869 890 956 966 980
42.2794117647 77.3755656109 37 0 0 1 3 4 5 5 6 6 7 7 8 16 17 19 19 19 20 22 22 22 23 25 27 28 30 30 32 34 34 35 39 40 43 43 44 46 0 0 100 114 161 187 201 259 290 305 374 381 432 464 495 514 516 533 539 622 676 679 722 727 758 805 808 816 839 881 887 887 914 923 969 970 993
58.0882352941 52.2624434389 37 0 0 3 3 4 5 8 10 11 15 16 17 20 20 21 21 24 27 27 29 29 29 33 33 34 35 37 39 40 41 43 45 46 46 47 47 49 0 113 160 221 263 266 266 295 297 330 335 358 370 407 424 425 495 570 571 611 612 634 636 697 708 714 741 753 782 844 861 863 890 914 918 992 994
43.9338235294 80.3167420814 37 0 1 6 6 10 12 15 17 18 19 19 21 21 22 23 25 26 30 30 30 30 30 33 35 35 36 37 37 38 40 41 42 42 43 46 47 49 0 107 173 213 241 366 374 378 390 428 441 452 487 495 510 514 535 554 602 639 651 654 667 679 687 745 746 749 777 806 829 836 853 871 911 918 968
60.8455882353 69.0045248869 37 0 0 1 2 2 5 6 9 10 11 12 12 13 13 15 18 21 23 24 24 25 26 28 31 31 36 37 39 39 40 40 41 43 43 44 46 48 0 0 101 112 145 156 195 202 203 262 289 292 293 333 338 345 411 437 453 534 610 614 619 658 698 710 764 788 792 902 902 907 937 956 981 991 994
40.0735294118 35.9728506787 37 0 2 3 5 7 8 8 9 11 13 13 15 16 17 17 17 17 19 19 21 21 22 24 24 25 27 28 30 30 34 38 38 43 44 48 49 49 0 120 162 172 253 281 320 320 323 324 384 399 402 471 475 558 571 581 583 605 630 669 674 742 744 746 779 783 789 837 868 873 934 935 944 959 978
33.6397058824 70.3619909502 37 0 3 4 5 5 5 5 6 10 11 12 14 15 20 21 21 23 25 26 27 28 29 31 34 34 36 36 37 37 39 40 43 43 45 45 46 49 0 123 132 136 145 178 248 268 269 292 301 351 356 422 444 471 473 475 479 484 495 523 553 558 588 601 613 666 680 759 784 845 875 904 912 983 998
63.7867647059 61.9909502262 37 0 1 2 4 5 5 5 6 8 9 9 11 12 13 13 14 16 18 18 19 19 20 22 26 26 29 33 33 35 36 39 40 42 45 45 47 49 0 165 230 231 249 324 325 375 394 470 503 511 536 556 558 584 592 614 645 647 668 694 697 700 706 710 752 777 805 865 866 883 886 890 910 938 978
27.2058823529 51.5837104072 37 0 2 2 2 6 9 11 14 15 15 19 25 26 26 26 27 28 28 31 31 31 33 33 33 34 35 35 35 36 37 37 38 40 43 44 46 47 0 139 147 152 202 244 269 271 294 326 370 395 395 424 484 518 540 546 571 578 626 648 699 731 757 768 775 786 799 809 857 877 885 885 899 933 980
45.0367647059 40.0452488688 37 0 5 5 6 7 8 8 10 13 15 15 16 16 16 17 18 18 19 21 22 24 25 26 26 28 34 36 37 38 39 40 42 42 42 44 47 48 0 111 146 182 213 220 230 231 246 267 273 288 289 322 401 418 496 501 532 539 569 607 673 675 715 723 740 760 788 792 844 853 853 900 906 919 975
41.3602941176 56.334841629 37 0 2 3 4 4 8 10 13 13 14 14 17 17 19 20 20 22 22 24 26 27 29 29 30 32 33 34 34 35 41 41 43 43 47 47 48 49 0 0 111 132 141 168 169 244 327 334 348 352 397 400 447 453 511 513 513 520 632 636 641 671 702 738 760 763 763 802 858 868 905 919 940 950 986
217
73.487544484 53.0769230769 8
90.3914590747 88.0769230769 3
65.3024911032 50.0 9
76.8683274021 44.2307692308 2
51.6014234875 55.7692307692 5
18.8612099644 40.3846153846 5
26.1565836299 49.6153846154 9
52.3131672598 28.6538461538 2
28.1138790036 37.6923076923 1
33.4519572954 68.0769230769 3
40.2135231317 45.0 2
60.3202846975 53.8461538462 4
57.2953736655 34.0384615385 4
56.4056939502 51.7307692308 8
44.128113879 76.9230769231 7
73.1316725979 50.0 1
53.024911032 44.2307692308 3
73.8434163701 31.7307692308 9
60.4982206406 51.1538461538 4
72.9537366548 11.1538461538 2
79.359430605 56.7307692308 4
59.0747330961 45.3846153846 9
73.487544484 33.4615384615 6
62.6334519573 35.7692307692 3
65.4804270463 69.4230769231 7
61.0320284698 26.9230769231 8
46.4412811388 53.2692307692 3
46.2633451957 81.9230769231 9
59.6085409253 49.6153846154 8
76.512455516 21.9230769231 7
68.1494661922 61.3461538462 9
57.8291814947 78.4615384615 3
59.4306049822 64.6153846154 5
65.3024911032 77.6923076923 2
68.1494661922 47.8846153846 7
80.0711743772 16.9230769231 4
50.0 55.9615384615 2
75.2669039146 75.3846153846 7
0.0 100.0 9
53.5587188612 68.4615384615 5
52.3131672598 39.4230769231 1
70.2846975089 52.1153846154 9
72.7758007117 71.5384615385 4
51.9572953737 81.1538461538 2
70.9964412811 11.9230769231 5
53.2028469751 61.1538461538 5
51.7793594306 58.8461538462 3
98.5765124555 48.8461538462 8
72.0640569395 47.5 7
27.4021352313 48.8461538462 9
46.6192170819 56.5384615385 7
36.4768683274 63.8461538462 4
40.0355871886 63.8461538462 1
69.3950177936 36.1538461538 1
27.7580071174 51.9230769231 4
38.7900355872 62.3076923077 6
64.4128113879 82.8846153846 8
43.5943060498 61.5384615385 5
43.7722419929 70.3846153846 8
72.5978647687 68.8461538462 6
34.1637010676 41.9230769231 4
43.4163701068 69.6153846154 6
57.2953736655 53.0769230769 2
88.6120996441 40.5769230769 4
41.4590747331 55.3846153846 7
71.8861209964 35.9615384615 7
67.4377224199 29.4230769231 2
52.846975089 19.6153846154 1
67.2597864769 41.9230769231 5
72.9537366548 58.0769230769 1
64.0569395018 50.9615384615 1
52.6690391459 83.4615384615 2
33.8078291815 42.8846153846 8
82.384341637 30.3846153846 9
59.2526690391 62.1153846154 3
62.9893238434 33.8461538462 1
64.0569395018 84.2307692308 3
51.7793594306 52.8846153846 9
23.487544484 56.7307692308 4
47.153024911 72.8846153846 6
53.024911032 69.2307692308 8
67.0818505338 36.9230769231 2
51.6014234875 42.3076923077 6
77.5800711744 56.3461538462 8
54.9822064057 39.8076923077 2
66.3701067616 76.1538461538 3
38.9679715302 51.7307692308 9
49.2882562278 39.4230769231 5
40.7473309609 61.7307692308 5
84.6975088968 41.5384615385 1
36.8327402135 65.0 9
50.8896797153 77.1153846154 8
28.2918149466 66.1538461538 5
93.2384341637 60.3846153846 4
30.2491103203 50.1923076923 7
62.9893238434 50.0 5
61.743772242 70.5769230769 8
65.1245551601 48.8461538462 8
79.8932384342 56.1538461538 1
51.4234875445 20.9615384615 7
67.0818505338 10.0 4
83.9857651246 40.3846153846 4
42.8825622776 75.7692307692 3
37.5444839858 25.9615384615 9
53.9145907473 69.6153846154 6
47.8647686833 72.3076923077 3
69.2170818505 37.5 6
57.6512455516 36.5384615385 6
39.3238434164 48.0769230769 5
44.8398576512 48.6538461538 2
53.024911032 56.9230769231 5
24.5551601423 62.8846153846 8
42.1708185053 80.1923076923 3
55.5160142349 49.6153846154 5
57.1174377224 71.9230769231 6
58.1850533808 41.3461538462 8
54.4483985765 45.3846153846 3
80.9608540925 59.4230769231 5
69.2170818505 58.0769230769 9
77.5800711744 48.0769230769 8
76.512455516 62.5 2
73.1316725979 54.8076923077 3
48.2206405694 62.5 1
60.3202846975 40.5769230769 2
35.231316726 58.6538461538 5
62.6334519573 46.9230769231 2
75.9786476868 29.0384615385 5
84.6975088968 39.8076923077 7
27.0462633452 81.3461538462 7
19.0391459075 50.3846153846 9
77.7580071174 51.7307692308 7
32.7402135231 50.1923076923 1
49.4661921708 46.9230769231 1
43.9501779359 60.0 1
44.128113879 23.4615384615 7
74.0213523132 67.1153846154 1
42.5266903915 44.8076923077 7
64.9466192171 77.8846153846 2
47.6868327402 40.9615384615 7
68.8612099644 40.3846153846 2
53.9145907473 52.8846153846 7
44.8398576512 14.0384615385 9
77.7580071174 32.1153846154 3
58.71886121 30.3846153846 6
62.9893238434 48.0769230769 6
76.8683274021 42.6923076923 9
61.9217081851 62.3076923077 7
27.9359430605 6.15384615385 6
54.9822064057 35.1923076923 7
25.9786476868 65.3846153846 8
31.8505338078 40.5769230769 4
64.768683274 28.6538461538 9
60.1423487544 22.5 6
36.8327402135 59.2307692308 4
38.0782918149 87.6923076923 4
46.975088968 69.4230769231 9
34.3416370107 72.8846153846 3
67.0818505338 90.3846153846 6
65.6583629893 26.9230769231 9
17.2597864769 56.3461538462 7
41.9928825623 73.2692307692 9
21.1743772242 51.5384615385 4
79.1814946619 73.8461538462 1
32.206405694 53.6538461538 1
44.4839857651 24.2307692308 6
27.7580071174 38.8461538462 8
58.71886121 59.6153846154 9
72.7758007117 43.4615384615 3
62.9893238434 57.1153846154 7
29.7153024911 67.5 2
27.0462633452 38.0769230769 3
84.3416370107 68.4615384615 8
59.7864768683 22.1153846154 2
67.9715302491 80.0 9
67.0818505338 0.0 8
47.6868327402 80.0 4
52.1352313167 68.8461538462 3
31.4946619217 20.7692307692 2
80.0711743772 41.9230769231 2
100.0 44.0384615385 6
49.2882562278 49.2307692308 1
86.8327402135 43.0769230769 8
58.5409252669 32.3076923077 9
68.1494661922 14.2307692308 4
45.0177935943 90.7692307692 6
52.4911032028 35.9615384615 2
41.4590747331 50.7692307692 5
37.5444839858 20.7692307692 2
41.4590747331 22.3076923077 8
56.5836298932 53.6538461538 4
41.6370106762 38.0769230769 5
50.3558718861 83.6538461538 2
83.8078291815 57.6923076923 5
39.1459074733 52.3076923077 5
65.4804270463 51.3461538462 8
31.1387900356 56.9230769231 7
11.9217081851 9.03846153846 8
64.9466192171 53.2692307692 3
61.0320284698 64.4230769231 9
51.9572953737 63.6538461538 4
50.0 52.1153846154 3
43.7722419929 44.2307692308 2
62.2775800712 70.0 7
31.8505338078 56.1538461538 8
44.3060498221 44.6153846154 9
77.4021352313 57.1153846154 4
62.8113879004 60.9615384615 8
48.7544483986 98.4615384615 6
17.2597864769 47.1153846154 7
38.7900355872 26.7307692308 6
40.2135231317 45.1923076923 7
46.975088968 61.5384615385 7
84.8754448399 37.6923076923 9
78.1138790036 85.3846153846 4
58.1850533808 64.0384615385 9
36.6548042705 70.3846153846 2
19.5729537367 50.0 5
