262
41.9080068143 37.8424657534 21 0 2 3 6 9 13 15 19 24 32 33 33 36 39 41 42 44 46 47 47 49 0 0 152 159 246 284 318 331 351 359 428 466 472 481 601 736 760 785 856 865 893
72.9131175468 57.3630136986 21 0 1 1 8 12 16 22 25 25 28 31 32 32 33 36 36 39 41 46 46 47 0 140 159 307 338 339 355 367 408 486 512 555 562 703 726 734 769 780 797 856 938
29.471890971 76.198630137 21 0 0 3 7 11 13 13 15 21 23 24 25 27 32 34 34 36 36 38 47 49 0 0 102 181 200 205 242 314 328 391 454 512 535 573 605 619 730 783 899 906 941
18.398637138 58.7328767123 21 0 0 1 3 7 8 8 14 14 18 18 19 20 24 30 32 33 41 42 43 46 0 130 168 292 331 407 481 528 541 545 723 754 769 770 777 783 835 900 939 963 964
62.8620102215 60.6164383562 21 0 0 0 2 4 5 8 9 20 21 22 24 24 26 26 30 33 37 38 44 47 0 122 124 152 156 159 163 176 293 318 326 335 664 665 697 726 739 800 887 904 940
41.9080068143 70.0342465753 21 0 0 1 1 4 7 8 9 15 15 22 25 27 28 30 38 39 40 43 44 46 0 154 191 205 342 384 502 534 580 581 617 627 666 694 724 732 760 784 814 850 898
43.1005110733 6.50684931507 21 0 2 4 6 8 12 13 14 15 16 17 26 26 29 29 30 31 34 41 44 49 0 151 188 209 228 277 278 354 385 425 466 769 811 846 860 860 879 915 947 969 988
45.8262350937 27.2260273973 21 0 0 2 5 12 14 14 16 22 23 24 25 26 30 32 33 33 37 39 43 46 0 100 148 228 309 312 347 369 403 411 436 539 593 643 665 686 717 914 931 948 969
35.2640545145 29.7945205479 21 0 0 4 6 7 7 20 29 31 33 33 34 36 36 37 38 40 40 40 46 49 0 100 118 172 221 225 356 466 475 509 555 602 625 659 742 773 778 800 814 821 857
42.5894378194 78.595890411 21 0 0 1 2 2 4 6 6 8 19 22 24 25 25 30 31 40 41 42 42 48 0 0 171 201 239 300 368 381 385 451 453 491 631 693 699 735 745 812 826 872 910
69.6763202726 72.7739726027 21 0 3 9 10 12 13 15 17 20 20 24 29 31 34 35 40 40 43 44 49 49 0 114 158 188 197 252 304 322 328 372 444 462 520 530 599 629 727 776 779 842 844
61.8398637138 59.2465753425 21 0 1 2 3 6 8 9 10 11 14 16 17 19 20 22 25 30 31 32 32 47 0 0 272 273 303 336 520 543 556 602 614 725 727 779 834 838 898 899 936 952 954
20.6132879046 45.7191780822 21 0 1 5 13 14 14 17 19 21 29 31 33 33 33 33 40 43 44 44 45 49 0 0 132 260 265 279 280 337 350 359 437 454 471 498 499 662 699 731 750 937 978
58.6030664395 79.2808219178 21 0 2 3 4 6 8 8 17 22 25 25 26 27 30 30 32 32 34 37 39 41 0 109 134 142 253 279 384 463 468 525 628 663 680 745 746 775 828 849 893 897 913
57.2402044293 53.9383561644 21 0 5 5 6 7 11 22 22 26 28 30 31 33 36 36 37 41 45 45 46 49 0 112 137 142 203 221 235 323 447 563 608 610 621 635 648 764 782 782 827 901 976
53.1516183986 77.2260273973 21 0 0 1 1 3 10 13 13 14 17 23 23 28 32 33 33 33 37 40 47 48 0 0 160 161 241 258 375 395 441 524 582 602 675 693 717 762 788 837 946 987 996
81.9420783646 56.1643835616 21 0 0 0 2 2 5 12 12 12 14 14 16 19 22 22 25 31 34 34 42 42 0 206 207 235 302 398 423 426 445 455 576 646 656 665 751 759 771 821 838 904 939
38.8415672913 70.3767123288 21 0 3 4 4 6 8 8 14 16 20 20 21 26 30 33 36 39 42 42 43 44 0 0 111 175 185 203 205 228 283 448 476 546 632 712 722 797 825 888 921 926 981
22.9982964225 37.1575342466 21 0 0 2 11 12 12 20 20 21 22 26 35 38 39 39 40 40 43 43 45 45 0 170 237 281 379 402 404 437 568 619 622 626 637 666 668 732 755 775 807 965 971
26.5758091993 53.0821917808 21 0 0 5 8 9 9 9 13 19 20 24 25 26 27 31 31 33 36 40 45 49 0 111 155 160 292 321 362 475 502 603 643 689 719 779 793 805 820 822 880 953 975
51.2776831346 58.904109589 21 0 2 3 8 8 14 14 15 16 23 26 28 29 34 37 37 38 38 43 43 49 0 106 173 176 192 212 250 259 361 449 516 532 673 697 850 875 891 904 914 937 945
61.1584327087 65.7534246575 21 0 0 2 2 4 7 7 10 21 29 29 30 31 34 34 39 40 41 41 42 44 0 133 185 193 351 360 387 455 537 587 631 649 663 670 677 734 736 854 868 874 900
54.3441226576 56.3356164384 21 0 0 2 8 11 13 13 15 20 22 26 28 29 30 32 32 38 39 43 48 49 0 123 175 194 339 417 450 477 492 500 529 544 625 662 735 766 852 929 949 989 994
64.9063032368 41.7808219178 21 0 0 3 4 13 14 15 16 21 23 26 28 30 31 32 33 33 35 42 47 48 0 0 106 193 204 272 282 346 391 467 471 580 599 718 805 810 866 883 927 969 980
66.4395229983 35.9589041096 21 0 0 1 7 8 13 13 13 15 19 22 24 28 33 33 37 38 39 43 45 46 0 158 163 214 237 259 261 349 395 396 425 437 453 507 542 543 645 664 770 830 950
60.9880749574 66.6095890411 21 0 0 0 1 1 5 8 8 10 10 13 16 18 18 20 25 40 44 45 48 48 0 210 300 302 321 329 460 460 509 515 545 678 691 733 785 888 945 964 981 991 994
37.8194207836 67.1232876712 21 0 3 7 8 10 12 14 14 15 20 20 21 21 26 27 29 30 32 38 44 49 0 109 163 167 190 234 260 268 310 342 392 397 482 533 569 621 678 786 888 908 975
63.3730834753 59.9315068493 21 0 5 13 14 17 17 18 19 34 34 36 37 38 41 42 43 46 47 47 48 49 0 118 119 137 150 179 241 259 294 422 432 677 699 731 765 903 932 946 950 988 992
32.0272572402 58.904109589 21 0 0 1 7 11 12 14 15 17 23 26 28 33 33 37 40 43 44 45 46 47 0 0 147 153 223 239 266 280 294 301 391 444 602 653 773 803 807 860 878 887 923
32.0272572402 73.801369863 21 0 0 3 9 12 13 16 17 24 27 29 33 35 41 42 44 46 47 47 47 49 0 167 172 200 215 276 313 339 401 444 567 593 613 624 721 736 758 795 804 942 974
54.6848381601 44.1780821918 21 0 1 1 6 7 11 11 13 13 14 19 23 25 28 28 31 35 41 41 44 45 0 0 263 275 315 317 534 556 618 648 656 704 790 837 850 863 900 926 936 952 960
63.3730834753 29.7945205479 21 0 0 2 2 6 15 18 20 23 26 27 29 32 36 36 38 42 45 46 46 46 0 114 127 208 233 284 318 324 355 414 464 465 470 499 552 606 608 712 725 900 928
38.5008517888 35.2739726027 21 0 2 3 8 9 13 14 17 21 22 27 29 30 33 34 35 39 40 45 46 47 0 124 171 251 289 291 366 376 393 453 542 553 567 741 777 804 826 859 866 905 945
27.0868824532 41.9520547945 21 0 4 8 10 13 17 26 27 27 27 30 31 33 33 37 37 38 39 44 44 46 0 192 251 285 375 466 499 515 524 543 574 604 613 735 737 783 842 886 935 944 973
81.4310051107 47.9452054795 21 0 2 3 3 14 14 16 17 24 30 34 34 35 35 35 41 42 42 42 43 44 0 165 217 239 318 348 491 496 587 641 698 714 755 793 803 825 868 888 889 898 936
79.727427598 54.2808219178 21 0 5 6 8 9 18 19 23 27 29 33 34 34 34 40 41 42 47 47 47 48 0 111 173 192 200 208 273 307 335 402 403 405 442 468 572 573 772 797 910 959 973
40.5451448041 37.1575342466 21 0 2 4 6 6 6 9 12 13 13 15 16 19 24 28 34 35 36 36 42 42 0 111 124 190 217 230 336 345 529 571 575 609 637 715 732 784 801 814 856 876 880
46.3373083475 47.602739726 21 0 0 2 4 9 13 14 19 19 21 22 25 26 27 29 38 42 42 44 46 47 0 196 392 424 459 526 624 678 798 816 821 836 855 862 864 873 874 933 965 971 981
67.2913117547 27.2260273973 21 0 0 2 3 7 15 15 17 19 22 26 30 31 32 35 38 38 43 45 45 48 0 103 105 194 245 344 378 435 461 559 613 629 657 658 770 809 855 886 904 984 993
57.9216354344 48.801369863 21 0 6 9 10 14 15 18 21 22 25 33 34 36 37 39 40 41 43 44 46 48 0 130 171 206 208 209 226 282 304 583 645 690 708 735 744 765 851 896 916 932 945
48.7223168654 71.5753424658 21 0 3 7 10 11 18 18 20 21 25 28 34 34 35 36 37 43 45 45 46 49 0 172 275 368 402 408 416 416 462 467 558 563 664 721 812 850 863 893 983 988 989
67.461669506 43.8356164384 21 0 1 1 4 8 8 10 11 14 20 22 25 28 30 31 32 33 40 42 47 48 0 103 130 137 144 165 218 239 354 409 417 421 550 592 592 636 698 780 827 854 906
17.8875638842 39.5547945205 21 0 3 3 4 6 9 11 12 12 13 15 20 23 24 26 28 35 42 42 44 49 0 206 251 280 327 492 561 586 606 635 639 671 697 717 852 886 898 925 928 946 962
26.5758091993 62.1575342466 21 0 2 4 6 7 7 10 11 16 17 18 21 22 27 27 32 36 36 37 39 45 0 0 116 131 153 215 231 324 467 468 530 543 555 561 631 742 824 906 945 976 990
74.4463373083 63.8698630137 21 0 3 6 7 8 10 11 15 15 20 29 36 38 38 39 39 41 45 47 47 48 0 0 205 254 298 411 450 474 496 513 533 563 617 631 698 719 747 844 877 930 956
79.5570698467 69.3493150685 21 0 0 6 7 8 10 15 16 22 22 22 25 35 38 39 40 41 43 45 45 46 0 0 104 194 238 341 496 555 666 700 740 741 745 750 821 867 888 897 906 930 958
79.5570698467 75.8561643836 21 0 0 2 4 6 8 9 9 11 28 28 31 32 32 34 37 38 44 44 46 48 0 0 130 160 165 171 182 251 271 320 423 472 541 550 590 635 656 687 737 847 892
17.0357751278 77.5684931507 21 0 0 5 6 9 13 13 18 19 19 20 24 26 26 29 31 33 37 44 48 49 0 0 134 380 528 545 546 559 564 594 654 681 695 697 712 718 730 784 898 953 998
55.195911414 46.404109589 21 0 0 1 1 6 7 9 12 14 17 17 20 23 23 24 29 32 32 33 45 49 0 0 170 221 246 321 365 430 439 447 452 462 527 657 746 750 767 771 885 920 951
32.538330494 51.8835616438 21 0 0 3 4 10 13 20 24 24 35 35 39 39 40 42 43 43 45 45 46 49 0 0 151 170 203 298 351 423 459 470 470 585 653 656 675 711 716 757 785 935 935
25.8943781942 53.9383561644 21 0 0 2 3 6 9 17 19 20 22 22 25 29 29 36 36 37 38 46 48 49 0 142 149 244 266 366 382 436 533 534 548 563 617 705 755 771 777 793 801 853 936
40.7155025554 77.2260273973 21 0 9 13 14 17 18 18 23 27 32 32 38 41 41 44 46 47 47 48 48 49 0 0 131 168 191 260 333 380 412 448 581 587 602 608 660 701 862 884 947 975 995
82.9642248722 46.2328767123 21 0 3 3 10 11 13 15 19 19 19 24 25 26 28 33 34 39 41 47 48 49 0 175 176 197 277 392 446 448 462 495 536 636 655 675 748 860 885 915 924 967 968
9.54003407155 55.6506849315 21 0 1 4 10 12 14 15 19 22 25 29 30 33 33 40 41 41 42 44 44 47 0 103 119 212 306 309 357 455 469 479 491 493 515 564 657 679 726 766 868 924 943
57.4105621806 60.6164383562 21 0 0 2 4 6 6 8 8 12 15 15 16 16 32 32 35 38 39 40 40 43 0 104 143 267 356 364 427 493 519 554 600 639 692 742 789 810 816 822 874 887 966
44.1226575809 66.2671232877 21 0 5 9 9 10 11 15 15 16 18 20 24 24 33 35 39 41 42 43 47 48 0 159 232 269 279 294 324 443 465 547 550 567 592 685 700 843 849 855 949 958 983
23.8500851789 42.2945205479 21 0 2 6 6 7 10 10 12 14 23 25 28 29 31 31 32 33 39 41 42 44 0 0 123 179 198 255 300 381 426 479 527 538 572 579 748 862 864 880 891 988 991
36.1158432709 47.4315068493 21 0 0 0 6 13 15 15 17 17 21 23 24 26 28 29 31 33 34 42 42 47 0 0 153 175 213 334 351 479 494 498 597 646 746 747 769 859 879 885 936 980 988
73.4241908007 29.1095890411 21 0 0 3 4 8 8 10 11 16 20 26 32 33 35 37 40 40 41 41 46 47 0 101 120 276 327 336 358 405 429 500 506 521 540 558 596 721 732 738 803 808 911
59.1141396934 44.0068493151 21 0 3 3 9 17 18 19 22 24 24 26 36 38 38 39 43 43 48 48 49 49 0 117 245 277 358 384 454 481 483 572 578 638 642 706 833 854 861 875 890 983 985
67.461669506 51.8835616438 21 0 8 8 8 10 10 12 12 15 20 21 24 24 26 28 33 35 35 39 41 45 0 282 285 301 325 365 391 443 459 479 486 506 548 591 623 632 670 679 812 855 919
34.4122657581 60.6164383562 21 0 0 4 5 10 14 15 16 17 20 21 23 26 27 34 38 41 45 45 46 46 0 147 148 244 260 289 297 367 390 396 422 466 525 622 687 714 792 917 928 931 993
42.7597955707 100.0 21 0 0 8 10 10 10 12 18 21 21 27 27 28 32 36 36 44 46 46 47 49 0 110 130 166 178 285 311 318 321 372 429 451 472 545 615 660 736 737 797 840 882
69.8466780239 35.2739726027 21 0 1 2 4 4 12 17 17 19 21 22 32 38 39 40 43 44 45 46 47 48 0 138 255 271 400 416 422 493 533 537 538 717 750 768 805 853 873 884 905 917 936
57.5809199319 59.7602739726 21 0 1 13 17 20 22 23 26 26 29 32 32 35 35 36 42 43 45 45 46 48 0 0 136 145 163 178 236 275 419 428 457 514 523 538 681 710 753 832 891 895 945
58.7734241908 52.2260273973 21 0 0 12 15 17 20 24 24 25 25 26 27 27 31 32 32 32 36 43 44 49 0 127 139 178 205 235 238 287 325 350 364 464 470 545 548 648 718 767 831 891 915
60.4770017036 0.0 21 0 0 3 9 10 11 12 14 18 23 24 24 26 26 26 28 30 34 45 45 48 0 115 215 298 324 354 358 372 428 515 516 517 569 577 602 733 769 851 859 915 926
60.6473594549 54.9657534247 21 0 3 6 11 12 12 13 13 14 18 20 23 30 31 38 39 39 40 43 46 48 0 132 337 383 412 445 446 451 543 582 605 626 657 730 743 747 760 776 846 859 913
33.2197614991 53.595890411 21 0 2 3 4 6 9 9 9 12 15 16 16 21 24 26 32 32 32 38 38 39 0 114 134 150 221 359 445 477 500 529 580 597 678 751 753 786 858 924 970 976 992
81.0902896082 36.4726027397 21 0 0 4 5 11 11 12 14 26 27 27 28 31 32 32 32 33 36 36 39 40 0 111 118 125 404 481 491 564 591 592 667 704 785 832 850 861 884 938 944 957 993
61.1584327087 57.5342465753 21 0 1 3 7 8 11 19 21 21 24 25 28 31 32 35 35 38 39 41 43 49 0 131 159 184 208 268 299 315 342 352 416 637 694 713 725 738 751 766 774 854 988
65.0766609881 60.9589041096 21 0 2 3 4 5 6 7 10 11 11 13 14 16 17 20 29 34 36 39 43 45 0 0 319 374 384 472 487 508 528 554 709 763 805 811 812 825 875 889 966 972 976
48.8926746167 46.5753424658 21 0 0 1 12 15 20 20 22 25 25 30 34 35 35 41 46 47 47 47 48 49 0 187 353 404 453 497 543 679 720 820 847 851 862 867 906 908 931 954 954 957 985
17.3764906303 68.8356164384 21 0 3 3 4 8 8 9 16 16 18 22 22 26 35 37 39 43 43 44 45 47 0 129 165 229 250 256 279 293 421 423 461 482 509 577 622 640 654 835 857 874 987
42.0783645656 25.5136986301 21 0 0 5 6 6 13 15 16 20 21 21 24 26 27 33 36 36 39 43 43 46 0 0 197 218 254 297 383 387 409 411 467 514 529 538 546 655 682 698 769 788 827
44.4633730835 47.2602739726 21 0 1 2 4 5 7 11 17 23 24 25 26 28 29 29 34 44 45 46 47 47 0 0 124 171 306 317 359 386 538 586 599 684 700 735 777 779 797 804 869 895 989
54.6848381601 6.84931506849 21 0 0 1 2 4 4 8 15 21 23 25 28 30 31 37 38 44 45 45 47 49 0 180 215 224 250 260 325 346 360 417 502 524 551 624 647 698 767 817 819 837 953
16.0136286201 28.2534246575 21 0 0 1 1 3 6 12 12 19 20 22 24 27 34 34 35 35 40 41 42 47 0 178 191 193 208 251 260 273 300 343 411 491 491 507 676 680 761 914 934 950 952
41.737649063 45.3767123288 21 0 0 2 4 6 6 9 10 14 19 23 25 30 31 32 34 45 45 47 47 48 0 265 288 298 299 323 331 362 447 482 523 556 559 709 804 831 846 862 877 936 961
47.5298126065 41.095890411 21 0 1 1 2 3 11 12 14 15 18 21 28 29 31 31 40 44 45 46 47 48 0 167 186 222 233 321 340 459 461 466 511 531 537 567 590 685 747 773 862 867 932
42.0783645656 33.3904109589 21 0 1 2 4 4 9 9 12 12 20 20 23 25 30 32 33 34 35 36 42 44 0 0 120 136 194 264 265 265 279 396 427 623 643 651 655 722 751 814 922 944 983
62.6916524702 53.595890411 21 0 3 13 17 18 18 21 24 26 26 26 33 34 36 36 37 38 40 43 46 48 0 0 131 148 187 264 269 457 474 576 627 628 669 707 855 866 900 912 918 923 973
47.3594548552 43.6643835616 21 0 0 4 11 11 12 14 16 16 17 17 18 22 27 28 30 31 33 39 41 45 0 132 156 243 311 331 336 344 358 366 368 541 550 551 650 725 753 760 801 940 951
80.4088586031 41.095890411 21 0 2 5 9 14 15 15 17 18 18 19 22 26 32 33 34 36 38 40 42 45 0 122 127 155 227 258 409 460 478 513 537 659 663 677 760 768 831 856 873 984 987
44.2930153322 48.801369863 21 0 4 4 9 11 16 20 21 24 27 28 30 32 35 35 36 39 40 43 46 48 0 112 221 225 225 254 258 277 316 332 498 544 552 582 606 645 755 816 822 939 965
68.6541737649 40.4109589041 21 0 3 4 6 7 8 10 11 12 14 14 24 27 28 28 30 38 39 39 44 47 0 0 204 342 401 522 604 628 672 696 721 758 780 801 823 862 904 958 960 976 990
71.0391822828 50.0 21 0 10 13 14 18 20 20 20 21 26 26 29 34 34 34 37 40 41 45 45 49 0 163 256 314 354 393 472 564 623 648 659 670 692 717 741 769 801 852 882 895 913
35.7751277683 35.2739726027 21 0 1 12 13 15 17 22 23 28 28 29 31 31 33 34 39 39 40 45 46 46 0 161 248 249 291 294 347 359 365 395 474 484 484 564 610 615 696 729 774 846 848
40.8858603066 66.095890411 21 0 9 10 10 13 19 24 25 25 26 28 30 32 34 36 39 40 41 42 47 47 0 0 145 166 174 194 308 343 361 394 542 553 703 743 751 753 780 796 837 880 883
21.465076661 67.8082191781 21 0 5 6 8 11 12 12 15 15 16 19 21 28 29 32 33 33 33 38 47 47 0 154 175 232 269 402 403 496 509 510 566 608 616 698 702 716 721 779 856 975 984
61.32879046 60.6164383562 21 0 6 9 9 10 15 15 19 21 21 22 27 31 31 33 38 38 41 43 48 48 0 123 140 169 181 316 431 438 438 535 552 585 585 589 737 750 755 856 875 913 920
45.1448040886 54.9657534247 21 0 1 3 10 10 16 17 20 23 25 26 26 27 30 33 34 34 35 36 38 43 0 0 103 107 108 205 220 267 362 370 432 442 511 544 696 742 751 818 842 881 899
89.2674616695 55.8219178082 21 0 6 6 8 10 11 13 17 18 19 21 26 27 28 31 31 37 38 39 41 47 0 177 189 218 251 282 311 311 323 354 389 437 560 568 603 625 631 727 776 828 871
70.6984667802 23.4589041096 21 0 2 3 4 4 4 5 18 22 24 24 26 32 32 35 40 41 44 46 47 47 0 122 212 227 240 250 284 358 449 486 520 559 583 589 653 722 737 858 883 912 914
38.67120954 83.904109589 21 0 0 1 2 2 4 5 6 6 13 16 18 19 22 22 29 31 32 36 40 42 0 126 151 189 204 344 420 427 433 450 494 584 612 628 651 680 705 826 918 964 987
56.7291311755 51.5410958904 21 0 11 14 15 18 20 23 24 25 27 28 28 30 34 35 37 37 43 45 47 47 0 194 214 233 297 308 313 384 394 425 433 602 610 670 702 749 850 853 882 958 962
74.4463373083 50.1712328767 21 0 0 0 4 7 8 13 14 15 16 23 25 25 26 27 27 28 28 35 38 39 0 183 264 285 329 466 496 519 615 622 633 634 660 668 669 672 699 712 759 824 858
40.5451448041 35.7876712329 21 0 0 5 6 10 12 13 14 16 18 21 28 28 33 37 38 40 40 43 44 47 0 0 241 247 274 281 455 463 480 487 621 642 663 672 734 746 760 812 903 972 986
46.8483816014 52.7397260274 21 0 1 6 7 8 8 11 16 19 22 22 24 28 29 29 31 33 34 37 43 49 0 0 167 170 205 279 289 311 392 441 444 507 559 604 670 816 827 827 863 866 956
55.5366269165 50.1712328767 21 0 0 1 1 3 7 7 12 13 16 20 22 24 25 26 30 33 33 41 44 46 0 102 121 145 185 232 276 296 353 390 444 603 632 661 692 788 842 879 894 897 906
52.9812606474 72.9452054795 21 0 15 16 24 25 26 27 30 31 32 34 34 36 37 40 40 41 41 42 42 42 0 116 221 227 243 256 273 287 296 373 417 464 464 568 648 763 803 840 867 987 998
28.9608177172 74.1438356164 21 0 2 2 2 2 7 9 9 10 10 14 18 23 27 30 31 32 34 34 39 43 0 126 191 199 201 316 317 326 392 492 508 579 598 606 662 733 740 894 904 905 936
70.0170357751 60.9589041096 21 0 4 9 11 12 17 20 21 23 31 33 35 35 36 36 37 39 42 42 49 49 0 130 138 150 161 239 336 405 418 525 552 628 645 651 752 761 824 882 910 973 980
26.7461669506 80.3082191781 21 0 3 3 5 6 6 9 14 15 18 22 23 29 37 42 43 44 45 48 48 49 0 159 166 237 288 309 335 400 401 506 546 560 575 819 821 823 870 873 906 929 975
25.2129471891 40.5821917808 21 0 4 7 11 12 15 15 15 19 20 24 25 30 36 36 38 43 44 47 49 49 0 131 189 240 399 403 420 433 537 574 596 622 671 689 717 738 800 870 889 916 984
74.9574105622 65.2397260274 21 0 1 5 6 10 13 20 21 28 29 29 30 34 36 37 37 38 44 45 48 49 0 120 129 129 146 200 251 275 422 475 489 557 642 711 747 762 763 854 891 928 960
75.468483816 69.8630136986 21 0 0 7 8 10 14 15 19 22 23 23 23 24 31 33 35 36 36 40 42 49 0 259 269 285 405 425 432 466 486 556 577 592 633 692 705 782 790 808 873 916 917
69.5059625213 35.7876712329 21 0 4 5 10 12 16 17 18 19 19 26 27 30 35 38 39 41 44 45 47 48 0 108 156 182 286 319 346 430 489 514 543 561 575 642 660 666 673 694 831 977 992
47.3594548552 62.5 21 0 3 4 11 12 13 15 16 17 20 25 26 28 34 35 36 37 41 41 46 46 0 114 126 258 277 287 415 426 441 468 550 587 614 656 747 748 759 766 816 898 963
51.2776831346 69.6917808219 21 0 0 1 5 10 12 15 17 17 24 27 27 29 30 37 38 38 43 44 49 49 0 0 154 188 273 283 331 440 446 660 675 675 695 697 745 776 801 812 839 860 909
60.3066439523 44.5205479452 21 0 4 5 6 7 9 13 13 17 17 17 21 22 23 25 29 33 41 43 47 47 0 109 187 208 257 270 278 307 320 342 352 493 540 628 729 739 752 855 903 977 999
29.9829642249 25.5136986301 21 0 2 6 8 12 15 18 20 24 26 30 33 36 36 37 39 40 40 43 45 46 0 131 203 295 312 339 351 412 450 455 468 640 701 732 752 755 774 820 844 867 996
32.3679727428 73.2876712329 21 0 8 11 11 13 16 16 16 19 20 20 20 22 22 24 30 36 36 37 46 48 0 0 106 116 240 246 343 411 455 475 496 521 537 555 639 682 703 775 802 835 874
35.9454855196 55.4794520548 21 0 0 0 3 4 5 6 8 15 18 24 26 27 32 33 35 38 38 38 41 46 0 145 212 263 274 339 413 416 462 515 554 624 629 635 644 695 788 788 816 829 893
39.5229982964 56.1643835616 21 0 1 2 6 6 7 12 15 18 21 24 30 32 36 36 36 37 37 47 47 49 0 100 128 133 152 239 294 307 372 390 395 467 482 644 675 690 803 824 858 983 992
31.8568994889 41.2671232877 21 0 0 2 3 4 9 13 13 13 18 18 20 20 24 26 34 35 35 35 47 49 0 0 169 201 204 215 251 302 308 342 363 415 507 605 639 743 749 808 928 975 975
48.0408858603 38.0136986301 21 0 4 5 7 8 9 12 12 14 14 14 14 17 17 21 23 24 36 40 42 43 0 0 121 129 249 289 394 408 460 494 522 666 692 787 790 840 898 899 927 983 993
43.1005110733 26.3698630137 21 0 6 6 9 18 23 25 25 26 27 27 28 30 30 34 35 35 37 37 40 48 0 111 157 169 195 249 252 268 396 397 452 504 523 540 566 570 735 815 818 834 953
36.797274276 75.0 21 0 1 6 7 10 16 21 23 27 32 33 34 35 36 38 39 41 43 45 45 47 0 110 233 236 253 257 324 385 443 480 511 526 568 651 758 772 874 913 913 916 924
42.7597955707 72.9452054795 21 0 1 1 2 2 8 11 14 15 16 16 20 22 23 23 25 28 29 35 38 47 0 125 292 309 325 364 417 504 525 542 544 644 673 698 707 723 764 805 910 976 997
79.5570698467 16.6095890411 21 0 6 7 8 14 15 17 18 20 24 26 29 30 32 34 35 35 36 37 40 42 0 110 152 210 309 332 335 339 570 578 590 636 679 702 713 715 769 913 953 985 996
49.4037478705 79.9657534247 21 0 2 2 4 5 6 10 13 15 18 20 28 32 36 37 39 40 40 47 47 49 0 0 128 148 228 435 487 547 581 652 707 711 720 724 777 834 865 888 902 921 966
10.5621805792 73.2876712329 21 0 6 9 11 15 16 17 21 22 26 26 30 31 33 36 38 39 40 43 47 48 0 113 149 185 191 318 320 355 443 456 609 679 692 777 789 793 841 888 958 969 999
10.7325383305 22.4315068493 21 0 0 1 2 2 3 9 16 19 21 27 30 30 31 35 36 36 42 43 46 49 0 114 116 153 176 200 205 208 222 224 263 289 315 574 715 731 821 871 902 934 965
23.1686541738 44.3493150685 21 0 0 2 3 7 8 10 11 13 19 21 26 27 29 30 37 41 43 44 46 47 0 127 181 283 296 311 371 529 587 618 622 668 669 683 822 844 890 903 934 947 958
36.2862010221 79.1095890411 21 0 3 6 7 8 18 23 25 26 28 32 33 33 35 35 37 42 43 47 47 48 0 167 178 184 215 230 296 371 422 436 563 680 689 711 774 860 941 957 982 992 996
46.6780238501 45.8904109589 21 0 6 8 9 10 18 18 20 23 24 24 27 28 28 34 34 36 40 42 46 47 0 156 224 299 328 331 337 367 375 379 388 566 586 643 820 832 852 884 915 947 997
24.531516184 58.5616438356 21 0 10 10 12 13 14 14 17 25 30 31 33 34 35 37 38 42 42 47 48 49 0 183 189 253 281 337 346 348 416 423 461 499 512 650 653 723 809 816 859 908 974
23.1686541738 65.4109589041 21 0 6 6 12 17 21 25 29 33 33 35 35 36 36 39 45 46 47 48 49 49 0 104 129 191 344 366 376 458 470 485 563 566 613 760 782 825 858 866 918 967 980
28.1090289608 64.0410958904 21 0 1 1 5 6 7 9 11 16 18 21 22 23 38 38 40 40 40 43 44 49 0 126 129 143 162 308 319 352 454 502 504 541 590 600 605 673 682 749 796 820 829
54.1737649063 17.9794520548 21 0 1 3 4 5 10 12 16 18 19 23 24 25 26 33 34 41 41 45 46 47 0 253 300 341 381 399 408 429 433 474 554 580 582 651 699 711 717 771 886 952 974
61.32879046 48.9726027397 21 0 2 7 10 12 12 12 18 20 21 22 24 24 28 29 32 34 34 44 44 49 0 0 137 198 375 444 484 520 543 559 621 636 686 692 799 807 818 851 852 906 972
67.461669506 70.0342465753 21 0 0 1 2 2 6 8 8 12 12 17 24 24 29 31 34 38 41 43 44 49 0 105 197 198 235 236 242 283 295 296 370 470 641 646 804 804 840 840 890 922 977
100.0 41.6095890411 21 0 1 1 3 3 11 12 13 15 18 18 25 26 27 28 39 41 42 45 45 49 0 113 232 262 288 295 305 364 409 464 481 561 645 669 745 781 814 816 868 928 975
13.4582623509 57.7054794521 21 0 0 4 4 6 6 8 10 14 14 18 20 22 32 33 33 34 34 43 44 47 0 185 201 232 387 408 419 431 472 502 534 591 609 613 639 641 657 681 805 826 981
68.1431005111 67.6369863014 21 0 0 6 6 7 9 9 13 19 21 21 21 25 25 36 38 38 39 41 42 43 0 165 257 316 328 373 417 445 451 480 603 604 657 730 782 786 800 864 884 926 935
34.0715502555 43.1506849315 21 0 3 3 5 16 21 27 29 30 30 30 31 34 38 38 45 45 45 46 46 47 0 0 145 176 193 251 289 338 387 448 470 485 560 624 729 761 817 872 905 949 988
36.4565587734 42.8082191781 21 0 4 6 7 9 11 13 13 14 14 18 19 19 20 23 24 35 35 43 46 47 0 105 136 155 183 280 353 415 416 420 422 434 463 525 539 708 729 780 803 923 988
31.5161839864 79.2808219178 21 0 0 2 3 10 10 10 12 21 21 28 30 34 34 34 34 36 40 45 49 49 0 0 168 190 232 282 339 362 375 393 449 469 518 585 803 831 845 883 956 965 968
46.8483816014 40.4109589041 21 0 0 2 4 4 7 7 8 9 22 22 23 24 32 34 34 36 37 37 42 44 0 0 191 204 292 371 490 505 518 556 606 652 654 665 701 726 736 772 950 968 997
37.4787052811 60.6164383562 21 0 4 4 6 9 10 14 17 20 22 24 26 29 29 30 31 32 33 39 40 44 0 238 301 345 361 368 404 445 540 588 608 659 660 710 715 768 774 809 845 854 968
33.9011925043 62.1575342466 21 0 0 0 2 2 5 6 7 7 9 12 13 15 15 20 20 28 31 35 43 49 0 130 176 269 289 311 379 415 452 471 494 562 567 632 680 694 712 746 816 820 888
55.3662691652 59.2465753425 21 0 4 5 12 13 16 18 18 19 20 26 27 29 30 36 36 39 43 44 45 47 0 0 120 126 201 237 334 336 350 399 486 504 507 662 766 775 818 844 920 957 996
30.66439523 82.3630136986 21 0 0 2 5 7 8 11 21 21 25 29 30 34 35 38 40 40 40 43 44 48 0 116 127 149 301 424 489 549 549 575 706 760 808 864 882 895 901 907 911 953 983
37.8194207836 30.8219178082 21 0 2 5 8 10 15 17 17 17 19 20 22 36 37 37 41 43 44 47 47 48 0 126 219 252 305 352 427 437 480 525 530 536 538 565 677 678 779 846 909 954 959
45.6558773424 73.801369863 21 0 4 6 8 11 12 18 25 28 30 32 34 34 40 40 41 42 42 44 46 48 0 0 168 216 339 345 404 437 475 510 532 550 620 642 761 784 858 909 939 940 949
34.9233390119 74.8287671233 21 0 0 2 2 2 6 9 10 12 13 15 19 27 28 29 29 35 39 42 44 47 0 134 181 213 286 422 462 506 567 588 604 628 653 746 746 795 817 849 908 942 957
52.6405451448 60.2739726027 21 0 2 2 2 4 7 8 8 9 11 13 13 15 27 31 31 32 34 38 44 48 0 174 249 337 417 419 432 462 528 575 577 616 639 646 654 707 736 786 828 926 975
26.5758091993 50.6849315068 21 0 0 0 0 2 12 13 17 17 18 22 28 29 35 36 37 37 39 43 46 46 0 0 161 186 233 236 241 268 341 343 434 471 540 617 646 676 723 733 743 904 927
63.5434412266 43.8356164384 21 0 2 8 12 14 15 21 24 24 24 28 33 34 37 43 44 44 45 45 45 48 0 140 182 193 270 426 500 548 627 639 670 767 779 800 804 809 835 861 888 929 937
40.7155025554 64.3835616438 21 0 2 11 17 17 19 20 22 22 26 28 31 34 35 35 37 39 41 44 44 45 0 103 157 163 168 178 279 336 342 373 378 551 566 619 624 727 859 885 901 944 959
76.1499148211 52.7397260274 21 0 0 0 2 3 3 7 11 14 16 18 19 24 27 28 33 36 39 41 42 44 0 0 117 184 219 226 316 387 388 432 491 537 543 559 580 805 807 858 892 961 970
27.4275979557 53.595890411 21 0 0 1 4 6 9 9 16 20 24 26 29 30 30 33 37 43 45 47 48 49 0 0 174 188 251 319 404 418 439 505 515 518 583 610 635 639 642 766 795 951 991
41.3969335605 54.4520547945 21 0 2 10 11 12 13 15 15 15 18 21 31 33 35 40 41 47 48 48 48 49 0 0 169 231 295 352 375 567 580 586 587 612 652 657 719 731 750 818 976 985 992
37.1379897785 35.2739726027 21 0 1 8 17 17 18 19 20 22 24 24 33 33 34 34 36 38 38 40 43 47 0 0 111 122 167 273 282 401 445 482 483 516 573 587 642 674 684 749 811 832 867
21.2947189097 15.7534246575 21 0 8 9 9 11 12 15 17 18 21 21 23 25 28 34 35 41 47 48 48 49 0 0 115 219 241 319 351 366 407 409 487 487 523 531 651 674 741 805 916 921 975
48.0408858603 71.404109589 21 0 6 6 8 9 10 10 11 14 15 16 24 25 26 26 28 32 38 38 40 47 0 171 174 275 344 404 408 435 505 548 584 661 699 711 725 844 857 903 956 970 979
34.4122657581 73.1164383562 21 0 0 1 5 5 6 8 12 16 17 24 28 30 32 33 34 40 41 41 46 47 0 172 182 238 250 269 285 295 307 325 495 539 560 677 690 701 819 889 931 933 977
70.0170357751 40.4109589041 21 0 2 4 5 6 6 7 17 19 20 25 27 28 29 32 35 38 43 46 47 49 0 0 150 198 227 275 291 343 406 473 505 602 623 629 629 712 783 798 871 881 944
44.4633730835 67.1232876712 21 0 1 3 3 6 9 9 12 15 18 19 23 26 30 32 33 38 39 42 47 48 0 145 147 182 301 308 348 483 529 558 617 648 706 719 736 766 771 850 888 949 952
68.9948892675 48.4589041096 21 0 6 10 10 11 12 13 16 20 21 22 23 26 29 31 33 34 37 38 39 47 0 0 106 110 125 182 270 285 293 306 324 378 448 518 572 608 612 719 757 790 924
34.7529812606 45.0342465753 21 0 0 6 8 9 9 9 13 16 17 18 21 22 22 33 35 39 41 41 47 49 0 126 155 264 400 450 507 568 609 644 647 689 711 761 772 845 871 927 945 961 970
37.6490630324 31.1643835616 21 0 2 2 9 13 18 20 20 22 24 27 29 31 33 34 38 40 42 45 46 48 0 105 124 146 173 175 214 224 284 337 372 429 593 628 828 841 877 953 965 977 995
37.1379897785 59.2465753425 21 0 2 3 4 4 4 4 9 10 12 18 18 20 23 29 30 31 33 33 37 45 0 0 102 141 171 186 190 192 208 254 441 568 657 699 742 790 815 877 884 907 939
36.2862010221 24.1438356164 21 0 0 1 3 4 7 13 14 15 16 21 24 28 30 31 33 33 42 43 45 46 0 116 125 191 195 199 215 247 257 295 313 521 539 559 585 682 803 816 938 938 941
46.3373083475 30.8219178082 21 0 7 14 16 19 20 22 22 23 25 26 27 28 28 30 42 43 43 43 45 49 0 161 185 215 338 409 411 438 451 463 488 513 528 567 634 760 772 789 835 843 932
57.5809199319 36.4726027397 21 0 0 2 5 8 9 18 22 22 24 26 26 27 27 29 30 33 35 39 44 47 0 110 355 392 395 400 403 418 500 612 642 678 710 838 855 858 905 913 985 994 995
30.3236797274 59.9315068493 21 0 3 10 10 11 15 17 17 18 20 23 26 31 31 33 37 38 40 43 46 48 0 0 146 156 271 289 395 545 556 606 620 629 639 709 756 782 800 802 874 879 891
53.3219761499 50.3424657534 21 0 0 4 5 8 8 8 9 12 14 21 22 28 30 32 35 35 38 39 44 47 0 143 169 179 208 350 363 379 405 434 488 646 664 679 679 688 704 721 859 915 923
75.6388415673 72.0890410959 21 0 2 7 7 9 12 20 23 24 27 28 29 30 31 36 36 36 38 39 45 47 0 125 181 230 253 301 301 343 351 410 413 421 426 458 511 526 722 756 894 941 969
72.0613287905 88.698630137 21 0 1 2 3 4 4 7 8 18 21 21 24 25 25 27 30 31 34 39 42 47 0 185 211 334 391 408 587 621 624 692 706 724 736 742 755 765 809 884 925 987 993
59.4548551959 52.9109589041 21 0 10 13 15 19 19 22 23 23 23 23 24 26 26 32 32 34 38 43 45 46 0 122 160 172 175 202 267 365 385 429 457 562 587 625 668 673 692 751 861 895 941
58.262350937 46.7465753425 21 0 2 2 2 5 8 8 9 16 16 21 26 28 30 31 33 39 42 42 42 45 0 108 131 248 330 375 382 388 443 512 549 688 740 779 798 847 873 893 905 934 959
65.5877342419 54.4520547945 21 0 0 6 7 7 8 11 13 13 18 20 24 26 26 27 32 35 39 44 49 49 0 105 121 148 241 304 434 544 576 639 658 700 701 714 718 830 855 922 940 945 993
32.1976149915 36.301369863 21 0 2 4 6 10 11 13 16 18 22 24 26 26 36 38 41 42 44 47 48 48 0 169 187 221 334 339 410 446 508 549 561 588 602 696 750 784 821 848 904 914 922
50.0851788756 67.2945205479 21 0 7 11 19 21 30 32 32 33 36 37 37 40 41 41 45 45 46 47 48 49 0 156 173 199 217 290 291 306 336 401 404 437 475 500 616 643 828 830 880 921 943
70.8688245315 55.6506849315 21 0 0 1 2 6 8 12 14 18 18 20 21 23 24 33 42 43 45 47 48 49 0 0 187 330 351 476 509 512 543 586 762 784 795 798 808 822 834 846 935 939 957
48.2112436116 39.5547945205 21 0 6 12 15 15 17 20 21 22 22 22 23 24 27 34 37 39 39 43 45 45 0 121 145 149 241 254 278 281 377 402 433 512 564 574 627 633 732 808 851 917 966
24.0204429302 30.4794520548 21 0 4 4 8 8 10 10 15 16 20 21 25 27 30 34 34 35 37 41 43 43 0 135 194 285 338 367 433 477 529 536 548 575 586 660 784 785 812 813 814 909 995
41.9080068143 53.9383561644 21 0 0 1 3 4 9 9 10 10 13 13 15 18 26 32 34 36 37 43 44 46 0 192 211 318 372 388 390 428 452 468 507 581 600 603 708 728 824 852 883 903 993
47.1890971039 38.0136986301 21 0 4 5 5 7 7 8 11 17 21 22 23 23 25 28 34 41 42 42 43 44 0 0 117 135 166 177 197 368 407 480 510 541 627 652 659 718 805 849 873 926 968
43.9522998296 57.0205479452 21 0 7 13 16 18 18 20 24 27 27 30 31 33 37 39 41 46 48 48 48 49 0 112 170 196 295 306 314 363 454 494 509 515 539 557 558 738 796 799 893 927 975
25.5536626917 59.0753424658 21 0 2 9 12 12 15 26 28 29 29 30 31 35 35 39 40 40 41 43 49 49 0 124 140 224 308 364 385 398 428 481 517 634 649 650 694 710 754 854 880 894 946
37.9897785349 70.2054794521 21 0 1 3 4 6 15 15 19 19 19 20 22 28 30 32 35 35 37 45 46 47 0 0 186 248 320 343 373 382 387 415 520 580 641 694 716 765 813 844 947 988 993
34.9233390119 52.397260274 21 0 0 1 4 5 7 8 9 9 16 26 27 28 30 35 39 41 41 43 45 48 0 0 181 209 281 329 343 354 420 449 469 706 726 750 780 833 842 903 924 972 987
64.7359454855 18.4931506849 21 0 1 2 4 5 8 12 15 16 16 21 23 24 26 30 36 36 37 39 47 47 0 116 141 142 230 238 242 302 336 440 442 531 680 780 812 865 872 888 908 929 963
43.1005110733 31.5068493151 21 0 3 5 7 9 11 12 13 14 15 26 30 31 33 34 37 38 38 41 41 46 0 138 169 185 194 208 244 297 323 539 602 608 661 672 729 743 845 866 912 935 985
20.1022146508 45.2054794521 21 0 6 7 14 16 16 17 21 22 25 28 34 35 35 35 37 40 43 45 45 49 0 151 188 233 238 249 350 480 493 563 580 611 653 766 778 786 796 820 915 957 973
35.9454855196 62.6712328767 21 0 3 5 6 6 7 9 9 10 10 12 20 25 27 32 32 36 43 45 47 49 0 127 160 173 196 316 318 356 367 396 483 619 643 654 685 698 716 722 789 803 809
33.5604770017 50.3424657534 21 0 4 4 6 9 10 12 15 18 24 25 28 32 34 36 39 40 44 44 46 47 0 0 136 221 259 266 269 328 349 561 576 635 721 735 795 876 882 890 945 963 971
17.7172061329 55.1369863014 21 0 2 3 5 7 8 11 12 15 17 21 24 27 31 32 34 36 38 40 40 41 0 141 270 283 440 475 504 514 554 637 687 722 741 750 781 784 856 876 896 919 954
61.32879046 49.1438356164 21 0 4 5 6 9 14 15 16 16 18 26 26 28 29 31 40 45 46 46 47 48 0 0 105 140 145 175 207 341 351 363 415 634 652 665 674 706 727 840 843 922 943
63.202725724 44.8630136986 21 0 1 3 5 5 6 9 9 10 19 21 26 28 33 33 36 37 37 39 41 48 0 100 108 114 206 319 335 361 425 459 472 487 623 731 764 789 798 896 916 926 983
50.4258943782 20.3767123288 21 0 2 2 5 9 10 17 22 23 24 27 28 38 41 41 43 43 46 46 48 49 0 136 148 157 256 384 424 453 467 517 574 591 608 698 718 724 750 924 926 930 967
18.7393526405 63.0136986301 21 0 4 6 6 9 10 10 12 22 26 26 30 33 34 35 37 41 46 46 49 49 0 133 252 324 528 552 561 594 595 599 659 668 736 747 784 788 817 883 898 948 997
53.3219761499 40.9246575342 21 0 2 3 5 8 10 12 15 17 20 21 21 21 22 23 31 32 39 44 46 49 0 151 170 199 286 301 320 350 462 486 490 504 563 646 662 791 886 930 959 975 991
49.2333901193 66.6095890411 21 0 0 1 3 4 11 12 13 15 15 19 19 21 24 26 29 38 43 45 46 49 0 103 129 143 156 188 191 215 292 372 399 605 626 661 667 755 787 805 874 945 983
40.2044293015 29.1095890411 21 0 3 3 7 7 7 10 15 15 24 28 32 33 33 35 36 36 37 38 46 48 0 125 160 194 212 369 419 445 468 530 636 707 753 765 865 876 892 980 983 987 993
56.3884156729 29.6232876712 21 0 7 14 16 16 17 19 20 21 22 24 34 35 37 37 38 41 44 46 47 49 0 0 133 158 163 163 260 372 386 561 591 659 689 693 720 763 909 929 980 981 998
41.2265758092 63.698630137 21 0 1 2 2 4 4 6 7 9 14 19 19 21 22 23 23 24 25 25 30 48 0 0 154 290 341 347 353 372 547 628 666 702 754 755 830 835 867 882 886 937 994
47.5298126065 15.9246575342 21 0 2 8 11 12 13 14 14 21 21 22 26 27 30 36 39 41 42 43 44 45 0 108 193 242 253 344 433 522 533 564 572 590 638 640 764 794 910 932 933 947 971
57.4105621806 37.1575342466 21 0 1 4 11 17 22 22 28 29 30 30 32 32 35 36 41 41 43 43 45 45 0 191 322 348 397 403 463 493 602 650 663 704 706 706 741 774 799 873 896 904 987
51.4480408859 71.9178082192 21 0 4 11 11 14 19 19 19 29 30 32 37 38 39 40 40 41 42 43 48 48 0 245 254 295 302 310 343 447 513 557 735 755 788 807 812 813 841 849 868 883 982
33.2197614991 53.0821917808 21 0 0 4 7 10 12 15 20 20 22 23 27 28 29 30 32 37 39 41 44 45 0 160 178 188 243 300 330 380 403 591 596 611 652 712 733 777 784 829 897 908 985
40.2044293015 75.1712328767 21 0 1 4 5 6 8 8 9 11 13 13 23 26 28 28 30 36 40 43 46 49 0 238 256 297 304 371 374 474 588 665 707 726 745 747 796 827 828 839 867 889 989
51.9591141397 65.2397260274 21 0 1 7 9 10 11 12 13 17 17 18 19 21 30 32 34 35 35 38 43 47 0 0 112 140 169 201 246 312 353 397 532 535 580 627 647 728 739 800 864 959 980
25.7240204429 88.1849315068 21 0 3 5 5 10 11 12 13 13 15 19 19 19 22 22 25 26 28 37 41 46 0 158 217 276 339 384 402 421 452 461 541 579 590 626 693 759 771 792 812 863 898
0.0 83.5616438356 21 0 2 3 8 10 13 14 16 17 20 21 22 22 26 27 28 33 35 37 41 45 0 0 136 163 255 292 361 497 518 560 613 614 654 671 828 837 853 891 907 948 955
22.9982964225 50.0 21 0 2 6 12 14 20 20 22 30 31 35 35 36 37 40 41 42 43 45 46 47 0 126 182 186 253 297 354 380 442 510 544 581 594 631 676 706 827 869 910 971 973
62.5212947189 58.5616438356 21 0 1 3 4 14 14 21 22 23 24 28 30 31 38 43 45 45 45 45 46 46 0 101 121 129 190 202 227 294 303 314 374 472 480 535 553 645 654 778 823 861 898
29.6422487223 64.7260273973 21 0 3 3 4 7 14 14 16 17 18 18 19 23 25 29 32 37 37 45 46 48 0 0 127 176 253 272 311 347 410 439 508 514 532 558 559 577 695 807 858 882 963
61.6695059625 33.0479452055 21 0 0 3 7 7 8 9 10 12 16 18 19 25 26 27 32 32 36 42 44 48 0 127 212 227 338 348 352 392 425 454 459 518 519 540 593 648 687 793 838 901 973
59.2844974446 57.3630136986 21 0 1 3 6 8 11 14 18 19 21 21 22 24 31 35 37 38 41 42 47 48 0 0 110 112 128 167 212 244 246 398 423 453 630 690 714 751 815 821 823 824 904
29.3015332198 52.397260274 21 0 3 5 6 6 7 9 12 17 17 18 21 21 22 30 34 35 39 41 43 44 0 136 145 151 163 171 173 381 439 477 485 526 546 552 635 677 710 729 833 852 888
10.9028960818 56.1643835616 21 0 6 6 10 13 13 14 15 16 19 19 20 21 22 32 35 35 36 38 41 43 0 151 189 301 308 347 385 395 429 492 567 581 630 639 683 795 838 848 885 936 957
44.4633730835 88.698630137 21 0 5 8 9 12 12 25 27 27 28 28 30 34 35 36 38 39 40 40 43 49 0 0 143 160 198 209 228 277 417 424 569 592 637 670 707 751 776 932 939 943 960
58.4327086882 40.5821917808 21 0 1 2 2 3 5 6 8 12 14 17 20 22 22 24 25 27 31 31 41 45 0 109 127 131 146 279 286 302 313 360 399 470 543 555 604 638 799 864 889 907 955
61.32879046 73.1164383562 21 0 0 1 3 7 8 11 11 13 16 26 32 32 32 33 36 40 42 42 45 49 0 150 236 268 291 317 325 333 360 370 439 488 562 610 649 699 765 822 892 892 964
17.0357751278 69.3493150685 21 0 1 6 6 7 8 9 10 10 11 13 15 18 25 29 30 33 35 37 39 40 0 113 145 189 210 244 257 359 365 424 441 489 497 593 612 665 825 836 845 936 970
54.3441226576 48.1164383562 21 0 6 6 15 16 16 16 19 22 27 30 30 32 36 39 41 42 44 48 49 49 0 0 114 121 128 240 293 421 454 459 464 612 737 752 753 764 788 858 885 956 984
43.9522998296 71.404109589 21 0 2 9 9 12 12 17 17 19 30 33 37 38 39 39 40 44 45 45 47 48 0 112 154 307 307 451 454 464 533 569 581 613 647 665 741 745 772 860 900 914 919
54.6848381601 34.2465753425 21 0 0 6 12 13 13 14 16 16 17 21 24 24 27 30 38 43 44 47 49 49 0 0 191 194 209 314 327 362 381 414 470 507 565 580 590 731 760 796 896 909 993
28.2793867121 54.4520547945 21 0 2 5 5 6 7 10 11 11 12 23 25 26 27 29 30 32 37 39 41 48 0 0 106 191 193 228 257 287 308 385 520 548 561 561 624 680 711 733 830 868 909
61.1584327087 40.2397260274 21 0 0 1 4 5 8 9 10 11 12 13 14 15 22 27 31 35 41 42 42 42 0 100 154 187 220 222 299 329 344 353 364 619 650 663 717 743 745 755 840 905 932
19.7614991482 38.0136986301 21 0 3 12 13 14 15 17 18 19 20 20 25 26 27 30 34 34 43 43 48 49 0 103 114 178 184 187 195 255 293 327 343 368 381 467 486 592 807 830 848 934 946
52.2998296422 31.5068493151 21 0 0 1 2 3 6 7 7 10 14 17 18 24 25 28 31 33 35 37 40 41 0 213 214 233 263 272 335 335 345 379 501 538 543 649 664 683 693 727 821 824 953
46.8483816014 56.8493150685 21 0 1 2 3 6 7 9 9 10 11 18 20 28 30 31 33 41 43 46 46 49 0 0 140 172 184 185 204 239 240 400 426 434 444 558 561 616 678 901 950 983 992
42.7597955707 21.9178082192 21 0 2 6 7 9 14 17 20 22 23 24 25 32 35 38 41 42 47 47 48 49 0 0 129 375 380 404 432 448 454 459 506 535 600 639 655 697 833 888 919 953 971
63.0323679727 55.4794520548 21 0 0 0 3 5 6 10 13 15 19 26 26 28 31 32 32 35 42 45 47 49 0 109 126 149 252 287 306 359 365 452 481 542 628 670 735 769 784 796 813 818 887
28.6201022147 50.5136986301 21 0 3 3 5 5 8 16 19 20 22 23 23 27 30 35 35 35 35 40 42 48 0 0 157 194 233 320 437 454 491 493 525 581 586 589 606 627 659 708 836 843 930
35.9454855196 41.2671232877 21 0 0 2 9 9 13 15 16 21 22 22 23 23 31 32 33 36 40 40 45 49 0 115 146 171 194 317 420 464 494 561 624 702 706 722 726 731 814 825 862 895 968
4.77001703578 40.9246575342 21 0 1 2 5 7 8 12 14 16 23 27 27 27 27 30 33 36 36 36 40 45 0 0 197 198 215 296 381 486 528 529 592 668 741 761 784 817 868 898 932 932 935
71.2095400341 88.1849315068 21 0 0 3 4 9 11 15 20 21 21 22 23 24 25 29 36 36 38 39 41 45 0 0 127 171 215 224 331 399 399 426 443 465 577 625 712 844 858 859 928 960 997
25.3833049404 57.7054794521 21 0 6 14 15 16 18 20 20 21 23 25 26 26 27 30 35 38 40 47 48 49 0 119 183 220 253 270 309 347 411 560 622 683 713 740 807 822 855 857 870 945 999
43.4412265758 59.7602739726 21 0 2 5 10 10 11 11 14 19 22 27 29 31 31 31 32 33 36 43 45 45 0 118 167 194 195 274 274 306 359 383 463 467 527 583 673 740 748 760 774 846 893
54.3441226576 49.4863013699 21 0 1 2 3 3 4 9 11 12 18 23 24 26 27 28 34 37 40 40 48 49 0 112 139 174 181 243 295 298 343 490 512 604 656 720 817 846 864 866 882 888 903
32.538330494 75.3424657534 21 0 0 3 3 5 8 13 16 17 21 21 23 25 26 32 33 36 39 43 45 46 0 0 246 272 287 330 370 408 425 463 539 543 560 606 656 657 711 746 826 839 911
42.0783645656 44.5205479452 21 0 1 5 5 12 16 16 17 17 19 21 23 33 38 39 45 46 46 46 48 48 0 112 117 245 296 310 342 382 430 446 454 551 583 620 650 663 728 870 892 914 927
63.8841567291 56.8493150685 21 0 1 2 3 5 6 6 16 20 22 23 24 27 28 29 33 37 37 38 43 47 0 0 122 156 192 237 264 410 480 531 563 573 633 649 685 685 702 750 846 856 921
43.2708688245 54.9657534247 21 0 0 1 5 11 12 13 13 19 21 23 24 25 27 30 32 36 36 40 46 47 0 108 111 146 282 292 326 500 530 540 575 587 593 610 642 661 705 761 805 931 950
58.9437819421 59.7602739726 21 0 0 3 3 5 6 7 7 12 12 14 14 22 24 31 34 35 37 41 45 47 0 225 244 338 364 390 410 447 461 510 515 690 695 710 719 751 789 799 870 958 958
38.8415672913 59.7602739726 21 0 0 0 3 5 7 16 17 19 23 27 32 34 37 41 41 42 43 47 47 48 0 126 138 170 175 202 236 308 324 364 411 590 598 606 668 826 912 916 924 941 950
88.926746167 80.4794520548 21 0 5 11 14 14 16 17 17 18 19 21 23 23 28 32 33 37 41 46 47 48 0 105 136 146 321 321 326 475 486 514 516 589 653 657 658 822 838 850 947 952 988
88.7563884157 66.6095890411 21 0 1 3 4 6 11 11 13 13 16 22 26 27 28 30 36 39 41 42 43 47 0 125 132 145 172 173 187 294 332 349 571 595 617 674 731 826 858 898 900 923 979
29.3015332198 43.3219178082 21 0 1 4 6 11 14 19 23 24 25 25 27 29 33 34 35 36 43 44 47 48 0 0 148 219 233 269 303 421 428 457 471 495 536 636 712 760 762 798 800 875 918
27.9386712095 64.5547945205 21 0 0 1 4 4 14 22 26 27 27 28 36 37 38 41 43 45 46 46 48 49 0 155 203 216 217 246 274 352 377 450 529 534 536 574 580 587 605 697 737 744 997
16.5247018739 36.301369863 21 0 1 8 9 10 16 17 20 21 22 22 23 23 25 26 29 30 31 43 43 47 0 0 110 173 286 432 557 568 680 709 714 718 760 859 875 876 910 911 913 932 945
31.5161839864 33.7328767123 21 0 0 3 3 4 9 12 18 20 23 24 26 26 27 27 38 42 44 46 48 49 0 123 192 192 194 263 284 374 386 434 549 588 593 601 727 733 759 768 812 864 940
43.6115843271 93.8356164384 21 0 1 1 6 6 7 9 12 14 19 22 25 29 29 36 39 44 44 46 49 49 0 105 164 197 227 230 288 293 354 378 430 438 524 536 569 606 616 617 754 790 919
65.4173764906 64.0410958904 21 0 2 9 10 14 18 18 18 24 28 29 31 31 37 41 43 45 46 46 48 49 0 163 165 209 224 356 392 412 431 474 499 585 593 631 639 686 691 714 734 770 770
60.6473594549 38.0136986301 21 0 7 9 12 12 15 18 21 22 24 25 28 29 30 34 34 34 38 38 44 45 0 0 123 162 170 186 202 219 313 327 376 398 425 450 501 534 550 611 625 785 904
59.2844974446 64.2123287671 21 0 0 3 6 15 16 17 19 20 20 23 24 25 31 36 43 43 44 45 45 48 0 100 112 113 193 328 364 368 448 461 487 499 510 515 603 763 776 800 806 849 926
36.6269165247 57.5342465753 21 0 0 1 3 4 5 10 13 15 17 20 21 22 23 25 25 30 32 40 40 40 0 0 116 160 175 193 239 299 299 315 468 531 543 544 630 727 840 861 903 948 983
46.3373083475 46.9178082192 21 0 7 10 11 12 12 13 15 15 16 19 19 19 21 24 27 39 41 42 47 49 0 115 151 170 223 248 259 301 365 458 500 515 600 694 721 758 815 830 938 993 996
42.7597955707 80.8219178082 21 0 1 5 11 19 21 21 22 24 26 27 29 30 31 31 33 34 39 42 43 45 0 172 205 261 273 319 322 346 354 392 406 410 492 536 621 638 872 917 941 960 969
62.8620102215 57.5342465753 21 0 1 2 6 7 9 10 11 15 17 18 19 23 23 24 27 34 40 41 41 44 0 0 156 221 251 259 366 405 623 625 656 665 704 791 829 842 864 880 924 928 932
73.7649063032 29.9657534247 21 0 2 5 8 15 16 19 19 20 20 22 26 26 27 27 32 35 36 40 43 48 0 140 155 188 222 234 321 323 326 490 513 569 587 590 600 657 722 741 784 867 941
73.4241908007 36.8150684932 21 0 2 4 4 6 8 9 10 12 15 25 27 29 29 33 36 38 39 41 43 44 0 116 166 305 326 336 362 468 500 510 515 545 563 688 755 800 802 825 856 929 955
53.6626916525 71.0616438356 21 0 4 5 6 6 11 22 26 26 28 28 34 36 37 37 38 39 41 41 46 47 0 0 118 152 184 241 392 420 476 479 519 549 556 649 665 674 740 772 807 864 887
43.6115843271 70.7191780822 21 0 0 5 12 13 15 15 21 22 23 23 24 25 26 27 33 34 37 37 41 44 0 159 188 303 312 329 352 449 454 505 545 604 617 621 644 692 749 800 862 927 979
47.0187393526 59.2465753425 21 0 0 0 2 11 17 18 19 20 22 28 29 31 33 38 39 40 42 43 46 47 0 145 147 152 375 378 405 468 485 493 583 593 604 609 701 768 794 819 904 951 957
20.9540034072 78.0821917808 21 0 0 0 1 5 5 6 9 12 14 14 14 15 15 16 21 26 29 30 37 46 0 102 135 163 174 255 261 281 286 296 302 308 477 494 503 549 603 611 761 964 974
319
44.6124763705 67.9338842975 7
39.3194706994 44.132231405 2
49.7164461248 73.2231404959 8
51.606805293 74.3801652893 9
56.7107750473 69.0909090909 1
55.1984877127 45.6198347107 7
0.0 51.7355371901 5
80.7183364839 33.3884297521 2
79.9621928166 62.3140495868 7
72.2117202268 62.6446280992 1
56.5217391304 59.6694214876 1
48.0151228733 47.6033057851 4
65.9735349716 46.2809917355 2
41.965973535 43.1404958678 5
69.943289225 83.9669421488 6
80.7183364839 59.5041322314 1
79.2060491493 78.1818181818 6
50.6616257089 65.1239669421 2
57.0888468809 51.2396694215 3
51.606805293 64.6280991736 1
33.6483931947 53.5537190083 3
66.7296786389 87.6033057851 1
82.2306238185 78.347107438 6
31.3799621928 71.0743801653 6
61.6257088847 42.9752066116 4
77.6937618147 38.6776859504 8
66.9187145558 55.3719008264 3
74.2911153119 45.1239669421 6
76.1814744802 70.2479338843 7
51.9848771267 59.3388429752 3
68.4310018904 40.9917355372 8
37.0510396975 63.9669421488 2
59.9243856333 100.0 7
38.1852551985 19.3388429752 8
78.6389413989 45.1239669421 9
77.3156899811 75.7024793388 4
75.236294896 60.6611570248 1
54.820415879 47.6033057851 9
49.3383742911 76.1983471074 6
70.1323251418 49.5867768595 2
65.0283553875 58.6776859504 4
65.7844990548 42.1487603306 2
47.0699432892 20.3305785124 4
37.8071833648 64.958677686 9
50.2835538752 71.0743801653 1
35.7277882798 19.0082644628 4
82.9867674858 81.4876033058 5
46.8809073724 64.958677686 5
53.6862003781 65.1239669421 9
18.3364839319 53.7190082645 7
28.1663516068 60.6611570248 3
23.4404536862 65.4545454545 9
67.1077504726 66.1157024793 2
73.5349716446 36.0330578512 2
39.3194706994 0.0 9
52.3629489603 66.2809917355 2
55.1984877127 40.826446281 8
80.3402646503 59.0082644628 6
28.9224952741 64.7933884298 5
47.258979206 68.7603305785 1
45.179584121 53.2231404959 1
50.2835538752 40.9917355372 8
69.3761814745 70.5785123967 3
46.1247637051 56.0330578512 9
50.4725897921 61.8181818182 3
73.7240075614 73.5537190083 1
88.6578449905 46.4462809917 9
37.4291115312 58.5123966942 6
85.6332703214 56.8595041322 1
39.8865784499 42.9752066116 7
47.0699432892 59.173553719 4
54.820415879 76.3636363636 3
77.1266540643 43.8016528926 9
67.2967863894 50.5785123967 7
47.8260869565 46.4462809917 5
54.820415879 45.7851239669 2
58.2230623819 25.7851239669 4
55.5765595463 51.0743801653 6
45.9357277883 25.9504132231 5
66.1625708885 18.5123966942 5
50.0945179584 30.4132231405 5
49.5274102079 61.652892562 1
69.1871455577 78.6776859504 4
100.0 59.3388429752 9
38.752362949 72.5619834711 6
59.9243856333 35.867768595 6
50.6616257089 51.7355371901 2
45.179584121 30.7438016529 5
23.629489603 63.4710743802 9
60.3024574669 20.826446281 5
59.168241966 69.7520661157 8
50.4725897921 63.8016528926 8
47.4480151229 44.6280991736 9
89.6030245747 61.652892562 3
62.0037807183 47.2727272727 7
83.9319470699 42.1487603306 1
54.820415879 47.9338842975 3
30.8128544423 38.347107438 6
44.6124763705 43.8016528926 5
75.9924385633 63.8016528926 9
79.7731568998 84.132231405 6
69.3761814745 68.2644628099 1
63.8941398866 61.9834710744 1
35.1606805293 55.041322314 2
16.4461247637 99.6694214876 2
51.0396975425 64.958677686 5
82.797731569 35.2066115702 6
52.9300567108 23.8016528926 2
96.786389414 41.3223140496 9
62.0037807183 38.347107438 1
54.820415879 35.041322314 6
83.1758034026 67.6033057851 1
44.2344045369 38.8429752066 7
49.1493383743 57.520661157 7
73.5349716446 47.7685950413 3
17.3913043478 63.9669421488 3
67.8638941399 65.6198347107 9
37.4291115312 56.694214876 7
37.9962192817 57.1900826446 5
66.3516068053 55.041322314 7
56.7107750473 40.0 9
63.7051039698 13.7190082645 4
34.2155009452 74.5454545455 6
43.6672967864 0.99173553719 3
31.5689981096 45.7851239669 7
56.5217391304 59.6694214876 7
65.9735349716 64.7933884298 1
80.5293005671 62.8099173554 8
35.5387523629 51.7355371901 8
80.7183364839 32.3966942149 7
77.5047258979 24.958677686 8
59.9243856333 54.5454545455 5
48.5822306238 61.9834710744 9
54.820415879 63.6363636364 5
30.2457466919 38.6776859504 9
64.8393194707 57.3553719008 5
32.8922495274 58.0165289256 2
28.9224952741 72.2314049587 9
64.4612476371 74.0495867769 1
44.2344045369 54.7107438017 3
85.2551984877 52.0661157025 1
55.7655954631 24.958677686 7
82.0415879017 71.7355371901 8
19.4706994329 66.7768595041 1
31.190926276 57.3553719008 2
23.0623818526 49.9173553719 6
82.2306238185 57.520661157 7
42.3440453686 77.1900826446 8
74.8582230624 42.1487603306 4
75.6143667297 45.9504132231 5
52.1739130435 45.7851239669 4
44.6124763705 73.2231404959 5
17.9584120983 44.2975206612 3
49.9054820416 56.694214876 3
56.5217391304 61.4876033058 1
52.9300567108 45.4545454545 9
29.8676748582 60.0 4
95.4631379962 23.6363636364 6
48.5822306238 65.9504132231 9
77.8827977316 48.0991735537 8
82.4196597353 65.2892561983 4
27.0321361059 53.7190082645 3
69.3761814745 62.9752066116 4
68.809073724 74.7107438017 6
75.236294896 63.8016528926 3
79.584120983 56.8595041322 3
56.5217391304 34.7107438017 7
40.0756143667 62.1487603306 7
27.4102079395 77.6859504132 3
85.2551984877 55.867768595 4
67.4858223062 50.0826446281 4
59.5463137996 43.1404958678 9
46.3137996219 69.5867768595 2
36.1058601134 49.5867768595 5
54.2533081285 63.6363636364 9
75.9924385633 33.8842975207 1
22.6843100189 85.1239669421 9
59.3572778828 50.9090909091 2
45.3686200378 59.5041322314 4
69.5652173913 95.041322314 7
42.3440453686 48.9256198347 4
60.3024574669 65.6198347107 1
61.6257088847 48.7603305785 3
52.3629489603 48.5950413223 1
47.6370510397 73.0578512397 4
35.7277882798 35.041322314 1
52.3629489603 69.4214876033 2
16.6351606805 58.347107438 9
39.6975425331 44.2975206612 4
62.5708884688 47.9338842975 9
77.1266540643 47.6033057851 1
48.2041587902 52.5619834711 3
67.1077504726 62.479338843 8
51.0396975425 49.4214876033 3
73.3459357278 78.347107438 9
51.0396975425 56.1983471074 1
48.393194707 36.5289256198 8
50.2835538752 56.0330578512 6
68.9981096408 39.8347107438 2
45.3686200378 44.2975206612 6
17.7693761815 37.6859504132 5
13.7996219282 49.0909090909 6
73.9130434783 68.9256198347 6
87.9017013233 75.2066115702 2
51.7958412098 47.6033057851 3
45.3686200378 64.2975206612 9
53.1190926276 63.1404958678 6
54.4423440454 92.8925619835 6
44.4234404537 34.8760330579 5
31.7580340265 47.9338842975 3
71.6446124764 57.520661157 7
90.7372400756 70.0826446281 1
41.7769376181 48.5950413223 7
1.51228733459 63.4710743802 9
34.7826086957 48.5950413223 7
11.9092627599 55.7024793388 2
61.8147448015 28.4297520661 5
65.2173913043 59.8347107438 8
77.5047258979 40.0 4
44.4234404537 49.9173553719 2
46.3137996219 38.347107438 5
39.1304347826 53.3884297521 2
63.5160680529 29.2561983471 8
29.1115311909 55.867768595 7
46.5028355388 67.2727272727 9
49.7164461248 75.2066115702 4
61.4366729679 63.4710743802 4
20.6049149338 19.8347107438 2
34.404536862 92.0661157025 4
55.0094517958 32.5619834711 2
68.0529300567 68.0991735537 2
65.595463138 11.2396694215 2
49.9054820416 35.5371900826 2
61.247637051 65.1239669421 7
42.9111531191 68.0991735537 9
61.0586011342 43.4710743802 9
45.5576559546 40.826446281 9
79.2060491493 34.7107438017 5
70.1323251418 74.5454545455 4
70.8884688091 42.3140495868 1
48.0151228733 47.7685950413 6
52.5519848771 39.5041322314 2
55.0094517958 35.2066115702 1
53.1190926276 43.305785124 7
59.5463137996 79.5041322314 1
54.0642722117 65.4545454545 3
43.8563327032 47.1074380165 8
51.7958412098 74.0495867769 4
56.8998109641 40.3305785124 5
50.6616257089 64.6280991736 7
50.0945179584 60.4958677686 8
67.8638941399 32.5619834711 7
50.0945179584 32.3966942149 9
73.7240075614 75.041322314 4
87.9017013233 53.2231404959 1
70.8884688091 16.3636363636 2
40.2646502836 60.6611570248 3
84.4990548204 71.9008264463 3
61.247637051 63.6363636364 3
48.5822306238 58.5123966942 9
57.4669187146 44.2975206612 2
42.1550094518 42.8099173554 3
39.5085066163 48.2644628099 7
62.5708884688 40.6611570248 5
71.8336483932 79.0082644628 6
82.9867674858 58.0165289256 9
51.0396975425 53.7190082645 1
57.2778827977 59.5041322314 4
75.0472589792 62.6446280992 3
67.4858223062 38.0165289256 3
65.7844990548 84.6280991736 6
75.8034026465 67.2727272727 7
58.6011342155 68.4297520661 8
70.6994328922 51.9008264463 3
90.5482041588 40.1652892562 4
79.9621928166 45.2892561983 6
54.820415879 64.7933884298 7
49.3383742911 55.041322314 4
46.3137996219 35.5371900826 7
46.8809073724 48.9256198347 4
66.7296786389 40.1652892562 5
71.6446124764 61.652892562 4
38.9413988658 56.3636363636 3
52.5519848771 49.2561983471 8
53.6862003781 35.2066115702 2
53.8752362949 89.5867768595 7
54.2533081285 39.173553719 5
46.5028355388 62.6446280992 1
64.4612476371 61.9834710744 5
50.6616257089 71.4049586777 4
44.6124763705 67.1074380165 2
72.5897920605 61.652892562 9
80.9073724008 69.2561983471 4
39.5085066163 59.3388429752 6
44.6124763705 16.8595041322 6
59.5463137996 54.3801652893 5
60.6805293006 81.8181818182 4
73.7240075614 28.9256198347 1
79.584120983 67.6033057851 8
61.4366729679 44.4628099174 2
37.2400756144 70.2479338843 8
8.12854442344 57.1900826446 5
61.8147448015 71.0743801653 6
35.5387523629 41.652892562 6
61.8147448015 42.9752066116 6
93.572778828 29.0909090909 2
70.8884688091 39.6694214876 6
70.6994328922 56.0330578512 7
54.0642722117 61.1570247934 2
13.6105860113 46.7768595041 6
61.6257088847 54.3801652893 4
51.0396975425 46.7768595041 3
68.2419659735 33.7190082645 9
53.1190926276 51.2396694215 8
52.1739130435 53.8842975207 5
66.3516068053 52.0661157025 1
45.9357277883 81.4876033058 5
35.1606805293 59.0082644628 8
61.4366729679 77.3553719008 2
