124
61.1742424242 88.809946714 33 0 0 1 1 3 5 5 7 7 8 9 9 12 14 16 17 25 26 27 28 29 36 36 38 38 39 39 40 43 46 48 48 48 0 105 148 198 209 267 317 353 382 394 415 470 477 497 517 522 534 586 594 623 650 676 681 724 735 738 748 800 859 868 905 945 959
49.4318181818 89.6980461812 33 0 4 7 8 8 8 9 9 10 10 15 18 22 28 28 29 29 30 35 35 37 37 39 39 41 42 44 44 45 46 46 46 49 0 136 142 144 161 175 181 190 302 390 390 403 447 490 525 552 569 589 627 674 712 771 780 781 839 866 897 909 931 937 970 975 987
41.0984848485 45.2930728242 33 0 1 1 2 5 5 6 8 11 12 12 15 19 20 21 25 25 27 30 35 36 37 37 38 38 39 42 43 43 45 47 47 49 0 152 200 325 331 341 370 408 411 437 479 506 509 584 584 625 692 702 704 714 732 751 774 793 801 823 827 905 936 950 983 989 994
58.1439393939 64.1207815275 33 0 0 1 7 7 8 9 9 10 12 14 16 17 23 23 23 25 26 27 30 32 33 34 35 36 36 37 41 41 42 45 47 49 0 134 155 171 181 255 263 278 314 344 356 395 431 436 440 449 508 520 539 555 598 644 645 648 661 674 732 813 833 834 887 930 960
10.2272727273 29.4849023091 33 0 0 3 4 4 6 12 12 13 14 17 18 19 19 19 20 20 22 23 29 30 31 31 33 33 34 36 36 38 44 47 48 49 0 101 127 135 141 161 178 188 188 272 284 285 308 339 387 425 436 446 474 487 561 573 583 679 779 779 802 803 808 882 955 975 999
63.2575757576 47.2468916519 33 0 0 0 4 5 5 7 7 8 15 16 19 20 20 22 25 26 26 27 27 29 31 33 34 35 36 36 38 39 40 42 45 46 0 0 108 145 150 221 256 256 264 295 324 337 351 408 422 462 475 482 485 491 510 522 618 626 652 653 757 842 886 915 977 991 999
18.9393939394 48.8454706927 33 0 1 5 6 8 9 10 11 12 12 13 13 15 17 17 17 19 23 23 25 25 26 30 30 31 33 35 36 39 40 43 45 45 0 131 134 136 144 186 243 271 302 310 357 366 380 471 551 553 570 575 577 579 616 643 672 684 734 755 785 807 846 903 950 963 995
63.6363636364 95.3818827709 33 0 0 2 2 4 5 6 6 8 8 11 14 15 16 17 17 20 20 22 23 24 25 27 28 33 36 38 41 44 45 46 47 49 0 0 118 136 142 153 168 240 334 335 389 391 403 417 419 464 468 470 503 609 613 623 627 639 687 722 723 766 836 913 929 969 970
64.5833333333 72.8241563055 33 0 0 4 8 12 12 14 17 18 18 24 25 26 27 27 28 28 32 33 34 34 35 36 36 37 37 38 39 39 41 45 46 47 0 110 181 229 260 261 300 303 337 341 344 345 348 374 413 425 468 578 581 615 666 707 732 742 754 773 831 846 851 872 892 902 965
31.25 65.0088809947 33 0 1 1 4 4 6 8 10 13 14 14 19 22 22 23 27 28 29 31 32 33 34 35 36 38 39 39 40 40 42 42 43 49 0 173 189 231 240 278 300 336 338 348 361 401 403 418 429 466 533 564 588 608 612 636 639 733 736 824 910 953 955 957 965 978 984
72.5378787879 69.8046181172 33 0 2 2 6 6 11 12 13 13 14 15 17 24 24 26 30 30 34 34 35 35 41 42 42 43 45 45 46 46 47 47 48 49 0 0 123 139 153 169 174 180 285 299 314 336 336 382 396 411 472 478 522 566 676 696 734 814 816 822 823 836 908 925 929 932 957
69.696969697 82.7708703375 33 0 2 2 3 4 7 7 9 10 14 14 19 19 20 22 25 26 30 32 33 34 35 35 37 39 39 40 42 44 44 45 46 47 0 101 107 145 216 303 312 325 373 414 430 434 464 480 487 495 512 576 638 668 740 762 771 803 811 814 834 841 844 866 909 950 951
85.0378787879 64.8312611012 33 0 0 2 2 4 4 7 15 16 16 17 17 17 18 19 20 20 22 22 26 32 37 38 39 39 40 42 42 43 43 44 47 49 0 121 124 125 182 187 189 207 235 237 281 323 334 338 372 379 405 406 461 467 475 512 623 652 687 732 773 796 873 910 926 960 995
73.6742424242 45.648312611 33 0 0 2 2 3 4 9 12 13 13 13 15 17 17 17 20 21 23 23 25 26 27 35 36 37 38 39 40 41 41 47 48 48 0 0 156 175 185 202 206 253 302 334 358 369 423 468 534 571 580 590 591 609 615 658 700 702 742 786 798 848 855 870 924 963 992
35.0378787879 57.5488454707 33 0 2 6 9 10 11 12 12 14 14 16 19 20 21 22 22 22 23 25 28 33 34 34 36 38 38 40 41 41 42 42 43 48 0 0 125 132 149 155 156 169 211 217 237 346 395 406 406 409 484 547 549 574 593 662 663 689 739 741 742 803 833 897 944 956 980
52.6515151515 37.1225577265 33 0 0 1 1 3 5 6 6 8 9 13 14 16 18 19 33 35 35 36 36 36 37 38 38 39 41 42 43 44 44 44 45 49 0 112 182 199 200 204 244 276 329 349 376 377 405 410 463 500 534 544 574 575 591 603 625 657 705 707 715 808 865 892 904 946 966
54.3560606061 64.6536412078 33 0 1 2 2 2 2 4 6 11 12 13 15 17 18 18 21 23 28 31 32 32 35 40 41 41 41 42 42 45 46 48 48 49 0 0 101 130 144 144 152 180 194 196 212 214 240 269 341 373 392 425 443 468 475 587 622 623 653 655 755 756 801 862 888 936 967
55.303030303 76.0213143872 33 0 0 0 2 2 3 6 6 6 7 8 12 18 20 20 21 21 25 29 31 32 32 33 34 34 34 36 39 43 44 47 48 49 0 121 150 177 185 219 233 239 259 275 279 286 396 397 444 487 503 581 606 614 631 641 689 703 707 725 754 839 862 895 959 993 999
38.6363636364 57.7264653641 33 0 1 3 3 5 5 6 6 7 9 12 14 16 17 19 19 21 22 23 26 30 32 34 34 36 36 38 39 41 42 45 45 48 0 111 141 145 164 178 231 243 251 275 322 392 404 432 447 451 452 476 529 531 536 621 626 635 638 643 684 709 822 834 842 938 948
24.8106060606 51.865008881 33 0 0 0 1 3 5 7 8 10 10 11 12 14 14 15 19 19 20 21 22 24 25 25 28 29 35 36 37 38 40 41 44 49 0 153 168 171 181 204 220 237 250 286 308 365 388 402 415 417 423 435 453 483 611 621 631 717 790 820 837 861 870 887 890 931 999
45.8333333333 67.4955595027 33 0 2 5 6 6 10 10 10 11 12 14 26 27 28 29 29 31 33 35 36 38 40 40 41 41 44 44 46 46 47 48 49 49 0 122 134 140 145 195 236 266 284 296 300 306 312 316 329 338 381 386 429 550 579 593 603 661 688 708 712 720 772 795 900 915 990
46.9696969697 0.0 33 0 1 2 3 4 5 5 5 7 9 12 13 13 16 16 19 22 25 25 28 31 33 34 36 37 39 40 42 43 44 48 49 49 0 216 234 237 253 259 264 273 299 392 392 416 432 478 510 526 552 563 571 605 751 792 816 841 866 886 912 920 935 937 938 948 969
94.696969697 100.0 33 0 0 2 5 5 5 5 7 8 8 11 15 16 19 24 25 26 29 30 31 32 35 37 37 37 39 40 40 40 43 44 45 47 0 0 135 141 171 180 194 219 253 276 305 332 343 418 447 457 460 478 486 498 521 562 584 628 687 772 796 840 868 888 892 914 950
64.2045454545 50.4440497336 33 0 0 0 1 1 2 3 4 5 6 7 9 10 10 13 14 15 21 26 26 28 28 29 30 30 35 42 42 42 43 45 48 49 0 120 127 221 231 235 372 404 451 461 477 479 500 545 559 563 569 591 603 614 641 715 739 755 762 776 792 793 828 831 939 954 962
41.6666666667 53.8188277087 33 0 1 3 6 10 14 17 18 18 19 20 20 23 24 27 27 28 29 30 33 34 34 35 37 38 39 40 41 44 44 45 47 47 0 0 141 201 208 235 240 272 290 376 423 425 433 466 488 488 503 533 535 536 565 602 648 651 695 790 825 851 894 896 912 924 986
38.446969697 59.5026642984 33 0 0 5 7 12 12 14 16 19 20 24 25 27 27 28 29 32 33 34 34 36 36 37 38 38 39 39 43 43 43 45 48 48 0 0 111 136 138 149 158 204 309 339 357 482 486 520 626 628 633 652 691 700 710 745 753 789 805 818 846 862 884 919 941 950 971
25.3787878788 37.8330373002 33 0 2 4 5 6 9 10 14 14 19 23 24 25 27 27 28 30 31 32 32 32 32 34 37 38 39 41 43 44 45 46 48 49 0 113 116 206 218 248 252 255 266 291 370 411 436 463 469 471 483 574 604 646 653 705 706 713 720 722 747 798 801 883 902 954 973
26.1363636364 84.0142095915 33 0 2 2 4 5 5 6 8 11 11 13 13 13 13 15 17 18 21 22 23 24 25 29 32 33 35 40 40 41 42 42 44 46 0 135 141 150 198 226 244 279 285 289 299 310 323 369 407 416 477 506 516 562 589 686 750 787 836 841 859 890 894 930 931 946 969
29.1666666667 71.0479573712 33 0 1 7 7 10 11 12 13 19 20 23 24 25 28 31 32 33 33 33 38 38 40 41 41 41 42 42 45 47 48 48 49 49 0 119 223 228 233 308 324 337 361 370 384 415 437 518 520 531 550 569 594 612 671 674 679 689 699 705 730 758 800 819 866 928 940
40.7196969697 96.4476021314 33 0 6 7 8 10 12 13 16 17 20 21 22 22 23 26 27 28 28 29 35 36 37 37 39 40 41 42 43 44 44 45 47 48 0 241 270 286 302 320 323 336 398 400 400 402 491 508 528 536 566 587 619 623 629 630 697 731 756 767 769 826 844 846 930 930 976
42.803030303 59.5026642984 33 0 0 2 4 5 7 10 11 11 12 12 17 20 22 23 23 26 28 29 32 32 33 36 38 40 41 44 44 47 47 47 47 48 0 120 186 205 243 245 265 271 279 283 288 291 366 389 416 438 502 505 514 522 578 596 602 638 655 752 763 768 849 874 878 927 945
63.446969697 24.1563055062 33 0 0 1 1 4 5 6 11 14 15 16 17 18 21 22 23 26 28 31 31 32 33 34 35 37 38 39 40 43 44 44 48 49 0 0 107 117 195 209 210 223 249 260 304 334 360 446 496 500 515 515 578 597 618 698 708 748 751 763 827 859 867 881 929 940 957
45.4545454545 43.161634103 33 0 0 1 3 4 7 7 10 12 15 18 19 19 21 25 25 28 29 29 31 32 32 33 35 36 36 39 41 42 42 45 47 47 0 137 155 219 268 306 322 341 364 371 404 453 457 478 496 498 549 581 598 606 608 689 776 806 816 820 882 952 953 972 979 979 981
64.3939393939 51.865008881 33 0 2 3 5 6 9 12 12 13 13 13 17 17 22 23 24 25 27 28 28 30 32 32 35 36 37 37 37 38 38 38 41 44 0 143 165 183 184 261 279 308 335 443 487 500 520 524 527 631 651 663 672 691 724 769 774 799 818 841 886 905 910 916 932 956 994
87.5 44.9378330373 33 0 2 2 2 3 6 9 11 11 13 13 14 17 18 18 22 23 24 26 27 31 32 32 32 34 35 38 43 45 45 46 48 49 0 127 156 193 232 233 233 263 320 364 386 435 473 475 490 576 604 633 633 634 659 668 712 777 796 816 831 878 890 911 949 965 981
62.5 62.3445825933 33 0 0 4 9 11 12 12 13 13 14 16 16 18 19 20 20 21 23 24 26 30 35 36 36 37 38 39 40 40 42 48 49 49 0 123 126 173 188 217 222 278 294 317 337 350 395 398 448 464 491 492 513 521 569 617 620 671 710 717 776 780 807 896 956 977 983
44.1287878788 73.5346358792 33 0 0 4 10 10 11 12 17 17 17 19 21 21 24 24 26 30 30 30 32 32 35 36 38 40 41 42 43 46 48 48 49 49 0 0 144 170 173 252 266 296 307 338 359 389 392 430 465 520 530 553 563 577 619 632 639 741 792 801 821 866 871 928 976 984 991
33.1439393939 84.7246891652 33 0 3 8 10 10 10 10 14 14 15 16 19 22 24 24 30 32 36 37 39 39 41 41 42 42 43 43 44 45 46 47 47 49 0 127 227 243 255 294 313 316 328 340 341 444 482 491 503 552 558 617 643 684 703 706 711 732 777 782 832 840 858 874 900 933 962
73.4848484848 63.4103019538 33 0 2 3 4 4 4 7 8 8 10 12 19 21 23 24 24 25 29 30 30 31 31 31 31 35 35 37 37 41 45 48 48 48 0 100 128 178 191 205 224 237 242 283 301 320 324 373 393 393 463 491 508 511 583 682 726 735 740 761 767 771 780 796 814 969 983
53.7878787879 66.2522202487 33 0 1 1 3 4 4 7 10 12 16 17 18 20 24 25 26 29 31 31 32 33 39 39 40 41 43 43 44 44 45 45 46 47 0 102 111 119 181 246 284 308 314 348 352 422 426 469 480 511 568 640 665 691 724 734 739 749 753 826 845 852 882 937 964 994 996
35.4166666667 62.1669626998 33 0 0 0 0 2 3 5 6 10 13 14 19 21 24 25 26 32 32 34 34 34 38 40 41 42 42 43 44 44 45 45 47 49 0 0 151 152 174 200 239 260 276 332 377 406 411 417 444 452 457 460 526 534 548 592 623 643 649 719 723 769 780 805 895 898 958
53.4090909091 70.5150976909 33 0 1 3 3 5 6 7 7 7 7 11 17 17 17 19 23 24 25 29 29 34 34 34 35 36 40 40 41 41 41 47 49 49 0 143 160 170 182 189 203 228 299 320 334 335 354 356 360 458 473 546 628 631 679 685 747 752 777 825 832 833 859 885 913 968 977
53.9772727273 38.7211367673 33 0 0 1 1 2 3 6 7 9 10 13 13 13 16 17 19 21 26 30 31 32 33 33 34 34 35 37 37 38 42 43 44 45 0 0 102 158 166 185 224 246 290 326 368 370 426 451 493 502 523 528 589 650 659 667 714 812 818 824 839 878 885 912 935 952 996
34.0909090909 50.4440497336 33 0 0 0 1 2 3 4 5 7 8 10 15 15 15 16 17 17 20 21 23 26 26 30 30 31 34 34 39 39 42 48 48 48 0 0 124 138 152 222 263 321 323 324 327 328 334 415 427 461 492 524 568 571 652 654 778 795 801 822 824 846 887 958 976 981 999
62.3106060606 5.50621669627 33 0 1 2 4 5 6 10 10 12 12 14 16 20 20 25 26 27 27 27 28 28 31 32 34 35 35 36 37 41 42 45 45 46 0 100 102 105 112 128 149 151 243 245 267 281 288 290 311 319 435 473 532 601 654 674 733 768 784 787 808 863 866 867 868 997 998
50.1893939394 62.1669626998 33 0 3 4 5 5 6 7 7 9 10 10 15 16 16 19 22 23 23 25 28 33 36 38 38 38 39 42 43 43 44 46 47 49 0 109 116 161 254 271 318 328 391 420 467 523 539 545 600 637 643 647 659 689 744 748 762 765 776 799 841 857 928 954 964 970 997
46.9696969697 43.5168738899 33 0 2 3 5 7 7 7 11 13 13 14 14 14 15 19 20 20 22 23 24 24 24 28 29 32 34 41 43 44 45 45 48 49 0 174 191 202 255 257 260 288 367 418 430 432 487 528 546 551 580 617 634 640 718 722 736 744 787 789 872 900 905 955 956 963 992
61.9318181818 74.2451154529 33 0 3 4 6 6 7 7 9 9 13 16 16 18 18 22 23 24 25 27 29 32 34 34 34 35 36 37 38 42 42 44 44 47 0 0 146 146 151 155 158 214 222 239 267 333 342 355 358 368 442 458 466 474 514 544 545 631 639 672 677 678 679 682 709 819 929
13.446969697 22.2024866785 33 0 2 3 4 7 7 7 8 10 10 11 11 11 12 13 15 15 15 26 29 34 35 35 36 36 37 38 40 43 43 45 48 48 0 0 132 153 193 246 332 341 354 373 377 403 407 424 434 456 457 509 523 552 592 619 633 738 761 869 877 879 936 941 950 981 995
0.0 51.1545293073 33 0 1 2 3 3 3 3 4 7 10 10 11 11 12 14 16 16 17 18 22 27 34 36 38 43 43 43 44 44 45 46 47 48 0 152 155 207 240 306 317 351 365 379 404 461 467 474 500 519 519 528 546 548 622 640 650 651 681 690 700 723 724 821 959 984 996
60.7954545455 72.2912966252 33 0 0 1 1 1 1 2 4 8 10 11 11 12 15 16 16 20 22 22 24 24 27 30 33 35 35 39 40 41 41 42 43 47 0 112 122 159 162 166 205 229 232 243 245 295 308 364 371 534 537 548 601 630 638 743 758 763 796 804 820 899 928 928 929 980 998
27.8409090909 54.5293072824 33 0 4 5 6 8 9 9 11 12 15 15 17 20 20 22 25 26 31 31 32 32 36 36 38 38 40 42 43 43 44 46 46 48 0 181 213 263 322 329 338 359 388 388 423 468 486 527 534 567 608 625 627 630 718 763 845 845 898 927 940 955 962 965 967 977 982
60.9848484848 59.5026642984 33 0 0 3 8 11 11 12 12 13 13 17 17 18 18 20 21 24 24 25 25 27 28 30 30 30 31 32 35 36 37 41 46 48 0 0 130 171 182 188 192 208 225 252 264 267 297 338 358 392 418 443 506 564 600 675 679 693 733 747 795 808 821 885 936 955 977
44.8863636364 73.0017761989 33 0 5 6 8 10 10 13 14 14 15 19 19 21 23 23 25 26 27 36 37 39 39 42 43 43 44 45 45 46 46 48 48 49 0 0 118 239 282 312 314 326 339 375 414 427 445 452 456 504 508 567 573 619 630 634 647 680 733 759 765 768 861 891 912 934 986
29.9242424242 46.891651865 33 0 0 1 5 6 6 7 7 12 13 15 16 20 21 23 26 27 28 29 30 30 33 34 35 36 39 39 42 46 47 47 48 48 0 118 132 137 147 238 239 282 288 288 290 315 347 362 384 453 464 505 506 513 555 598 618 659 796 828 834 840 855 941 953 989 994
60.7954545455 41.3854351687 33 0 2 4 4 5 5 7 9 12 12 13 14 16 16 16 18 18 23 24 24 25 25 27 28 29 30 30 33 33 35 35 36 46 0 103 122 131 139 170 260 288 366 382 386 405 531 572 594 597 608 609 623 681 721 726 733 785 831 837 842 869 871 900 907 957 960
43.9393939394 21.1367673179 33 0 1 3 4 5 6 8 9 11 13 13 15 15 16 16 18 18 19 23 23 24 25 25 30 33 35 36 38 39 45 47 48 49 0 111 174 241 259 322 342 350 353 370 380 386 423 436 445 449 450 468 546 619 770 777 787 801 808 816 835 837 848 900 911 960 965
42.803030303 76.9094138544 33 0 1 2 3 4 5 7 7 7 8 11 12 15 17 18 18 19 20 24 25 31 34 35 37 38 38 41 41 45 46 46 47 49 0 174 192 206 267 300 305 312 325 356 362 424 449 483 521 528 528 551 620 654 683 697 782 783 791 796 835 857 883 957 969 981 988
33.9015151515 50.4440497336 33 0 0 1 1 2 7 8 8 9 9 10 10 10 10 15 20 21 24 26 29 31 31 32 36 40 41 44 45 45 45 46 49 49 0 217 230 239 248 267 274 367 370 376 447 463 487 516 527 546 547 563 606 665 666 687 701 735 753 833 865 903 905 931 952 960 964
46.0227272727 61.9893428064 33 0 1 7 9 11 12 14 17 18 18 20 20 21 23 25 25 26 26 29 29 31 32 35 35 35 37 39 43 43 45 46 47 48 0 141 162 181 182 195 210 218 228 270 294 368 422 424 457 463 509 550 608 625 653 699 706 724 741 762 776 852 879 904 919 931 953
21.9696969697 54.5293072824 33 0 0 0 2 7 12 13 14 15 17 17 18 19 19 19 20 20 24 25 27 27 32 33 34 34 42 42 43 47 47 47 48 48 0 153 160 223 262 270 279 434 458 464 476 478 490 520 540 571 588 659 696 698 742 752 764 818 847 859 874 875 953 955 956 968 983
45.8333333333 75.1332149201 33 0 0 0 1 3 5 8 9 9 10 10 10 16 17 18 19 21 23 23 24 29 29 30 30 32 34 41 43 44 46 48 49 49 0 119 173 192 197 266 269 347 374 400 415 417 465 491 511 525 547 585 590 608 626 699 709 753 756 794 826 863 867 890 936 944 949
26.5151515152 63.4103019538 33 0 0 1 1 3 3 3 6 10 13 14 15 17 19 23 24 24 25 26 27 28 34 35 35 43 43 46 46 47 47 48 48 49 0 120 133 139 156 179 240 243 248 271 392 410 413 418 438 467 488 543 578 587 654 697 699 709 716 773 782 783 833 842 916 944 955
36.553030303 73.3570159858 33 0 1 4 5 6 6 7 10 11 12 13 13 16 16 20 21 22 24 25 26 27 27 30 32 32 33 34 34 43 46 49 49 49 0 110 144 148 177 178 180 195 293 297 318 326 334 350 369 446 474 484 498 511 556 559 571 593 634 762 767 772 784 824 836 910 912
68.9393939394 50.4440497336 33 0 0 0 0 1 2 5 5 10 11 13 14 14 15 17 21 22 22 24 24 25 26 28 28 29 30 34 38 40 42 42 45 46 0 103 110 117 165 207 218 220 232 282 317 373 374 393 406 424 469 470 494 547 581 659 775 800 813 826 836 866 875 880 944 972 996
46.2121212121 80.4618117229 33 0 0 1 1 1 3 5 12 12 13 13 14 15 15 15 17 20 22 23 25 25 25 25 29 32 36 38 39 40 44 44 46 48 0 0 159 196 207 267 276 326 378 386 409 430 453 490 517 525 545 547 602 645 651 678 684 785 805 808 815 833 862 869 872 894 937
49.2424242424 26.2877442274 33 0 0 2 3 4 4 4 5 5 6 7 7 12 12 13 13 16 19 20 25 25 27 28 29 30 39 39 42 43 44 46 47 48 0 194 209 250 288 332 343 355 357 437 452 512 539 543 617 625 636 714 720 727 739 777 778 778 827 828 853 865 907 919 925 931 959
57.7651515152 59.325044405 33 0 0 1 4 5 7 8 10 10 11 12 15 21 23 23 23 23 25 32 32 33 36 37 37 38 38 40 41 43 46 47 49 49 0 104 157 280 299 321 389 398 399 430 498 569 585 629 643 649 663 701 707 760 786 848 849 864 864 870 871 882 892 924 936 941 943
76.5151515152 88.0994671403 33 0 0 2 2 2 7 10 11 11 12 12 13 13 16 17 17 18 22 25 25 25 27 31 31 36 37 38 38 41 44 44 45 46 0 102 115 120 153 166 184 185 307 311 317 394 428 438 492 503 548 600 745 751 758 808 832 850 873 888 902 929 947 968 974 975 979
68.5606060606 72.2912966252 33 0 1 4 4 7 14 15 16 20 20 21 22 23 26 26 29 31 31 33 35 35 35 38 39 40 41 42 44 44 46 47 47 49 0 134 232 290 337 372 380 385 386 393 415 416 448 450 461 555 561 597 600 659 685 691 697 715 737 874 892 897 911 916 921 974 989
48.2954545455 38.188277087 33 0 2 4 10 10 12 12 13 14 16 17 17 19 20 23 23 24 24 31 31 32 33 34 36 36 38 44 44 45 46 47 47 48 0 0 121 136 138 167 244 261 282 324 345 362 364 400 414 421 498 512 530 572 611 623 705 724 735 751 754 782 797 814 837 870 962
29.5454545455 42.2735346359 33 0 0 1 1 1 3 6 8 14 14 16 17 19 20 20 20 21 22 24 24 25 27 27 30 34 35 35 36 42 42 48 48 48 0 100 131 199 202 281 289 355 413 419 440 443 454 483 494 496 508 531 593 606 621 625 628 633 685 740 754 771 799 929 933 945 997
48.4848484848 65.0088809947 33 0 0 1 1 2 3 4 6 8 8 13 14 15 16 18 19 19 19 23 25 27 30 31 32 34 35 37 38 39 39 40 43 44 0 0 123 134 166 180 182 224 271 273 275 283 502 510 541 575 595 614 667 682 728 755 788 796 826 859 860 867 909 912 966 992 995
58.7121212121 46.7140319716 33 0 1 3 4 5 6 6 7 9 9 10 12 15 17 18 19 20 20 21 23 26 26 28 28 31 32 32 33 35 41 41 43 49 0 119 181 221 242 250 264 303 305 392 394 534 546 606 647 653 657 664 666 691 697 735 746 756 774 801 873 883 912 951 970 975 990
48.6742424242 46.5364120782 33 0 1 1 2 2 2 2 4 5 7 16 18 18 21 24 25 26 29 29 30 31 32 35 38 39 40 40 41 43 45 47 48 49 0 112 124 137 137 180 216 336 388 390 393 401 445 477 513 555 568 589 591 594 622 641 648 669 703 703 751 847 866 964 978 978 993
40.7196969697 47.6021314387 33 0 2 4 5 6 8 8 8 11 12 14 15 17 18 19 19 21 23 24 25 29 29 29 30 34 34 36 36 40 43 44 46 49 0 125 137 141 221 234 260 280 362 418 420 448 465 481 481 507 513 573 617 633 639 656 702 739 755 761 788 807 825 879 888 909 978
41.6666666667 49.378330373 33 0 0 0 2 3 5 5 6 8 8 10 14 14 16 16 17 19 20 22 23 30 30 30 32 32 33 38 39 43 45 47 48 49 0 0 114 122 133 272 281 329 359 366 419 435 453 463 470 475 521 576 655 695 728 753 765 802 876 909 922 924 927 930 966 981 986
49.8106060606 73.1793960924 33 0 0 1 1 2 4 5 5 5 6 6 8 8 12 13 17 17 18 19 21 25 28 30 31 31 31 31 33 37 38 44 49 49 0 0 139 163 194 224 294 369 374 409 415 435 469 493 507 529 563 568 569 602 609 756 838 858 877 904 927 961 962 962 977 977 981
56.25 69.9822380107 33 0 0 0 1 3 6 7 8 8 12 13 13 16 19 20 24 25 27 27 28 30 30 31 31 33 39 40 43 44 45 47 47 49 0 103 113 149 172 176 256 265 272 337 413 431 434 444 449 544 603 663 663 714 714 774 780 781 786 795 866 891 894 903 936 957 988
66.0984848485 38.188277087 33 0 3 3 4 5 6 6 8 14 15 15 15 16 16 20 21 21 23 24 25 25 26 32 36 37 38 39 42 42 45 45 47 48 0 0 107 126 133 159 179 247 274 301 336 342 355 373 430 450 503 524 541 552 562 584 591 629 656 723 750 750 769 843 854 907 953
45.2651515152 39.7868561279 33 0 0 2 3 9 9 11 11 11 12 13 13 14 18 19 19 21 23 26 26 27 31 33 36 39 39 39 40 42 43 44 48 49 0 0 166 170 188 210 240 274 275 304 364 421 440 471 496 503 538 567 598 615 675 677 678 703 703 706 761 839 872 876 886 941 990
31.0606060606 46.1811722913 33 0 0 0 2 4 5 5 6 7 10 13 15 18 18 18 19 19 21 22 23 31 34 34 34 35 37 38 40 40 40 44 44 47 0 165 169 172 174 204 226 232 232 270 285 295 333 373 409 411 430 476 476 502 514 515 563 646 656 690 769 802 805 932 951 964 993
68.1818181818 47.4245115453 33 0 0 2 3 7 7 9 9 12 12 13 13 16 19 25 29 30 31 32 34 35 35 35 37 37 38 40 40 42 46 48 48 49 0 103 121 137 143 153 159 222 255 259 321 344 375 429 434 464 506 540 549 562 574 731 775 817 826 860 881 903 905 909 926 941 989
36.1742424242 46.0035523979 33 0 4 4 6 7 7 10 12 14 16 17 18 20 21 22 22 23 24 25 29 29 30 30 34 35 35 39 41 44 46 48 49 49 0 114 124 146 236 359 459 464 472 473 504 601 607 647 662 698 706 745 747 748 752 754 764 766 773 788 836 869 881 909 920 943 962
27.0833333333 44.2273534636 33 0 3 8 13 15 18 19 19 21 22 22 23 24 24 24 28 28 28 29 29 30 34 34 36 38 39 40 42 44 44 45 47 48 0 166 175 204 231 242 252 286 300 375 437 451 455 462 465 470 475 491 493 581 593 619 679 685 729 780 819 843 887 899 902 959 987
42.2348484848 56.1278863233 33 0 2 2 4 4 5 7 11 13 14 16 17 17 17 18 18 19 19 20 20 20 22 22 27 27 30 30 33 35 36 38 44 45 0 120 252 277 282 291 292 314 345 354 375 393 408 414 418 450 514 516 553 643 657 677 695 706 735 781 878 880 903 936 940 954 983
46.0227272727 28.0639431616 33 0 1 2 3 3 3 4 5 6 7 11 12 14 18 18 25 29 31 32 34 34 36 36 38 40 40 41 42 43 43 44 44 49 0 121 126 139 166 170 177 189 247 254 267 291 317 355 357 364 400 415 439 440 462 477 509 540 550 649 685 805 842 863 904 968 999
29.3560606061 54.7069271758 33 0 1 2 4 5 7 8 8 8 9 10 14 14 15 16 20 22 24 25 26 26 27 29 33 35 35 36 37 42 46 49 49 49 0 126 134 164 167 238 327 442 476 505 518 534 550 554 560 611 625 653 705 738 749 782 821 860 872 878 914 928 960 962 978 982 982
29.7348484848 16.3410301954 33 0 2 3 3 4 5 9 11 11 12 15 15 17 18 21 22 24 25 25 26 30 34 35 35 36 37 39 42 43 45 46 47 47 0 0 112 159 174 202 210 220 229 286 336 357 396 397 404 424 440 455 523 539 573 574 596 626 630 705 754 786 843 845 847 928 996
33.9015151515 76.1989342806 33 0 1 3 4 4 5 5 6 7 7 8 11 11 11 12 15 17 19 19 26 27 29 32 33 34 35 36 40 40 42 43 45 47 0 0 112 150 151 221 242 247 302 303 315 349 359 367 427 433 476 500 583 637 640 647 706 719 744 766 767 769 790 810 902 941 998
60.7954545455 44.5825932504 33 0 0 1 2 5 8 8 8 9 9 11 12 17 18 18 19 21 23 23 25 29 29 30 39 39 40 40 41 42 44 44 46 49 0 0 104 178 214 244 258 259 264 278 325 334 341 341 438 443 481 526 604 637 735 740 768 773 784 838 893 893 900 907 962 973 975
52.0833333333 65.1865008881 33 0 3 4 5 6 10 10 12 12 12 16 17 17 19 27 27 28 30 30 30 31 32 33 34 35 36 36 37 37 38 39 42 49 0 0 127 130 141 162 179 189 246 268 282 343 371 380 383 422 462 500 587 588 592 647 647 667 669 721 752 761 809 845 877 907 940
46.7803030303 59.6802841918 33 0 1 3 6 7 10 10 11 13 13 16 19 21 21 23 24 25 27 29 29 31 35 38 39 41 42 43 44 45 45 46 47 48 0 129 130 134 211 213 268 274 324 362 386 499 504 514 527 545 595 598 615 632 639 668 694 703 719 735 786 806 832 867 924 939 976
68.5606060606 50.4440497336 33 0 0 1 3 7 13 14 15 16 26 27 28 29 29 30 33 34 35 36 37 38 39 40 40 40 43 43 43 44 44 46 47 49 0 138 162 219 237 258 305 328 414 418 446 461 484 508 590 632 666 697 703 756 776 802 817 873 878 891 912 922 927 936 941 970 996
52.4621212121 38.0106571936 33 0 3 3 6 7 7 7 8 11 14 16 17 18 18 23 28 29 31 33 34 34 35 37 37 38 40 42 44 46 47 47 47 49 0 0 134 155 165 211 214 277 283 284 328 335 374 398 403 407 441 442 495 502 510 511 531 801 804 810 818 824 844 857 893 942 960
89.9621212121 64.4760213144 33 0 0 1 1 2 3 3 4 7 8 8 9 11 14 16 16 18 20 24 26 26 28 31 32 33 35 36 37 40 42 44 46 46 0 100 128 154 166 176 220 240 257 270 295 304 357 449 466 517 520 555 617 618 652 675 726 783 805 806 808 870 874 893 906 972 977
44.5075757576 68.3836589698 33 0 0 2 6 6 9 10 10 13 14 15 16 18 21 25 26 26 27 29 30 30 32 35 40 41 41 42 42 42 44 44 46 49 0 163 236 241 256 264 312 313 390 411 449 461 466 527 537 539 545 553 570 580 586 597 607 627 631 665 767 839 924 970 975 984 993
70.6439393939 45.1154529307 33 0 0 1 1 1 3 4 7 10 14 16 16 18 20 20 23 23 24 26 28 28 32 33 34 35 36 36 40 41 44 45 46 46 0 186 199 218 221 229 237 243 267 307 325 340 351 379 391 506 537 544 554 556 561 566 568 592 625 653 677 682 734 804 812 931 997
54.3560606061 41.7406749556 33 0 0 0 3 4 5 6 6 8 8 9 10 11 14 15 18 18 19 20 23 24 24 26 27 28 37 37 40 43 43 44 46 47 0 100 131 175 199 208 251 262 282 284 308 320 320 326 347 352 387 484 514 527 532 547 560 592 642 653 728 736 769 840 869 880 970
68.9393939394 53.8188277087 33 0 0 1 5 7 7 8 9 10 11 12 12 13 14 16 16 18 20 20 22 25 27 27 31 32 32 32 36 38 39 45 45 49 0 141 217 241 272 275 278 322 368 382 385 394 400 405 460 463 496 515 530 567 591 614 674 696 735 763 786 809 819 847 868 885 936
30.4924242424 48.134991119 33 0 0 3 4 4 5 6 6 7 8 12 17 18 18 20 21 21 24 25 26 27 27 27 30 32 33 34 36 37 40 41 42 42 0 125 154 159 186 206 233 248 262 276 312 356 362 363 395 402 413 468 564 590 598 603 620 631 633 644 713 727 784 789 854 861 995
46.0227272727 66.6074600355 33 0 0 0 7 7 8 8 9 9 9 13 13 15 15 16 17 18 20 21 26 27 27 29 31 31 36 36 36 37 38 45 47 49 0 0 106 129 134 156 158 197 253 258 293 322 349 434 495 516 533 543 554 556 674 715 730 751 759 791 808 818 852 899 911 953 986
67.0454545455 65.7193605684 33 0 1 1 3 6 11 13 14 16 17 18 18 20 21 21 22 23 25 25 26 27 31 35 39 39 43 43 43 44 45 46 46 49 0 159 170 185 205 268 340 361 375 401 413 424 425 435 446 470 486 498 503 562 680 685 693 706 749 768 770 788 815 853 862 894 944
46.2121212121 65.1865008881 33 0 2 5 5 5 6 6 6 8 9 9 11 12 13 13 17 18 19 19 19 21 27 31 31 32 40 42 45 45 46 47 48 49 0 0 105 112 125 159 164 207 280 324 345 371 421 422 488 527 550 590 634 635 643 709 711 741 756 793 825 833 846 862 940 967 998
58.1439393939 71.0479573712 33 0 1 2 3 6 8 9 10 13 14 14 14 16 17 19 24 24 25 25 27 29 31 31 31 33 33 33 36 36 37 40 44 47 0 140 177 189 214 221 286 312 341 350 370 383 429 434 474 475 516 546 681 683 729 734 737 741 762 771 836 854 924 924 925 947 980
73.8636363636 39.6092362345 33 0 0 3 7 9 10 11 12 12 16 20 23 25 27 27 27 28 29 30 31 33 35 36 36 37 37 38 39 40 41 41 42 48 0 100 126 160 194 264 283 291 375 377 391 445 465 471 481 516 599 619 620 650 664 745 763 776 784 789 797 850 902 949 959 965 970
19.3181818182 40.674955595 33 0 1 1 2 3 3 4 5 5 5 6 6 11 15 16 18 18 19 21 23 24 27 33 33 36 39 40 41 42 44 45 46 48 0 0 107 158 217 227 237 309 328 358 371 422 422 424 430 440 484 506 527 532 541 545 547 551 586 588 590 629 747 793 824 903 995
64.0151515152 71.7584369449 33 0 1 1 3 5 6 6 8 10 10 10 11 11 13 15 16 22 27 27 30 30 35 37 38 39 41 41 42 43 43 46 47 48 0 0 144 150 186 215 265 324 357 395 402 449 450 457 528 656 696 725 745 794 832 835 835 837 866 869 882 936 947 948 957 988 993
65.1515151515 51.865008881 33 0 0 2 3 4 9 11 12 12 12 12 13 17 20 22 23 23 24 25 27 31 31 35 35 38 39 41 42 42 43 45 46 49 0 110 150 235 278 307 329 361 368 402 433 439 448 454 458 505 556 573 579 581 603 647 657 664 676 684 706 760 812 829 927 934 962
63.8257575758 53.9964476021 33 0 2 4 7 8 11 17 17 17 17 17 18 19 19 21 24 26 26 26 29 31 31 34 34 36 40 43 43 45 45 46 46 46 0 141 211 232 253 356 372 382 473 489 510 528 533 566 580 613 627 632 673 742 804 820 824 826 830 843 845 871 875 890 893 957 997
71.0227272727 55.7726465364 33 0 0 4 7 8 9 11 11 11 12 15 20 21 23 25 29 30 30 32 36 36 38 39 39 41 41 42 42 43 44 44 45 47 0 118 124 134 177 192 223 228 241 241 249 275 280 310 312 313 344 352 386 402 471 480 489 533 575 631 691 746 759 772 827 945 948
40.5303030303 70.8703374778 33 0 1 2 9 9 11 12 12 13 14 14 16 17 18 19 20 20 22 23 24 26 28 28 29 31 32 36 37 38 39 40 47 48 0 0 127 139 187 218 218 236 294 296 370 378 392 410 411 425 432 506 578 610 615 619 643 659 661 825 865 870 893 894 904 930 938
45.6439393939 67.3179396092 33 0 4 6 6 9 10 11 12 12 17 18 19 20 21 21 22 27 28 28 32 34 36 37 38 38 38 40 44 46 46 47 47 47 0 119 150 201 215 232 257 330 373 429 447 456 459 495 497 522 534 566 611 614 638 642 728 733 744 764 775 794 815 817 821 848 889
10.9848484848 65.1865008881 33 0 1 2 5 6 7 8 8 9 11 13 14 15 17 20 22 23 25 28 33 33 34 35 37 37 38 41 45 46 47 47 48 49 0 113 126 145 176 184 185 197 200 226 249 320 396 414 445 488 522 574 626 687 687 718 728 735 742 766 768 785 795 799 916 973 981
32.9545454545 52.7531083481 33 0 0 2 2 3 3 4 4 7 7 8 8 9 9 12 12 15 16 16 17 17 18 21 29 29 31 32 35 37 37 38 39 42 0 123 126 140 142 176 196 225 255 261 269 284 326 343 355 367 368 394 443 495 537 586 599 619 633 669 707 743 816 911 927 936 989
100.0 57.7264653641 33 0 3 7 7 8 9 10 11 13 14 16 18 18 19 19 20 21 22 23 27 33 38 39 39 40 41 42 43 44 44 46 48 49 0 108 128 165 166 204 225 250 251 314 334 343 375 389 398 422 432 455 489 524 568 577 577 611 647 743 790 793 818 856 904 907 915
32.9545454545 57.9040852575 33 0 0 2 2 3 5 7 7 8 9 10 11 11 20 20 20 20 20 23 23 24 25 32 34 36 37 38 39 41 41 45 48 49 0 116 135 152 223 238 299 301 339 344 349 363 385 420 468 480 558 611 637 659 662 701 704 728 750 754 790 844 851 854 868 870 981
55.4924242424 83.836589698 33 0 2 2 3 4 7 8 9 9 9 11 11 15 15 16 17 17 20 20 23 25 26 27 27 30 33 38 38 40 41 43 44 45 0 121 177 216 233 237 247 265 301 301 342 391 461 483 510 513 513 528 565 567 607 612 613 648 665 694 734 740 775 841 871 913 917
38.8257575758 41.5630550622 33 0 4 5 7 8 9 11 12 12 12 13 15 15 16 17 22 23 27 28 31 31 33 34 35 36 37 38 43 46 46 47 47 49 0 110 170 195 199 221 228 237 238 241 280 303 318 321 363 383 384 488 491 542 558 596 620 667 700 747 748 769 814 822 844 864 884
52.8409090909 65.0088809947 33 0 0 0 2 2 4 6 8 14 17 17 18 20 20 23 24 24 25 25 31 31 32 34 37 39 42 43 44 46 47 48 48 49 0 194 200 274 334 387 417 429 448 456 473 505 507 524 553 576 580 615 658 713 740 798 807 820 844 874 885 891 916 929 953 965 996
48.2954545455 60.0355239787 33 0 1 1 5 5 5 6 7 9 12 12 17 19 19 23 24 26 26 27 28 33 34 38 39 39 39 40 40 40 42 47 48 49 0 103 132 158 163 205 274 279 280 299 306 391 396 462 477 505 519 526 562 590 612 637 676 704 764 768 773 843 862 899 948 949 998
7.57575757576 57.7264653641 33 0 0 1 1 2 2 3 3 4 5 6 9 10 11 14 15 17 20 20 22 23 25 25 29 31 32 33 33 40 40 41 41 44 0 150 151 151 156 229 239 241 245 248 268 316 328 332 398 436 436 439 464 472 527 528 588 657 672 674 680 750 755 780 825 838 844
54.5454545455 65.7193605684 33 0 0 0 2 2 4 4 5 6 7 7 8 8 9 10 16 16 19 19 20 22 26 29 30 31 33 33 37 38 45 46 47 49 0 125 195 210 227 350 479 486 500 563 572 610 611 620 668 668 702 739 806 809 826 854 857 869 900 904 930 932 964 980 983 994 999
26.8939393939 45.648312611 33 0 2 3 5 6 7 10 11 14 15 19 21 22 22 22 26 30 32 33 35 36 37 37 40 41 41 42 42 43 44 47 48 48 0 0 105 124 187 190 222 296 322 454 456 464 492 501 512 532 540 541 555 561 647 710 731 763 782 827 895 913 914 937 952 961 974
207
66.4310954064 0.0 7
36.5724381625 50.4655493482 3
69.4346289753 60.1489757914 8
59.8939929329 56.4245810056 1
46.1130742049 34.0782122905 7
25.4416961131 33.147113594 4
87.4558303887 29.9813780261 6
43.9929328622 15.6424581006 7
61.6607773852 69.2737430168 5
68.9045936396 76.3500931099 4
48.9399293286 52.1415270019 1
22.9681978799 61.6387337058 3
47.703180212 72.2532588454 6
55.4770318021 54.3761638734 2
65.5477031802 66.2942271881 5
29.8586572438 39.8510242086 4
81.0954063604 27.5605214153 8
23.851590106 63.5009310987 7
39.3992932862 60.1489757914 8
59.1872791519 63.687150838 9
8.12720848057 61.8249534451 7
29.8586572438 68.5288640596 3
33.3922261484 40.2234636872 9
43.9929328622 65.1769087523 7
14.6643109541 53.8175046555 4
35.5123674912 57.1694599628 5
55.6537102473 44.3202979516 7
18.3745583039 44.6927374302 7
59.7173144876 48.0446927374 7
50.0 21.04283054 7
44.5229681979 82.3091247672 9
50.3533568905 76.5363128492 4
2.65017667845 87.7094972067 9
53.7102473498 56.4245810056 9
70.6713780919 51.3966480447 5
32.6855123675 68.3426443203 2
35.8657243816 75.0465549348 8
77.0318021201 83.2402234637 9
87.6325088339 31.843575419 1
63.4275618375 78.7709497207 3
48.0565371025 46.9273743017 5
60.6007067138 30.5400372439 8
59.1872791519 69.8324022346 1
60.2473498233 62.5698324022 5
63.6042402827 89.3854748603 4
51.5901060071 34.6368715084 9
64.1342756184 49.3482309125 3
24.3816254417 47.2998137803 4
48.4098939929 33.3333333333 2
56.7137809187 41.7132216015 9
66.4310954064 58.6592178771 9
39.0459363958 43.3891992551 1
46.9964664311 55.3072625698 6
64.8409893993 50.2793296089 1
51.0600706714 42.0856610801 5
31.4487632509 58.4729981378 8
37.6325088339 76.7225325885 2
44.8763250883 65.9217877095 2
35.1590106007 35.5679702048 2
71.554770318 48.6033519553 2
53.3568904594 72.0670391061 6
53.3568904594 48.6033519553 5
43.9929328622 54.9348230912 4
100.0 59.0316573557 2
90.1060070671 96.4618249534 1
65.0176678445 64.6182495345 6
27.7385159011 45.4376163873 4
37.2791519435 93.2960893855 9
68.0212014134 39.2923649907 3
34.8056537102 32.0297951583 3
58.3038869258 60.3351955307 8
43.109540636 53.6312849162 3
63.2508833922 41.1545623836 8
27.0318021201 64.8044692737 5
44.8763250883 43.947858473 2
78.445229682 65.3631284916 1
37.8091872792 66.6666666667 8
70.8480565371 78.2122905028 2
50.1766784452 46.3687150838 1
41.519434629 51.3966480447 3
17.8445229682 44.3202979516 7
71.3780918728 100.0 2
59.8939929329 78.95716946 5
50.7067137809 63.687150838 1
43.4628975265 52.3277467412 7
37.8091872792 55.1210428305 4
82.1554770318 34.4506517691 6
71.0247349823 64.8044692737 5
60.9540636042 57.1694599628 6
48.4098939929 53.8175046555 9
44.3462897527 86.0335195531 7
72.7915194346 65.3631284916 1
33.038869258 72.4394785847 6
48.4098939929 41.8994413408 2
26.148409894 70.9497206704 8
37.6325088339 47.4860335196 3
40.6360424028 56.6108007449 8
40.1060070671 62.1973929236 6
43.6395759717 46.3687150838 2
12.1908127208 63.1284916201 4
67.4911660777 86.2197392924 1
29.3286219081 34.2644320298 9
31.4487632509 83.426443203 7
5.83038869258 17.8770949721 6
36.0424028269 26.4432029795 3
63.7809187279 30.3538175047 6
45.0530035336 52.1415270019 4
43.6395759717 59.9627560521 6
45.2296819788 67.2253258845 9
63.2508833922 36.312849162 1
36.0424028269 42.0856610801 1
34.4522968198 68.9013035382 1
50.8833922261 56.052141527 6
65.5477031802 56.7970204842 1
59.7173144876 37.4301675978 2
40.9893992933 47.6722532588 3
16.6077738516 34.8230912477 1
40.8127208481 63.5009310987 6
37.2791519435 90.5027932961 8
42.5795053004 45.251396648 9
37.1024734982 58.4729981378 9
66.7844522968 64.990689013 3
45.0530035336 30.1675977654 1
39.0459363958 43.3891992551 2
60.6007067138 23.6499068901 5
44.1696113074 70.7635009311 5
57.5971731449 48.0446927374 2
39.7526501767 44.3202979516 3
26.148409894 63.8733705773 5
68.9045936396 64.8044692737 8
0.0 75.9776536313 7
54.4169611307 51.2104283054 8
62.1908127208 39.6648044693 5
33.9222614841 20.6703910615 8
61.6607773852 54.0037243948 7
70.3180212014 54.1899441341 9
53.8869257951 56.9832402235 9
51.2367491166 77.094972067 6
34.4522968198 59.7765363128 5
67.667844523 83.6126629423 3
50.3533568905 53.6312849162 1
20.1413427562 51.582867784 6
80.74204947 37.2439478585 3
54.2402826855 63.3147113594 9
85.3356890459 83.426443203 7
58.8339222615 95.1582867784 3
40.9893992933 35.7541899441 9
62.1908127208 35.7541899441 5
51.9434628975 46.9273743017 2
46.2897526502 86.2197392924 9
44.5229681979 71.6945996276 7
37.1024734982 21.4152700186 1
68.3745583039 40.5959031657 3
40.4593639576 57.9143389199 4
38.3392226148 78.0260707635 6
23.3215547703 82.4953445065 3
60.2473498233 62.7560521415 4
33.9222614841 63.687150838 8
40.6360424028 21.9739292365 4
55.4770318021 42.0856610801 6
36.2190812721 28.8640595903 1
86.5724381625 69.8324022346 6
61.8374558304 43.5754189944 7
59.0106007067 57.9143389199 9
25.2650176678 55.6797020484 9
85.1590106007 55.8659217877 4
71.2014134276 36.1266294227 5
59.1872791519 20.6703910615 1
56.183745583 53.8175046555 8
54.593639576 75.9776536313 5
57.4204946996 50.4655493482 8
31.0954063604 63.687150838 7
52.296819788 34.8230912477 4
47.703180212 17.1322160149 1
66.0777385159 39.47858473 4
57.2438162544 41.3407821229 4
39.5759717314 61.6387337058 5
54.7703180212 40.4096834264 6
33.9222614841 30.7262569832 1
38.6925795053 25.6983240223 1
38.1625441696 9.49720670391 7
53.5335689046 47.6722532588 6
54.2402826855 45.4376163873 7
34.2756183746 31.4711359404 8
42.7561837456 81.0055865922 2
34.628975265 54.0037243948 6
53.0035335689 29.4227188082 8
17.3144876325 55.6797020484 8
60.4240282686 49.1620111732 3
53.7102473498 51.3966480447 9
59.1872791519 54.0037243948 8
35.6890459364 58.1005586592 3
32.8621908127 14.3389199255 2
14.1342756184 50.4655493482 4
14.8409893993 98.1378026071 6
48.0565371025 53.2588454376 6
23.1448763251 48.417132216 2
60.4240282686 58.4729981378 9
75.4416961131 89.5716945996 6
37.8091872792 57.9143389199 6
42.9328621908 57.7281191806 2
56.890459364 67.5977653631 8
69.25795053 43.3891992551 9
26.8551236749 64.4320297952 9
40.1060070671 59.5903165736 2
63.6042402827 68.7150837989 8
70.3180212014 23.2774674115 2
