50
31.3856427379 72.6694915254 10 0 0 2 4 6 12 13 17 31 34 0 238 395 574 677 750 820 918 974 976
58.0968280467 33.0508474576 10 0 20 21 26 27 32 36 40 41 46 0 0 132 172 687 723 725 818 971 979
56.7612687813 75.6355932203 10 0 4 11 15 21 26 37 40 41 47 0 160 267 281 311 318 355 363 370 536
0.0 52.7542372881 10 0 1 5 7 20 25 37 41 48 48 0 0 114 323 341 402 470 514 818 872
61.9365609349 48.3050847458 10 0 5 8 13 27 28 29 31 36 44 0 107 141 150 253 306 599 730 730 896
82.8046744574 35.593220339 10 0 2 4 7 21 23 26 36 37 37 0 0 198 270 331 539 795 836 941 949
27.5459098497 65.0423728814 10 0 11 12 17 21 35 41 42 43 47 0 146 171 225 269 349 381 395 909 932
31.2186978297 34.9576271186 10 0 5 6 14 24 33 37 41 43 45 0 129 265 329 353 638 645 706 708 838
37.7295492487 19.7033898305 10 0 2 4 5 13 24 29 36 44 49 0 0 281 473 512 559 669 835 867 913
24.8747913189 26.906779661 10 0 2 2 8 17 23 26 29 31 43 0 166 266 328 444 631 648 712 781 962
53.9232053422 77.7542372881 10 0 1 5 12 16 32 34 35 43 48 0 225 420 466 495 519 730 763 825 843
33.3889816361 50.6355932203 10 0 2 7 16 16 21 40 44 45 46 0 122 418 526 538 588 601 880 940 977
48.4140233723 8.05084745763 10 0 7 15 18 29 32 32 32 35 49 0 0 161 164 220 643 742 899 902 935
42.2370617696 100.0 10 0 12 16 17 20 25 33 34 38 49 0 0 130 457 516 523 551 647 689 905
64.9415692821 42.3728813559 10 0 3 7 8 20 27 29 29 31 36 0 0 177 208 324 342 358 501 786 985
55.9265442404 25.2118644068 10 0 5 7 10 17 23 25 40 40 45 0 253 337 401 430 463 900 915 927 984
35.3923205342 62.2881355932 10 0 2 3 5 6 21 22 26 38 38 0 255 408 437 521 527 548 566 597 832
55.4257095159 41.7372881356 10 0 0 6 14 15 16 19 23 26 37 0 152 179 268 340 452 607 680 948 996
45.409015025 0.0 10 0 6 6 10 10 16 17 25 30 37 0 176 219 395 406 482 682 817 908 975
29.3823038397 50.8474576271 10 0 4 5 6 6 15 34 39 47 47 0 407 423 438 482 527 749 760 937 949
62.4373956594 50.2118644068 10 0 3 17 30 34 38 39 41 46 48 0 206 257 270 319 425 614 643 759 772
29.3823038397 50.2118644068 10 0 11 12 14 15 18 23 30 35 49 0 123 570 579 643 652 716 780 987 987
100.0 31.3559322034 10 0 6 7 8 11 11 16 34 45 47 0 164 230 286 295 298 342 377 764 882
43.9065108514 55.2966101695 10 0 10 13 25 26 27 27 38 41 46 0 0 210 490 499 555 668 757 767 879
18.530884808 39.1949152542 10 0 0 5 12 15 26 33 37 39 45 0 0 115 127 253 557 678 701 894 970
23.0383973289 60.1694915254 10 0 4 7 15 17 18 31 39 41 42 0 122 147 224 352 370 705 721 826 934
33.5559265442 51.0593220339 10 0 0 5 19 21 26 39 39 41 49 0 0 169 191 247 481 604 633 758 990
64.1068447412 34.7457627119 10 0 5 8 15 25 29 29 36 38 42 0 167 289 399 437 531 663 836 891 991
45.409015025 47.8813559322 10 0 9 16 16 25 26 28 29 34 44 0 127 175 356 410 483 802 805 891 944
62.1035058431 61.4406779661 10 0 1 10 28 29 30 30 41 43 44 0 112 232 311 445 659 718 871 945 951
14.5242070117 50.8474576271 10 0 3 4 5 7 14 20 20 32 48 0 206 336 390 562 598 684 797 859 955
54.9248747913 91.1016949153 10 0 2 7 12 16 20 24 26 39 44 0 0 170 176 368 445 473 519 575 769
51.9198664441 40.6779661017 10 0 4 9 10 16 21 21 25 40 49 0 0 254 290 430 641 837 862 918 937
54.0901502504 56.7796610169 10 0 1 8 13 16 28 34 37 37 44 0 124 126 387 478 594 720 730 975 986
58.7646076795 35.593220339 10 0 2 15 18 20 32 37 41 47 48 0 100 110 290 361 471 514 722 928 990
35.0584307179 13.1355932203 10 0 4 8 15 18 19 28 28 38 42 0 0 160 208 254 401 477 535 560 669
41.5692821369 48.5169491525 10 0 3 13 13 13 26 34 38 40 48 0 0 171 285 309 532 682 863 871 996
57.5959933222 63.7711864407 10 0 11 13 15 17 23 24 38 43 46 0 178 222 258 327 501 653 740 759 779
66.2771285476 44.7033898305 10 0 0 3 10 19 22 27 28 38 45 0 0 291 444 531 548 865 913 917 925
42.7378964942 53.813559322 10 0 1 9 12 13 19 24 27 37 44 0 190 418 439 445 507 532 662 825 939
55.2587646077 35.3813559322 10 0 2 25 28 35 37 43 47 48 49 0 104 171 203 564 577 608 608 855 893
28.2136894825 38.5593220339 10 0 1 13 13 20 21 24 25 33 49 0 282 492 629 658 711 819 878 951 998
72.9549248748 38.9830508475 10 0 0 0 14 16 23 33 36 40 46 0 0 149 217 237 296 647 672 914 914
50.0834724541 60.1694915254 10 0 2 7 14 15 18 27 39 40 48 0 0 544 576 642 649 716 777 863 969
65.1085141903 58.686440678 10 0 0 10 14 24 31 31 33 40 41 0 181 337 447 608 822 886 944 944 961
49.081803005 56.5677966102 10 0 1 3 14 19 21 29 39 45 48 0 106 142 166 211 323 459 631 647 762
33.7228714524 39.406779661 10 0 3 13 13 19 26 26 28 34 44 0 349 364 517 568 604 704 752 754 902
47.0784641068 27.5423728814 10 0 2 22 23 25 31 36 40 46 48 0 0 124 271 474 582 645 682 740 820
12.5208681135 54.8728813559 10 0 0 4 12 21 33 33 34 35 45 0 0 155 161 169 175 505 686 915 937
25.5425709516 48.9406779661 10 0 7 10 11 27 31 35 47 48 49 0 388 432 500 529 784 841 887 943 963
78
54.2961608775 77.0833333333 5
24.3144424132 43.287037037 9
96.3436928702 80.787037037 7
57.9524680073 78.4722222222 3
48.0804387569 63.8888888889 8
61.9744058501 53.7037037037 3
68.7385740402 63.4259259259 4
30.5301645338 74.0740740741 4
48.8117001828 65.5092592593 3
67.6416819013 80.3240740741 2
43.3272394881 20.6018518519 6
48.8117001828 74.0740740741 1
69.2870201097 49.537037037 7
49.3601462523 37.037037037 1
68.1901279707 31.712962963 9
48.6288848263 31.0185185185 2
80.0731261426 85.6481481481 3
71.1151736746 51.1574074074 7
45.3382084095 48.6111111111 6
61.4259597806 33.3333333333 8
75.5027422303 14.1203703704 6
58.6837294333 43.9814814815 2
61.7915904936 64.5833333333 9
65.4478976234 49.3055555556 8
70.9323583181 29.1666666667 2
46.9835466179 50.2314814815 7
47.3491773309 26.6203703704 7
37.8427787934 48.1481481481 7
78.6106032907 73.1481481481 8
52.8336380256 72.6851851852 1
63.802559415 81.0185185185 9
58.3180987203 46.7592592593 8
79.5246800731 46.5277777778 4
58.8665447898 46.0648148148 6
87.2029250457 66.8981481481 3
42.2303473492 47.2222222222 5
35.1005484461 46.5277777778 8
73.6745886654 63.6574074074 1
63.802559415 21.0648148148 8
77.6965265082 48.8425925926 7
47.8976234004 37.037037037 6
54.113345521 66.6666666667 5
73.491773309 69.4444444444 3
37.8427787934 80.0925925926 6
47.1663619744 26.1574074074 1
91.042047532 72.2222222222 1
53.747714808 83.1018518519 5
40.5850091408 9.25925925926 9
88.6654478976 83.1018518519 3
55.0274223035 69.6759259259 6
73.6745886654 35.1851851852 3
58.5009140768 51.6203703704 3
33.8208409506 50.2314814815 8
57.0383912249 65.2777777778 9
78.9762340037 67.5925925926 1
84.2778793419 69.4444444444 7
52.4680073126 72.9166666667 5
58.8665447898 43.5185185185 9
64.8994515539 52.7777777778 3
50.6398537477 43.5185185185 8
52.2851919561 28.0092592593 7
61.9744058501 34.7222222222 1
65.2650822669 52.3148148148 6
71.2979890311 47.9166666667 3
61.2431444241 37.962962963 4
0.0 100.0 2
41.4990859232 52.3148148148 9
58.3180987203 38.1944444444 4
76.5996343693 40.9722222222 9
100.0 65.9722222222 1
44.9725776965 89.5833333333 8
48.2632541133 17.5925925926 6
2.74223034735 54.1666666667 2
72.9433272395 61.8055555556 5
83.9122486289 0.0 7
71.4808043876 49.0740740741 7
67.4588665448 16.8981481481 9
59.2321755027 54.8611111111 9
