56
98.4756097561 100.0 12 0 10 10 12 14 19 26 30 30 30 33 49 0 111 182 270 317 342 459 589 637 833 920 993
25.3048780488 84.5691382766 12 0 9 14 19 20 21 25 28 29 39 41 46 0 194 254 350 361 476 674 708 778 812 863 914
0.0 88.376753507 12 0 0 1 4 6 13 24 27 31 38 46 47 0 178 287 500 556 590 602 657 677 780 850 883
78.6585365854 98.3967935872 12 0 3 3 7 16 29 30 31 38 39 44 44 0 0 142 170 252 445 571 745 749 866 887 990
70.7317073171 68.3366733467 12 0 0 6 17 20 22 22 27 28 38 46 47 0 0 102 176 193 237 301 332 390 401 682 828
53.6585365854 66.7334669339 12 0 2 7 15 33 35 36 37 41 41 42 42 0 179 189 249 278 300 312 447 455 643 868 948
91.4634146341 49.2985971944 12 0 1 5 8 11 13 18 23 24 24 26 34 0 225 230 453 477 563 586 805 810 914 924 971
55.7926829268 52.1042084168 12 0 5 10 13 16 23 37 40 43 44 46 47 0 0 143 386 504 634 639 664 791 870 872 878
100.0 60.9218436874 12 0 0 7 9 12 13 16 19 23 24 44 45 0 351 358 365 398 408 622 752 773 856 880 953
44.512195122 27.8557114228 12 0 5 9 10 15 20 21 33 35 35 36 41 0 0 238 324 414 416 571 658 697 751 761 811
50.6097560976 57.9158316633 12 0 10 10 11 21 23 25 27 32 35 40 49 0 228 247 442 556 580 619 635 744 822 822 881
33.2317073171 78.5571142285 12 0 0 5 13 18 19 31 36 37 45 45 47 0 0 274 319 340 462 653 682 744 864 910 996
78.6585365854 40.4809619238 12 0 6 9 20 25 28 28 28 36 40 49 49 0 253 263 307 373 591 623 664 797 815 887 966
55.487804878 84.5691382766 12 0 0 8 8 8 18 20 21 24 34 43 45 0 117 123 201 323 485 637 652 787 845 936 998
44.2073170732 49.2985971944 12 0 0 4 7 14 18 24 31 34 35 44 46 0 176 177 219 388 388 557 569 613 637 650 674
71.0365853659 86.372745491 12 0 0 3 8 11 11 24 36 37 38 39 42 0 160 339 340 512 624 638 741 750 830 853 903
87.8048780488 49.6993987976 12 0 7 13 17 20 23 35 36 39 42 44 47 0 222 274 314 330 336 339 408 436 743 857 906
57.3170731707 72.9458917836 12 0 12 13 14 22 33 35 38 39 39 42 47 0 161 169 225 232 267 273 300 489 675 737 738
46.0365853659 60.120240481 12 0 10 17 19 26 26 33 36 36 41 45 48 0 172 315 362 437 464 469 506 635 788 790 832
80.1829268293 50.1002004008 12 0 4 8 11 12 17 18 23 32 39 43 48 0 0 123 209 237 322 363 427 560 614 806 845
21.3414634146 64.3286573146 12 0 4 6 15 31 31 33 35 36 38 39 48 0 0 112 223 670 676 676 690 767 810 870 985
52.4390243902 55.9118236473 12 0 7 11 11 12 25 37 37 40 40 41 42 0 0 102 176 196 292 383 399 540 561 885 908
41.4634146341 93.3867735471 12 0 12 12 19 20 23 38 39 40 43 45 47 0 139 173 282 295 473 498 529 576 614 895 974
51.5243902439 53.5070140281 12 0 6 7 8 10 12 28 29 38 42 45 46 0 192 194 316 422 535 569 875 936 958 979 982
62.8048780488 62.7254509018 12 0 2 8 9 17 18 30 31 34 34 44 48 0 156 158 193 201 277 285 484 498 498 696 853
71.9512195122 29.2585170341 12 0 3 10 12 21 23 25 30 34 45 46 48 0 154 271 279 373 587 591 607 718 749 940 943
42.0731707317 65.9318637275 12 0 1 3 5 10 19 19 25 29 36 43 45 0 139 180 256 343 346 543 657 732 769 775 921
15.243902439 72.3446893788 12 0 0 5 7 7 12 14 19 21 23 46 48 0 0 206 263 310 410 417 616 678 680 708 995
66.4634146341 95.7915831663 12 0 4 4 5 6 13 15 37 38 38 39 45 0 146 226 318 408 512 538 595 708 773 776 821
75.3048780488 83.9679358717 12 0 5 9 16 17 20 23 32 35 40 46 49 0 319 327 490 571 615 615 621 650 727 775 828
36.8902439024 0.0 12 0 8 11 23 24 25 26 32 36 39 44 45 0 0 177 207 369 371 512 837 860 894 911 988
28.3536585366 86.372745491 12 0 4 10 13 17 18 20 29 39 39 39 47 0 106 202 390 422 471 548 642 705 843 881 996
41.4634146341 85.9719438878 12 0 2 4 4 5 10 13 23 23 27 33 46 0 320 330 426 526 546 553 727 874 888 909 910
48.4756097561 55.5110220441 12 0 0 3 10 11 16 18 30 33 34 38 43 0 128 197 220 395 458 555 730 762 925 970 972
74.6951219512 43.0861723447 12 0 11 21 27 27 33 40 44 45 45 46 49 0 122 172 267 348 355 430 664 892 944 946 963
83.2317073171 82.5651302605 12 0 0 1 22 22 29 30 30 31 39 45 48 0 0 204 296 369 407 451 488 774 838 880 934
97.5609756098 25.250501002 12 0 1 2 5 13 16 22 26 32 38 42 44 0 293 367 501 547 597 606 649 848 887 895 904
68.9024390244 77.9559118236 12 0 0 12 19 19 21 23 35 38 40 42 48 0 272 370 616 644 661 693 758 851 874 964 979
65.5487804878 71.5430861723 12 0 0 2 4 20 25 30 38 39 40 46 48 0 313 635 640 662 678 689 706 758 794 817 924
35.3658536585 58.9178356713 12 0 3 12 16 18 20 27 34 37 40 43 48 0 200 207 222 258 288 653 686 707 856 885 901
30.487804878 25.6513026052 12 0 4 5 7 8 10 15 17 23 28 30 45 0 153 199 394 500 584 647 682 721 733 870 917
60.9756097561 73.5470941884 12 0 3 10 14 15 22 26 27 30 37 38 42 0 126 192 227 248 315 450 658 682 730 906 938
9.4512195122 78.1563126253 12 0 17 18 19 23 25 26 31 32 33 43 48 0 123 362 367 434 444 629 737 768 776 874 896
78.0487804878 84.9699398798 12 0 3 7 18 20 23 34 34 39 40 42 47 0 118 169 393 446 638 642 769 826 832 952 969
35.3658536585 37.0741482966 12 0 3 4 11 16 18 23 27 33 34 38 46 0 0 109 234 368 399 690 697 800 810 899 971
40.243902439 10.2204408818 12 0 5 10 11 15 18 20 26 34 35 45 49 0 113 156 177 206 215 219 329 613 670 948 988
69.2073170732 69.5390781563 12 0 3 13 14 16 17 23 32 37 38 38 46 0 102 166 196 218 285 427 435 547 616 683 774
54.8780487805 49.8997995992 12 0 0 6 8 15 16 28 28 45 46 48 49 0 117 119 156 179 192 220 592 632 696 704 771
71.6463414634 41.8837675351 12 0 3 7 9 22 24 25 27 29 37 40 48 0 147 384 469 496 686 845 848 876 883 938 978
0.609756097561 84.9699398798 12 0 7 8 10 14 18 23 30 32 33 43 48 0 276 348 387 406 436 465 465 524 581 644 711
59.1463414634 80.9619238477 12 0 4 13 21 25 29 34 37 39 43 46 48 0 109 201 222 285 389 456 547 693 734 744 946
31.7073170732 31.0621242485 12 0 9 9 17 21 21 31 32 33 41 46 49 0 290 394 409 520 560 634 680 816 826 888 965
54.5731707317 56.9138276553 12 0 4 4 5 8 10 11 16 17 40 44 46 0 117 144 203 478 530 666 678 785 828 873 920
3.96341463415 58.5170340681 12 0 4 7 10 11 12 23 23 24 27 35 38 0 124 204 387 493 563 598 615 682 898 947 969
53.9634146341 63.3266533066 12 0 5 10 11 19 21 23 30 33 36 43 43 0 114 190 281 338 432 559 597 705 764 859 987
17.987804878 79.1583166333 12 0 0 8 9 13 16 19 35 38 39 39 47 0 143 179 383 407 551 617 666 682 904 940 973
89
24.5967741935 23.6538461538 1
50.6048387097 25.7692307692 8
58.8709677419 25.0 2
61.0887096774 54.0384615385 8
18.1451612903 47.5 2
25.0 39.8076923077 1
51.814516129 72.6923076923 6
44.1532258065 54.2307692308 7
56.25 32.5 1
16.7338709677 39.8076923077 8
89.9193548387 17.8846153846 1
57.0564516129 61.5384615385 5
48.9919354839 37.3076923077 6
65.3225806452 22.5 7
65.9274193548 71.7307692308 6
36.2903225806 19.8076923077 3
53.2258064516 16.1538461538 2
33.8709677419 63.0769230769 4
12.2983870968 41.9230769231 8
17.3387096774 35.9615384615 7
55.0403225806 92.5 1
21.7741935484 20.9615384615 4
30.6451612903 36.9230769231 8
77.4193548387 36.7307692308 8
44.3548387097 32.1153846154 2
39.5161290323 4.80769230769 2
55.0403225806 48.0769230769 9
59.0725806452 56.3461538462 4
41.935483871 49.2307692308 2
32.0564516129 63.0769230769 8
31.6532258065 75.7692307692 1
30.0403225806 58.4615384615 3
19.7580645161 59.8076923077 3
13.9112903226 34.8076923077 2
18.3467741935 30.5769230769 9
41.7338709677 100.0 3
23.3870967742 45.9615384615 5
32.8629032258 65.0 5
26.6129032258 57.8846153846 6
15.7258064516 66.1538461538 1
68.75 54.2307692308 3
13.9112903226 17.8846153846 2
91.935483871 9.61538461538 4
58.2661290323 39.2307692308 9
46.1693548387 52.8846153846 5
35.685483871 23.8461538462 5
67.5403225806 78.8461538462 2
48.185483871 45.0 4
80.0403225806 43.2692307692 4
41.5322580645 39.4230769231 8
22.7822580645 57.3076923077 2
41.5322580645 43.0769230769 6
100.0 26.7307692308 6
57.2580645161 72.8846153846 9
35.4838709677 42.5 2
33.2661290323 12.5 6
33.6693548387 52.3076923077 9
0.604838709677 34.2307692308 6
73.3870967742 60.1923076923 8
31.4516129032 37.1153846154 6
66.3306451613 38.8461538462 7
78.2258064516 50.0 5
62.2983870968 55.7692307692 2
61.8951612903 52.3076923077 1
10.685483871 29.2307692308 1
14.1129032258 70.7692307692 5
55.0403225806 5.76923076923 9
73.3870967742 65.0 6
2.62096774194 32.6923076923 9
4.63709677419 8.46153846154 9
38.1048387097 38.4615384615 2
47.7822580645 34.6153846154 9
34.4758064516 29.0384615385 7
0.0 44.2307692308 3
59.2741935484 38.8461538462 1
63.5080645161 29.6153846154 4
46.9758064516 37.3076923077 7
40.7258064516 41.3461538462 3
30.2419354839 61.5384615385 4
10.0806451613 52.8846153846 7
59.4758064516 33.8461538462 6
53.4274193548 49.0384615385 8
47.9838709677 41.3461538462 5
37.9032258065 35.9615384615 6
55.2419354839 0.0 5
25.6048387097 53.2692307692 5
55.0403225806 66.7307692308 7
55.0403225806 7.30769230769 6
43.75 34.4230769231 1
