227
52.9190207156 37.2822299652 28 0 1 2 3 4 4 5 6 12 14 18 18 20 20 23 24 28 29 29 30 34 38 39 40 41 41 48 49 0 103 167 182 292 324 361 367 367 414 474 499 514 524 532 704 747 771 772 782 805 805 877 904 906 944 969 992
51.7890772128 44.7735191638 28 0 2 5 12 14 18 20 21 22 23 25 26 27 28 32 33 33 34 34 36 37 37 38 38 39 40 41 42 0 136 147 147 167 174 243 289 352 430 439 468 531 531 584 586 603 626 646 721 748 766 834 835 894 920 951 997
45.5743879473 67.4216027875 28 0 1 2 12 13 15 17 18 18 19 19 21 23 23 23 25 26 28 31 31 34 37 37 40 40 41 44 48 0 101 119 191 230 235 238 251 258 278 324 385 397 414 460 485 488 524 541 554 699 729 740 890 895 904 972 985
61.9585687382 10.4529616725 28 0 0 2 3 5 7 8 9 9 11 12 14 16 16 16 22 22 24 24 24 27 36 41 43 43 44 47 48 0 117 128 130 142 187 216 219 311 374 409 423 424 437 583 602 636 655 657 661 732 743 760 793 795 799 855 904
18.6440677966 63.4146341463 28 0 0 1 3 3 3 3 4 5 9 12 12 13 15 15 17 19 21 27 28 32 32 33 33 35 40 45 49 0 0 112 115 161 170 228 235 322 345 359 403 426 545 611 621 686 689 693 698 784 819 881 896 903 909 925 997
61.7702448211 38.1533101045 28 0 0 3 4 4 7 10 11 12 21 21 23 23 26 27 29 29 30 35 36 38 38 43 43 45 46 48 49 0 142 147 158 180 191 294 300 317 371 393 404 412 497 546 557 595 598 602 603 605 653 670 679 684 795 883 987
49.1525423729 62.3693379791 28 0 1 4 7 9 14 15 15 16 18 19 23 23 24 27 27 37 37 41 41 42 42 42 43 46 47 47 49 0 0 103 282 296 398 424 460 472 494 520 548 553 569 579 580 597 601 622 623 736 745 756 844 869 877 914 974
47.6459510358 25.4355400697 28 0 1 7 7 8 9 11 12 12 13 15 18 22 24 27 32 34 35 35 35 36 40 40 44 47 47 48 49 0 0 115 133 138 177 290 291 383 394 498 522 561 572 588 674 735 754 757 762 802 863 872 875 910 914 930 981
29.3785310734 41.1149825784 28 0 2 2 3 4 4 5 5 7 9 9 11 13 14 15 18 20 20 24 27 30 30 32 33 36 40 42 46 0 0 206 226 235 254 352 373 459 494 518 560 561 575 581 596 602 639 654 667 672 697 722 785 896 922 936 991
60.4519774011 34.3205574913 28 0 1 3 6 8 8 11 13 16 21 21 24 26 27 28 28 31 33 36 38 40 41 42 42 42 43 47 48 0 107 108 108 143 163 197 274 287 313 333 380 424 559 589 603 620 726 737 747 812 829 838 866 925 937 966 973
63.4651600753 47.212543554 28 0 2 4 6 9 9 10 10 11 11 12 16 18 20 25 25 26 31 38 40 40 42 42 42 43 46 47 48 0 128 130 158 244 259 341 383 425 432 468 471 487 515 574 629 635 670 674 770 807 863 863 900 906 928 981 995
44.8210922787 27.8745644599 28 0 5 6 7 9 11 16 18 21 22 25 28 30 31 31 33 33 34 36 37 42 43 46 47 48 49 49 49 0 0 189 191 203 239 266 334 377 439 440 569 615 642 648 675 705 718 735 797 807 811 818 837 889 896 937 968
67.7966101695 27.0034843206 28 0 2 5 6 8 11 14 17 17 19 20 23 27 28 29 31 31 34 36 37 37 37 39 41 46 46 47 48 0 112 129 188 189 223 307 315 352 373 377 523 534 550 557 627 643 670 726 731 751 813 854 921 923 943 962 996
60.4519774011 45.6445993031 28 0 0 0 0 8 9 10 11 14 15 19 19 22 23 24 26 27 27 28 32 33 38 40 41 45 46 47 48 0 106 106 115 137 175 331 364 367 402 430 449 513 522 533 548 559 656 658 659 675 706 735 779 818 837 916 999
52.7306967985 65.331010453 28 0 0 3 7 8 8 14 18 21 22 23 23 29 30 35 39 40 40 40 40 44 44 45 45 45 49 49 49 0 0 141 179 181 205 224 278 315 380 416 422 438 530 614 642 644 681 708 710 757 772 799 824 884 933 934 976
45.7627118644 29.2682926829 28 0 2 2 5 7 7 8 8 14 15 17 18 19 19 20 29 33 34 34 35 36 36 37 39 42 42 46 48 0 158 176 215 216 261 266 273 277 302 306 326 327 391 429 496 503 503 526 534 551 566 625 637 765 810 933 980
67.0433145009 23.6933797909 28 0 1 4 4 5 7 8 8 9 12 13 20 20 22 23 25 26 29 36 36 38 43 43 43 45 45 45 48 0 171 176 212 217 218 220 273 310 327 347 375 400 458 480 588 639 691 762 766 784 796 859 872 874 885 931 940
25.8003766478 53.3101045296 28 0 1 2 3 3 4 4 7 8 9 10 10 15 16 18 18 19 20 20 23 28 29 33 36 39 40 44 48 0 0 108 163 215 216 242 254 268 291 311 316 330 353 386 467 541 561 584 589 623 712 728 839 933 963 976 999
21.2806026365 55.2264808362 28 0 2 5 6 9 12 12 16 17 18 23 26 31 31 32 33 35 35 36 37 40 41 42 43 45 47 47 48 0 0 150 186 219 242 273 277 311 327 351 412 444 491 507 515 550 602 636 689 739 749 824 828 867 878 923 982
71.5630885122 78.5714285714 28 0 0 1 4 5 8 8 8 10 10 12 16 18 20 24 25 26 29 29 29 31 33 33 36 42 42 42 49 0 139 200 201 209 223 246 280 324 347 364 368 403 449 504 535 578 645 664 706 752 810 815 818 833 835 877 954
47.0809792844 51.2195121951 28 0 1 4 5 5 6 19 21 22 23 27 28 28 30 31 31 36 37 38 38 38 39 40 45 47 48 48 49 0 0 150 217 218 262 288 301 333 362 381 394 447 499 568 575 598 613 650 704 743 783 792 841 851 930 941 960
11.4877589454 25.7839721254 28 0 1 2 3 4 8 8 13 14 15 16 19 22 22 23 23 23 23 24 26 27 29 31 32 32 43 45 48 0 103 152 158 193 196 272 275 284 286 289 302 313 315 422 436 588 627 654 739 831 841 868 870 895 896 926 932
64.2184557439 59.9303135889 28 0 0 2 4 6 11 12 12 13 14 14 15 15 15 15 17 18 20 20 22 25 28 32 36 36 37 38 43 0 124 177 251 273 291 291 345 382 423 429 500 530 534 536 538 578 625 755 757 769 823 840 853 880 923 940 940
62.9001883239 62.1951219512 28 0 1 2 4 4 5 5 7 9 10 10 16 17 20 20 22 23 23 24 28 28 31 33 36 37 40 41 45 0 115 119 191 197 223 315 333 352 392 395 432 435 441 448 466 510 527 530 623 693 698 729 736 746 783 844 952
45.9510357815 41.2891986063 28 0 3 3 4 4 4 10 11 12 13 16 16 17 20 20 24 24 24 26 31 32 37 43 45 45 46 47 48 0 146 175 194 203 204 204 300 302 304 411 416 436 491 506 521 572 617 636 670 709 721 738 749 798 799 954 991
18.4557438795 53.8327526132 28 0 2 4 6 7 7 8 9 11 15 16 18 22 24 27 30 31 32 32 32 35 39 43 43 45 46 47 48 0 0 103 137 193 204 205 222 240 310 331 438 454 458 493 568 577 667 675 677 688 689 726 896 896 897 899 954
38.2297551789 20.9059233449 28 0 0 1 5 7 7 12 13 14 16 18 19 21 22 23 24 26 26 31 37 38 39 39 42 43 44 48 48 0 0 121 142 144 276 285 309 328 364 464 501 530 555 576 630 653 688 695 698 707 746 752 761 775 802 874 924
43.879472693 52.0905923345 28 0 2 3 4 11 11 15 16 17 18 19 20 22 23 24 25 28 28 28 29 32 33 33 34 37 40 42 45 0 168 212 219 259 281 288 289 314 339 348 387 511 542 562 632 639 674 765 788 796 801 877 889 931 969 996 997
41.8079096045 24.0418118467 28 0 0 1 2 8 10 10 12 13 13 14 16 22 23 25 26 27 33 34 34 34 35 36 36 42 47 48 49 0 149 149 175 192 213 251 283 300 309 329 409 446 523 591 698 705 794 808 833 854 869 944 953 957 966 970 974
15.4425612053 65.5052264808 28 0 0 3 4 6 8 12 12 13 14 14 15 16 17 20 26 27 30 31 32 38 41 43 43 44 45 46 47 0 110 164 167 185 201 229 253 260 281 380 402 444 526 547 679 684 708 714 755 766 809 834 848 911 912 912 933
34.8399246704 49.3031358885 28 0 0 1 3 3 5 7 8 12 19 22 23 25 27 27 28 30 30 37 39 43 46 46 46 47 47 48 48 0 108 110 133 231 252 277 353 372 431 452 454 499 522 532 576 607 619 681 694 774 780 780 894 915 939 950 976
41.054613936 42.1602787456 28 0 0 0 0 2 5 8 9 10 11 12 12 14 16 17 19 21 22 27 30 30 35 38 38 44 46 46 49 0 0 118 182 266 273 358 359 385 502 531 535 594 624 624 705 727 773 781 803 820 860 878 914 959 961 987 998
37.2881355932 24.0418118467 28 0 0 3 4 5 6 6 8 12 13 19 21 21 21 24 25 26 27 31 31 33 36 37 38 47 47 48 49 0 160 215 268 273 289 304 334 349 389 467 480 579 608 620 646 729 769 776 838 863 865 873 903 924 926 971 993
75.7062146893 41.2891986063 28 0 7 7 8 9 10 11 13 13 14 14 14 15 18 24 24 26 32 36 37 37 38 39 41 43 44 44 49 0 0 100 139 209 222 309 318 320 370 370 379 387 391 472 570 613 617 693 697 743 810 870 872 889 956 960 986
30.3201506591 47.3867595819 28 0 0 4 4 4 7 7 8 12 12 12 13 14 14 15 18 20 23 26 26 35 36 37 39 39 41 42 49 0 117 221 240 270 307 342 361 375 424 468 497 528 559 588 652 683 710 720 747 798 849 862 893 902 903 905 953
53.2956685499 45.2961672474 28 0 2 3 7 8 9 10 10 14 14 16 16 18 19 20 21 22 26 26 26 31 34 37 37 41 44 45 47 0 119 153 184 195 209 217 310 340 538 555 591 592 625 649 665 746 775 789 792 803 808 812 823 859 964 975 988
41.4312617702 41.9860627178 28 0 0 1 3 4 5 5 10 11 12 14 15 21 23 24 26 27 30 36 37 40 43 43 44 45 45 47 47 0 0 139 153 238 305 375 434 477 482 538 539 597 615 653 710 722 744 746 800 801 811 830 850 862 863 930 999
35.7815442561 29.4425087108 28 0 1 2 5 6 6 7 12 12 15 17 20 21 24 25 26 28 28 29 29 31 34 39 41 42 43 43 44 0 0 148 166 239 277 310 347 354 363 374 400 474 528 530 555 572 576 612 719 743 760 762 769 781 800 832 923
66.1016949153 40.4181184669 28 0 1 1 7 8 9 10 11 15 17 18 18 21 22 24 26 29 32 35 35 36 42 42 43 45 46 49 49 0 103 112 186 208 225 241 284 300 316 320 354 432 446 465 488 500 563 588 616 617 621 657 700 725 755 853 970
35.593220339 61.149825784 28 0 0 2 10 16 16 17 20 21 22 27 28 29 29 32 33 35 36 36 40 41 42 42 42 44 44 45 45 0 0 157 202 232 276 289 329 363 393 465 513 537 537 610 624 680 713 741 761 791 824 897 933 972 982 983 990
67.2316384181 71.6027874564 28 0 5 5 6 7 8 11 11 14 15 15 16 18 24 30 30 31 32 35 37 38 43 44 46 46 47 47 47 0 141 147 175 228 257 292 316 328 332 344 357 411 431 432 456 506 630 634 652 658 788 808 815 822 912 940 951
62.1468926554 54.5296167247 28 0 0 2 3 6 6 12 13 14 20 21 22 25 25 27 29 31 32 33 38 39 40 42 42 46 47 48 48 0 164 172 235 261 337 364 384 400 401 420 463 507 600 646 721 730 769 823 850 856 862 865 886 887 891 931 962
51.0357815443 61.4982578397 28 0 3 3 7 9 9 10 14 14 15 16 16 18 19 20 20 22 23 29 30 35 37 37 38 42 47 48 49 0 105 126 182 183 190 266 339 361 395 395 423 456 488 577 599 622 644 670 691 760 784 833 898 931 969 978 992
50.2824858757 75.2613240418 28 0 1 2 5 6 8 14 15 16 21 24 24 25 26 28 31 31 33 34 34 35 36 37 40 41 42 43 47 0 119 151 188 203 206 298 336 343 345 366 371 402 470 547 572 575 659 672 689 698 716 772 799 826 834 851 928
18.4557438795 45.1219512195 28 0 0 2 6 7 15 16 17 18 18 21 27 30 30 33 36 36 37 37 39 39 41 41 41 42 44 46 47 0 157 166 170 250 257 294 314 353 407 417 459 461 491 532 541 612 678 707 725 729 847 877 932 947 948 975 979
20.9039548023 47.212543554 28 0 1 2 5 7 10 10 10 12 12 19 19 20 22 22 24 28 32 32 33 38 44 45 45 46 47 48 49 0 137 139 163 178 222 224 294 337 366 369 384 458 528 559 569 581 600 694 719 721 731 751 782 845 852 880 967
30.3201506591 62.543554007 28 0 0 2 2 3 16 16 19 24 29 31 32 32 34 34 36 39 40 40 40 41 44 45 45 47 48 49 49 0 105 163 176 189 201 235 244 258 306 315 331 401 413 444 496 541 592 671 692 737 759 857 927 930 937 951 988
51.4124293785 62.543554007 28 0 1 2 3 3 5 9 13 16 17 17 18 21 23 24 25 25 28 28 29 30 32 38 42 44 46 48 49 0 123 129 139 171 205 227 236 258 271 320 321 448 458 467 493 523 559 633 637 643 731 860 899 908 952 985 998
58.945386064 65.6794425087 28 0 0 4 6 6 6 6 7 9 10 13 15 20 23 24 26 29 32 36 37 38 38 41 41 44 47 48 48 0 126 160 194 260 302 317 344 396 452 453 495 502 524 630 635 712 739 790 836 838 861 868 878 939 942 954 997
48.3992467043 44.5993031359 28 0 0 0 0 1 1 8 9 12 14 14 15 17 19 19 19 20 20 25 33 35 40 40 46 48 48 48 49 0 0 106 148 213 229 266 269 285 319 345 363 376 433 469 486 516 532 552 594 597 635 661 690 698 744 972 972
41.054613936 52.6132404181 28 0 1 2 3 4 8 8 10 10 12 12 14 19 20 21 23 30 31 33 34 35 35 36 36 38 38 39 46 0 0 175 219 226 231 261 294 356 437 450 468 488 499 616 644 650 715 739 756 774 817 849 878 932 958 981 997
32.7683615819 36.9337979094 28 0 1 1 6 8 8 8 8 13 14 17 17 18 19 22 23 24 24 26 28 31 32 34 35 44 46 46 49 0 139 141 193 213 300 305 315 346 371 424 489 489 499 524 542 626 630 654 674 723 817 831 880 895 946 949 972
62.1468926554 28.2229965157 28 0 3 3 4 5 8 9 10 13 14 16 17 19 22 22 23 25 26 27 29 32 32 34 36 38 42 43 49 0 110 120 146 187 193 230 255 284 287 295 316 333 416 437 444 530 541 574 581 605 778 783 790 804 864 952 992
41.9962335217 30.487804878 28 0 3 8 8 16 18 18 22 27 29 31 32 32 32 33 33 33 33 34 37 38 38 40 40 41 41 43 44 0 160 164 191 286 292 304 315 319 337 348 416 434 486 507 516 598 606 631 651 668 697 720 807 889 900 917 955
47.6459510358 53.8327526132 28 0 0 0 2 3 5 5 6 7 11 12 12 15 19 24 25 27 27 31 35 41 42 44 46 47 48 48 49 0 151 176 216 225 257 269 275 276 318 349 370 374 376 390 397 403 469 481 519 557 560 651 664 679 720 745 833
23.1638418079 41.4634146341 28 0 1 2 3 5 6 7 9 10 11 15 17 20 22 23 24 24 25 28 28 29 36 37 38 40 42 49 49 0 116 119 184 190 191 262 263 265 300 307 313 369 401 410 417 495 541 542 548 564 654 675 743 822 871 980 998
64.0301318267 20.7317073171 28 0 0 3 4 5 5 5 8 8 11 13 19 24 25 27 27 27 33 34 35 35 36 39 41 41 45 46 49 0 100 146 163 168 224 262 272 283 298 419 533 539 558 629 707 749 767 865 868 871 878 905 931 964 977 983 986
20.9039548023 40.0696864111 28 0 0 0 1 2 7 8 15 15 18 19 26 27 27 31 35 35 36 36 38 41 42 43 43 44 45 48 48 0 108 180 187 223 255 269 274 349 393 451 528 556 596 691 695 717 787 825 842 859 868 883 913 950 952 972 977
62.7118644068 30.3135888502 28 0 0 1 4 9 11 14 14 15 15 19 20 20 23 25 25 27 27 28 30 30 35 36 36 37 38 40 45 0 0 131 171 207 214 252 316 321 348 374 417 465 591 592 666 697 709 713 720 725 749 749 815 949 962 963 989
5.46139359699 63.93728223 28 0 3 5 10 10 11 13 13 16 17 18 19 22 22 25 25 28 29 30 35 36 36 40 42 44 44 44 49 0 110 136 136 220 281 308 321 326 327 363 373 396 464 494 518 530 565 631 633 695 805 843 869 893 922 966 995
35.4048964218 59.2334494774 28 0 0 2 3 3 4 5 7 7 9 15 15 17 21 23 24 26 28 28 31 36 37 38 40 43 43 48 49 0 124 130 145 164 172 204 223 254 303 309 330 403 436 437 489 585 605 641 697 712 725 820 851 911 928 947 980
64.5951035782 25.2613240418 28 0 1 2 6 6 10 11 13 18 19 19 20 26 28 30 30 30 33 34 34 36 36 38 41 41 45 47 49 0 177 277 348 360 478 489 525 587 615 655 751 753 754 770 779 780 830 832 835 849 852 867 881 897 925 929 985
34.8399246704 43.9024390244 28 0 1 2 4 6 6 11 14 14 15 18 20 20 24 25 25 27 30 33 34 34 37 37 41 42 43 45 48 0 0 111 124 164 165 168 195 198 199 204 207 211 216 225 242 404 411 440 445 463 479 493 645 654 773 846 863
63.8418079096 46.1672473868 28 0 0 1 5 8 9 9 10 12 17 17 22 23 23 26 26 27 29 35 36 36 36 39 42 43 43 47 48 0 108 203 223 246 249 286 307 307 308 319 383 438 439 464 473 477 478 575 575 632 733 745 768 857 858 937 941
59.1337099812 67.7700348432 28 0 4 5 7 8 9 11 11 16 16 17 17 18 20 20 21 24 27 27 32 32 34 35 36 40 43 43 48 0 0 110 138 159 191 231 234 272 281 298 300 345 389 406 488 494 497 497 565 621 623 667 669 674 753 821 882
21.8455743879 38.850174216 28 0 7 7 10 10 11 16 20 21 24 25 25 26 27 28 28 29 31 33 35 35 36 38 39 39 40 41 49 0 108 109 115 115 179 240 246 248 335 337 362 364 510 511 544 546 548 584 593 749 835 897 920 951 973 982 985
32.5800376648 57.6655052265 28 0 3 5 9 10 10 18 21 25 25 26 28 28 29 30 32 34 36 37 38 41 41 41 42 43 45 47 47 0 141 148 156 174 178 206 226 231 235 246 260 298 321 337 365 406 489 648 661 699 705 724 904 906 942 955 966
32.3917137476 55.2264808362 28 0 0 3 4 6 10 12 12 14 15 16 16 21 22 22 23 29 29 30 34 35 37 37 42 44 45 46 48 0 0 105 111 142 164 224 255 282 453 471 518 568 588 595 623 642 668 671 741 748 821 881 885 893 985 996 996
26.7419962335 72.1254355401 28 0 4 6 8 10 13 15 15 15 20 22 22 26 31 31 33 37 37 38 38 38 41 41 45 46 47 48 49 0 135 156 172 207 210 241 263 316 343 378 439 512 531 537 566 573 596 608 742 745 773 808 822 839 924 961 981
49.5291902072 51.7421602787 28 0 1 1 2 5 6 8 10 10 12 13 16 17 17 19 19 21 22 25 25 28 33 37 39 39 41 43 48 0 112 118 158 182 220 291 311 327 355 397 453 462 513 533 541 563 656 680 702 718 733 784 807 830 943 965 991
51.0357815443 85.1916376307 28 0 1 5 9 9 10 12 13 16 17 18 21 22 23 24 25 29 29 30 30 35 37 38 41 41 42 44 47 0 159 161 219 264 265 298 302 314 337 431 448 536 542 558 647 662 683 690 706 727 793 796 843 885 975 980 990
61.3935969868 22.6480836237 28 0 0 1 1 3 6 10 15 16 17 18 20 20 22 24 26 28 33 35 37 38 38 39 41 41 41 47 47 0 151 186 186 199 211 227 252 254 266 474 523 537 557 592 602 618 683 738 741 756 782 807 825 844 908 921 962
32.5800376648 59.5818815331 28 0 2 4 4 5 8 9 10 11 12 17 18 18 22 25 26 26 27 29 30 34 34 37 39 43 45 47 49 0 126 158 287 328 334 342 377 385 416 450 480 541 553 557 559 571 576 606 614 618 631 631 642 711 720 912 927
44.6327683616 57.3170731707 28 0 2 7 7 9 11 14 15 15 16 17 17 20 22 24 24 32 34 34 35 35 40 41 42 42 47 49 49 0 104 119 152 200 203 214 222 257 270 381 440 487 492 512 521 533 548 556 578 617 627 734 759 792 934 990 993
53.1073446328 36.06271777 28 0 4 5 7 9 10 12 16 18 18 18 21 23 26 27 32 36 37 39 40 40 41 43 43 45 48 49 49 0 0 118 152 198 243 264 289 291 330 353 415 479 480 541 541 659 705 713 723 743 751 782 862 866 871 903 992
57.8154425612 29.4425087108 28 0 1 4 7 12 12 13 13 16 16 19 23 26 27 28 31 37 37 37 38 38 38 40 41 41 42 44 49 0 141 186 222 229 248 253 254 297 307 346 413 470 486 499 527 565 595 604 658 670 726 763 772 804 921 923 944
5.27306967985 65.6794425087 28 0 1 2 3 4 5 6 7 11 11 13 13 15 15 18 18 18 21 22 22 25 27 32 34 40 44 46 48 0 144 178 182 236 275 324 382 483 488 504 533 554 573 583 594 607 663 736 751 758 810 818 831 849 853 899 949
28.813559322 21.4285714286 28 0 1 2 3 5 7 7 8 8 8 11 15 16 18 23 31 33 34 34 38 38 43 44 45 46 46 47 47 0 129 134 169 192 221 256 277 277 318 343 355 412 447 468 552 560 611 669 681 699 720 749 809 815 829 862 997
73.0696798493 23.6933797909 28 0 2 2 2 3 5 6 7 9 12 16 16 19 33 34 35 36 37 38 38 38 42 44 45 45 45 46 47 0 107 111 169 207 247 253 276 315 441 452 505 512 522 529 567 604 643 651 665 718 762 776 830 878 889 963 984
18.8323917137 66.724738676 28 0 0 1 4 7 7 8 10 10 11 13 13 15 17 18 22 22 26 32 33 34 36 39 41 41 44 47 49 0 195 384 435 466 606 633 638 639 645 649 710 732 740 755 761 805 809 835 871 896 898 946 957 965 968 974 983
53.483992467 32.5783972125 28 0 0 1 2 3 4 5 5 11 16 20 21 22 23 25 28 29 31 34 35 38 39 40 40 41 41 43 44 0 0 109 117 187 251 259 294 326 339 376 479 501 525 533 537 610 617 691 692 719 739 739 899 901 957 979 985
26.3653483992 68.9895470383 28 0 4 6 7 9 11 12 13 15 16 16 16 20 21 24 24 31 34 37 38 41 43 44 45 46 46 46 47 0 0 156 216 262 319 330 341 416 459 503 527 531 546 609 619 652 658 678 686 687 700 716 735 794 801 891 943
77.4011299435 42.6829268293 28 0 0 1 1 3 4 13 14 15 16 16 17 18 18 19 22 28 31 32 33 34 36 38 41 42 45 45 47 0 119 148 306 375 393 429 432 474 528 604 609 615 622 626 704 739 742 757 868 880 886 931 931 948 949 982 993
74.5762711864 59.756097561 28 0 0 2 7 9 12 13 16 16 17 19 20 22 23 25 26 29 29 31 35 37 38 43 46 46 48 49 49 0 120 166 169 172 222 309 385 467 519 541 576 637 645 649 698 736 757 792 853 878 896 922 924 928 936 969 971
40.8662900188 45.9930313589 28 0 0 1 3 3 10 10 10 21 22 22 23 23 26 28 29 29 32 32 33 33 35 37 39 41 42 47 48 0 0 117 117 139 196 214 239 250 285 308 321 405 464 502 612 633 674 681 759 773 784 785 805 866 878 889 930
53.1073446328 35.0174216028 28 0 0 1 2 3 5 11 11 13 17 21 21 22 24 26 26 31 32 32 33 37 39 39 39 39 41 43 44 0 124 147 161 236 291 295 301 302 360 375 425 430 528 546 547 578 584 615 750 787 805 902 905 930 960 966 984
44.6327683616 56.0975609756 28 0 2 3 3 4 5 10 12 17 18 20 20 21 23 24 25 26 29 30 31 33 34 39 40 40 45 46 48 0 128 160 165 255 271 288 333 350 361 401 416 419 425 467 500 510 518 519 578 603 711 784 800 857 911 913 978
32.0150659134 41.8118466899 28 0 0 1 2 5 8 12 13 15 19 19 20 23 23 23 24 29 29 30 30 30 31 32 32 34 35 38 41 0 0 107 209 298 312 341 343 395 406 424 555 555 587 594 630 711 724 741 745 796 822 899 905 911 966 969 987
68.549905838 67.4216027875 28 0 0 1 1 7 11 12 17 18 19 26 26 26 26 28 30 30 35 39 39 40 41 43 43 44 47 48 49 0 0 156 238 284 289 314 355 399 450 518 528 559 608 617 619 644 652 654 683 694 753 762 765 772 872 877 924
39.1713747646 47.7351916376 28 0 0 2 2 2 7 9 10 10 11 13 15 17 21 24 27 28 30 32 35 38 41 42 43 48 49 49 49 0 0 110 132 148 191 248 330 339 342 381 416 426 433 486 500 511 520 658 774 797 811 819 823 835 910 941 951
47.4576271186 30.6620209059 28 0 2 2 3 4 5 8 9 11 12 13 15 18 22 22 26 27 28 29 32 38 39 39 40 44 45 47 48 0 149 154 170 261 308 312 326 369 388 414 534 542 557 562 569 619 686 696 704 817 830 835 884 894 924 945 954
45.0094161959 60.6271777003 28 0 0 5 7 7 11 14 23 24 24 25 28 29 31 32 32 33 34 35 36 37 37 41 42 42 43 47 49 0 167 195 202 241 252 260 270 313 373 392 415 426 429 530 554 616 655 662 691 736 756 842 842 947 950 970 986
67.6082862524 2.26480836237 28 0 2 4 13 14 16 17 18 18 19 19 20 20 21 22 22 22 22 24 25 29 32 32 33 36 37 48 49 0 104 108 197 206 214 219 226 309 326 362 368 389 419 428 442 511 561 591 692 698 732 803 862 904 918 936 937
21.4689265537 53.1358885017 28 0 0 0 3 11 12 12 14 17 22 24 24 25 27 28 29 30 31 31 32 37 38 39 40 44 44 45 49 0 0 139 202 204 235 289 334 377 386 388 406 501 556 585 613 622 635 694 742 763 798 809 841 857 858 903 973
59.1337099812 53.8327526132 28 0 1 3 3 4 6 6 9 14 15 16 17 20 20 20 21 22 23 26 27 29 37 39 40 45 46 48 49 0 102 114 186 217 260 302 329 336 371 377 391 398 399 472 483 486 529 664 738 747 799 850 865 901 907 933 992
27.1186440678 74.7386759582 28 0 1 6 7 9 11 13 13 14 15 17 21 21 22 23 26 26 27 32 33 35 35 36 38 38 40 40 44 0 0 176 179 183 307 325 334 352 371 457 486 551 561 630 638 653 655 728 733 740 743 821 881 934 961 988 998
0.0 41.637630662 28 0 1 3 5 6 11 18 20 23 23 25 28 28 28 34 34 37 38 39 41 41 42 45 45 46 46 47 48 0 130 141 147 178 178 207 238 242 242 302 322 418 435 474 531 541 600 606 615 657 692 702 722 806 832 904 948
60.263653484 34.8432055749 28 0 3 4 5 6 8 10 10 10 11 13 21 26 26 27 29 30 35 37 37 38 39 40 43 45 46 48 49 0 168 212 245 246 254 275 304 326 354 456 486 511 524 536 629 631 672 711 736 748 760 779 866 869 882 901 942
63.4651600753 100.0 28 0 0 0 6 8 9 15 15 15 16 17 17 22 24 30 32 33 35 35 36 38 38 39 40 42 45 48 48 0 164 248 312 342 370 406 432 461 517 521 531 543 583 610 625 717 744 744 752 799 801 860 879 883 893 924 976
37.2881355932 49.8257839721 28 0 0 1 10 15 15 17 17 20 20 20 22 24 24 25 25 30 31 31 31 34 34 34 37 38 42 43 45 0 0 104 120 138 138 221 251 254 311 314 331 360 367 380 390 534 613 692 722 722 788 792 825 898 953 980 996
73.0696798493 53.8327526132 28 0 0 2 4 5 7 8 8 9 9 11 12 14 16 18 18 19 25 27 28 29 32 33 36 38 39 44 44 0 0 211 223 287 292 321 337 363 373 396 403 543 643 664 687 691 707 714 765 779 782 831 849 858 876 921 953
37.6647834275 15.331010453 28 0 2 9 10 10 10 11 11 13 14 15 17 18 22 25 29 30 32 32 33 35 37 37 37 39 43 44 48 0 125 156 217 257 259 272 324 454 456 530 535 617 646 671 750 755 759 776 791 806 825 831 856 872 875 934 986
57.4387947269 47.7351916376 28 0 0 1 2 2 3 6 7 9 9 11 11 11 11 14 23 24 24 27 30 31 31 31 33 35 42 46 46 0 0 127 249 302 322 323 361 436 448 492 502 571 583 624 647 680 726 744 768 774 790 827 865 871 877 904 981
54.802259887 69.512195122 28 0 1 5 5 6 7 9 11 12 14 16 18 20 21 28 28 32 35 38 42 43 44 46 46 46 46 47 49 0 120 126 141 154 211 228 269 319 345 362 395 439 450 512 523 537 538 577 655 703 773 802 826 872 892 945 984
48.5875706215 57.4912891986 28 0 1 6 6 7 8 9 12 12 16 17 18 19 20 21 21 23 24 26 26 27 30 30 38 39 40 43 46 0 130 148 161 176 218 240 408 410 430 482 503 525 563 570 623 638 642 666 692 719 775 775 800 851 860 865 894
43.1261770245 32.2299651568 28 0 2 8 9 10 11 11 15 19 22 27 27 28 28 29 29 31 35 36 36 36 40 41 43 44 45 46 48 0 102 110 147 161 199 205 209 218 234 275 285 418 424 437 515 581 592 594 739 766 777 784 807 836 899 905 928
31.450094162 60.8013937282 28 0 0 3 3 7 7 9 14 14 16 20 26 28 32 35 35 40 40 41 41 42 43 46 46 47 48 49 49 0 106 144 206 317 320 439 457 473 491 570 591 618 620 648 659 683 755 762 769 783 809 881 916 938 941 955 962
39.9246704331 37.9790940767 28 0 0 0 0 2 6 8 11 16 16 17 17 18 19 22 22 28 33 35 37 37 38 38 44 45 46 49 49 0 0 100 102 121 208 242 248 269 321 338 435 435 490 541 561 589 607 629 687 705 797 819 832 835 842 912 968
37.4764595104 71.4285714286 28 0 1 2 2 9 10 11 12 13 13 14 15 16 17 24 25 28 28 30 30 31 31 35 40 40 41 45 45 0 112 232 280 294 325 374 374 395 396 441 452 475 557 572 605 609 625 657 737 768 796 825 843 899 939 947 979
22.5988700565 45.1219512195 28 0 1 2 2 3 3 5 5 5 8 11 11 17 19 22 23 24 28 28 29 35 36 39 40 44 44 46 47 0 132 187 224 246 258 263 309 397 433 434 473 479 487 488 505 534 614 636 640 705 722 754 795 803 829 963 986
28.6252354049 56.0975609756 28 0 2 2 2 8 9 22 23 23 24 26 29 29 29 30 31 31 33 35 35 36 42 44 47 47 48 49 49 0 0 178 186 198 230 248 269 379 398 444 487 526 536 604 612 661 665 677 731 739 749 820 833 861 863 929 987
34.274952919 0.0 28 0 1 8 10 11 13 18 19 20 20 20 24 25 25 27 27 28 32 33 35 36 39 39 40 41 43 43 48 0 102 145 166 203 209 355 428 429 484 534 553 653 677 716 762 817 845 849 872 876 882 908 928 954 955 964 998
64.0301318267 20.5574912892 28 0 0 3 4 4 6 7 11 12 15 18 20 22 23 25 25 25 30 31 36 38 38 39 39 40 41 46 46 0 0 113 145 191 220 255 255 305 375 376 508 523 540 540 547 558 600 641 647 713 745 761 773 844 860 966 993
39.9246704331 40.9407665505 28 0 2 3 5 9 11 12 13 13 14 16 23 26 26 28 32 33 34 36 37 37 40 41 43 43 43 46 49 0 157 242 288 293 331 366 469 501 523 535 593 595 718 727 752 764 853 862 863 890 898 902 920 955 957 979 993
41.6195856874 28.9198606272 28 0 0 1 2 3 3 8 10 12 13 21 22 24 25 26 27 30 30 31 31 36 37 40 41 43 44 46 48 0 126 147 173 178 185 239 265 336 340 384 393 445 547 578 582 600 711 750 790 834 838 838 897 922 935 960 997
43.879472693 44.2508710801 28 0 0 0 3 6 9 10 10 15 17 19 19 23 28 28 29 30 31 34 34 37 38 40 41 43 46 46 47 0 0 113 140 183 238 240 255 290 342 405 479 481 512 529 569 569 580 591 626 641 674 713 725 745 750 795 835
46.1393596987 42.1602787456 28 0 3 3 7 7 11 13 14 18 22 24 27 27 27 28 29 30 30 30 34 38 40 40 41 44 45 45 48 0 105 197 260 324 342 363 419 424 457 473 482 535 551 563 586 586 635 663 686 695 697 698 758 765 814 841 860
55.1789077213 59.756097561 28 0 0 1 3 5 6 12 17 17 24 29 32 32 35 35 35 37 38 38 38 39 39 43 46 47 47 47 48 0 0 110 252 275 366 406 410 441 451 453 530 547 550 552 560 600 639 681 741 753 763 770 808 822 831 858 912
25.4237288136 39.3728222997 28 0 0 4 4 5 8 8 10 11 14 16 16 19 20 20 22 24 29 35 38 38 39 39 41 43 44 46 47 0 109 134 227 241 244 250 316 335 353 400 458 482 531 557 644 710 724 755 787 864 864 908 917 919 959 982 998
22.9755178908 67.4216027875 28 0 0 2 5 8 14 17 17 18 19 19 21 21 26 31 35 35 36 36 37 39 40 42 43 44 44 47 49 0 0 108 219 291 342 378 486 496 511 535 557 599 617 647 660 718 722 748 765 783 785 789 796 845 854 885 893
21.8455743879 48.4320557491 28 0 1 1 7 9 10 10 12 14 15 16 16 24 25 27 27 27 29 30 32 32 34 39 40 42 44 47 49 0 151 167 254 323 324 327 470 487 504 534 567 608 665 675 691 703 712 724 764 795 823 826 856 864 879 881 959
29.1902071563 44.425087108 28 0 0 2 2 3 4 6 11 11 15 15 16 19 21 23 24 26 28 29 29 29 30 31 34 37 42 45 49 0 164 180 248 253 254 257 258 383 394 402 406 441 445 499 569 612 688 754 802 804 854 861 867 982 989 992 994
32.9566854991 36.06271777 28 0 0 2 5 5 7 13 16 18 21 24 25 30 30 31 35 36 40 40 42 43 43 44 46 47 47 48 49 0 0 191 222 222 264 341 358 372 423 471 483 508 508 537 560 562 597 717 756 761 772 834 843 867 869 952 965
37.6647834275 9.93031358885 28 0 1 4 5 5 6 8 12 15 16 20 21 21 22 27 28 30 30 31 33 35 35 35 37 37 38 48 48 0 174 198 244 269 277 299 326 392 392 392 422 435 465 495 497 540 568 617 766 778 780 830 843 897 923 987 991
58.0037664783 33.275261324 28 0 0 0 1 3 4 5 6 8 8 10 15 21 25 27 30 33 36 41 41 41 43 46 47 47 47 48 49 0 117 121 187 194 215 226 273 278 280 295 309 313 400 507 520 536 565 572 592 636 658 718 729 749 830 834 937
61.0169491525 42.5087108014 28 0 0 2 3 4 5 5 11 14 14 16 17 18 19 19 23 25 36 39 39 40 41 44 45 46 48 48 49 0 151 167 210 289 326 388 395 398 429 469 511 528 561 578 608 631 642 681 747 750 803 867 904 906 909 928 962
51.7890772128 81.0104529617 28 0 0 2 4 4 6 8 9 14 17 17 19 21 29 31 35 36 36 37 38 39 43 43 45 46 46 49 49 0 138 213 244 252 286 290 316 337 355 357 404 450 486 555 594 636 676 685 712 738 757 764 786 803 834 866 914
75.8945386064 61.149825784 28 0 2 3 6 7 7 8 12 14 14 15 18 27 27 28 30 32 32 33 34 38 42 45 46 47 48 49 49 0 122 171 195 277 335 350 361 601 627 639 676 716 719 725 734 734 759 771 816 823 826 847 859 896 947 948 978
43.5028248588 68.2926829268 28 0 4 4 5 9 10 14 14 16 18 19 19 19 25 25 27 29 31 34 34 35 38 40 42 42 45 46 46 0 119 127 199 231 287 295 295 310 340 343 379 550 564 575 583 629 651 750 789 814 819 826 855 868 895 957 972
43.5028248588 25.2613240418 28 0 5 7 8 9 11 11 12 14 15 16 17 17 18 18 18 22 25 25 29 29 35 36 36 40 41 46 48 0 0 134 141 149 226 242 250 324 343 362 370 408 454 485 488 551 582 672 713 721 759 836 870 879 945 979 979
15.6308851224 48.2578397213 28 0 0 0 0 3 6 7 11 11 15 17 25 31 33 34 38 38 39 41 44 44 44 45 46 46 47 47 49 0 0 111 143 194 220 258 282 286 292 293 309 376 380 394 437 439 500 502 699 700 757 785 851 862 879 908 941
64.2184557439 29.9651567944 28 0 1 5 9 11 12 13 16 17 18 19 20 21 25 25 26 28 31 32 34 36 36 38 41 41 43 43 44 0 0 118 168 232 273 297 298 304 362 411 453 464 487 494 541 592 609 676 694 697 758 771 843 856 865 866 870
49.7175141243 41.8118466899 28 0 0 0 1 5 5 6 12 14 17 17 17 18 18 25 27 29 29 35 41 42 43 44 46 47 48 48 48 0 100 120 177 182 190 218 285 288 366 383 384 416 417 469 493 515 553 573 640 651 665 672 713 731 737 739 912
36.7231638418 47.7351916376 28 0 0 0 0 0 3 8 8 12 12 15 15 15 16 16 18 26 27 30 31 34 37 40 43 45 46 47 49 0 133 177 310 320 449 450 469 472 485 494 499 556 584 596 605 625 642 677 728 732 764 840 889 895 903 909 984
42.1845574388 32.0557491289 28 0 0 3 3 4 5 5 5 5 8 9 13 14 17 17 18 22 22 23 25 27 29 29 34 37 37 47 47 0 125 129 141 164 182 250 254 283 284 307 386 487 602 615 631 632 669 694 724 804 806 848 857 875 893 948 968
29.0018832392 43.5540069686 28 0 0 2 2 3 8 9 13 16 17 19 20 23 31 33 33 33 33 34 34 34 36 38 39 40 40 42 49 0 156 179 184 217 220 295 306 334 369 423 423 425 434 558 594 607 674 686 694 825 828 849 852 866 873 893 925
61.0169491525 36.06271777 28 0 1 8 9 12 12 14 15 16 19 21 22 22 27 27 28 29 29 31 34 34 35 35 38 40 45 47 48 0 160 174 182 227 242 280 314 351 374 402 442 464 504 519 566 594 634 648 663 671 671 676 695 740 862 863 987
36.3465160075 43.9024390244 28 0 0 5 13 15 16 17 20 22 26 27 28 28 30 37 38 40 44 44 45 46 46 46 46 46 47 48 48 0 118 187 224 226 251 262 327 328 389 440 476 479 492 519 523 550 607 698 706 745 750 760 810 841 893 932 939
89.4538606403 20.5574912892 28 0 0 2 6 8 12 14 15 16 17 17 19 19 21 21 26 31 31 31 31 32 34 37 41 42 43 45 46 0 0 106 117 132 165 259 261 279 293 313 321 325 334 349 371 380 427 554 557 557 590 647 713 753 763 957 977
59.1337099812 19.3379790941 28 0 0 4 4 5 7 9 11 12 13 14 15 18 19 23 25 28 28 29 32 34 36 40 44 44 47 47 48 0 0 128 153 159 226 248 292 315 316 408 424 438 510 567 583 586 608 629 639 732 734 817 839 855 878 922 969
60.4519774011 54.3554006969 28 0 1 6 6 6 15 15 17 20 24 25 27 28 29 33 33 33 33 34 37 39 39 40 41 42 44 47 49 0 0 135 163 244 321 357 363 435 480 487 495 497 508 508 511 523 587 649 667 684 695 710 721 751 754 825 860
40.6779661017 32.7526132404 28 0 2 2 4 6 8 8 12 12 13 13 17 18 19 22 24 26 29 30 32 35 36 41 44 44 45 45 47 0 146 177 217 217 233 263 290 295 305 340 352 354 364 401 415 437 516 574 581 593 608 638 686 814 835 874 934
13.3709981168 47.212543554 28 0 1 2 4 7 8 8 8 17 17 17 20 24 25 26 29 29 31 34 36 39 40 40 41 44 44 45 48 0 120 146 160 193 227 242 256 306 340 351 392 398 399 416 529 534 547 600 606 630 666 674 694 714 811 813 919
52.5423728814 45.9930313589 28 0 1 1 5 6 7 7 10 10 14 15 19 21 29 29 29 30 32 32 38 39 39 40 40 43 44 46 48 0 120 135 145 171 175 182 232 267 346 350 387 421 509 560 592 611 619 632 638 651 765 785 789 793 809 882 936
3.76647834275 70.7317073171 28 0 0 0 4 5 11 12 12 13 13 14 18 20 21 23 24 27 28 30 31 32 33 35 37 37 38 47 48 0 142 160 220 281 322 426 454 553 560 577 583 636 641 659 687 708 742 763 798 849 858 860 865 895 950 954 962
44.2561205273 50.3484320557 28 0 0 1 4 4 6 6 8 8 9 11 13 15 20 20 21 23 24 27 29 29 33 33 39 39 43 47 49 0 0 116 140 232 234 274 288 315 372 381 437 592 686 696 709 717 724 735 758 787 834 855 856 900 926 952 994
23.7288135593 39.1986062718 28 0 2 8 9 9 10 14 15 20 20 23 24 24 31 31 31 32 33 35 39 39 42 42 42 43 44 46 47 0 109 169 181 190 227 264 289 310 314 341 387 435 449 548 552 554 572 594 653 761 797 797 860 914 928 972 990
75.329566855 32.2299651568 28 0 3 8 8 9 10 10 13 14 14 14 16 20 20 22 24 28 29 33 34 39 40 42 43 47 48 48 49 0 204 221 282 308 324 338 392 402 458 523 536 568 574 574 589 625 626 675 717 772 788 825 887 912 969 994 994
70.4331450094 50.6968641115 28 0 0 0 2 7 8 10 22 24 25 25 25 26 26 31 33 35 35 36 39 41 41 42 46 46 46 46 48 0 111 150 186 256 262 270 367 392 422 454 496 614 642 646 653 655 818 860 870 885 900 952 955 961 975 985 991
70.4331450094 30.3135888502 28 0 1 5 5 6 7 15 15 16 21 22 23 25 26 28 29 30 31 32 33 41 41 44 44 44 47 48 48 0 142 272 276 280 290 349 361 401 465 489 491 524 559 605 624 627 628 688 695 730 749 837 898 905 943 948 989
27.1186440678 31.1846689895 28 0 0 2 7 7 8 9 10 11 12 12 18 19 19 21 21 23 25 27 28 28 31 34 34 44 45 47 49 0 0 113 171 184 225 238 323 357 402 438 462 464 477 482 490 528 554 574 634 641 641 727 747 812 831 939 955
77.2128060264 53.4843205575 28 0 2 7 7 8 9 11 13 17 18 22 23 24 24 24 29 30 30 30 31 32 34 36 37 38 38 48 48 0 105 133 266 272 279 313 314 321 345 350 386 443 524 590 711 768 818 844 854 854 893 910 914 941 959 961 980
36.3465160075 70.5574912892 28 0 0 1 2 3 3 4 8 12 15 15 16 17 17 18 20 21 23 24 25 29 31 38 41 42 44 46 49 0 0 131 220 233 247 269 277 333 364 377 387 415 452 484 538 602 651 697 720 744 746 776 828 868 875 896 992
63.2768361582 45.818815331 28 0 2 3 5 6 8 11 12 15 20 21 23 24 24 27 28 28 29 33 38 38 39 43 44 47 48 49 49 0 0 127 149 160 166 226 281 286 303 381 385 467 479 545 555 561 584 596 609 633 658 732 752 768 845 853 920
37.6647834275 31.881533101 28 0 1 1 3 7 8 8 16 18 21 24 26 27 27 28 32 32 34 36 36 37 38 39 41 42 46 47 49 0 115 139 185 216 284 340 350 415 430 520 558 569 597 602 645 655 671 697 780 800 898 921 922 950 956 978 994
56.6854990584 49.3031358885 28 0 5 11 12 12 15 15 16 17 18 18 21 25 28 29 30 31 33 37 37 41 41 43 45 45 48 48 49 0 112 116 159 201 205 224 270 279 313 321 338 372 397 413 453 454 540 653 674 695 775 879 918 922 941 964 988
66.8549905838 39.3728222997 28 0 1 2 3 4 10 18 19 21 23 24 26 26 26 27 27 33 33 35 35 37 41 42 44 46 46 47 48 0 107 157 217 224 256 266 292 372 441 461 465 492 556 566 585 588 595 612 665 685 699 744 867 929 946 971 972
45.0094161959 19.6864111498 28 0 2 2 5 8 13 13 13 16 18 20 21 21 22 22 25 28 30 30 32 35 37 38 39 42 42 46 47 0 113 115 135 172 175 188 188 238 238 243 289 354 356 382 410 481 525 570 614 632 659 664 687 744 784 858 889
46.3276836158 44.425087108 28 0 1 2 2 2 3 7 8 12 12 21 23 23 24 28 30 30 34 35 36 36 38 38 38 38 40 41 41 0 112 149 156 157 166 221 242 275 282 332 470 521 556 589 608 626 680 699 773 775 795 809 873 930 947 985 989
35.2165725047 64.2857142857 28 0 0 3 4 4 6 6 10 10 11 14 14 14 23 28 28 29 32 33 42 42 43 44 44 45 45 48 49 0 0 110 209 231 286 316 325 366 386 402 436 444 444 540 554 561 578 600 604 692 710 765 811 816 854 863 985
30.3201506591 53.6585365854 28 0 2 3 4 4 6 6 6 7 9 12 14 14 20 25 25 25 29 29 31 32 38 42 44 45 47 48 49 0 107 114 125 152 174 229 252 267 319 337 407 440 455 508 515 522 524 526 667 708 732 738 747 771 784 918 941
61.3935969868 9.23344947735 28 0 1 2 4 5 9 11 12 13 15 18 18 21 22 26 26 28 28 32 35 35 36 40 42 43 44 45 47 0 131 188 193 222 229 266 272 326 421 429 434 473 496 539 551 576 615 634 652 678 685 765 823 824 849 893 909
55.7438794727 65.6794425087 28 0 0 0 1 1 3 4 5 6 9 10 11 13 20 20 21 21 23 27 34 36 38 39 39 40 43 45 48 0 112 127 178 205 322 366 387 409 419 430 440 453 456 471 497 511 610 626 670 745 771 796 820 903 909 911 953
27.3069679849 60.2787456446 28 0 3 8 11 11 16 16 17 20 20 27 27 32 32 34 38 39 39 39 40 41 41 42 42 44 47 48 49 0 142 187 279 284 294 308 353 415 456 470 494 568 608 613 614 684 712 730 735 823 889 891 893 893 906 932 949
69.4915254237 34.3205574913 28 0 3 3 6 7 10 10 10 12 12 13 15 15 15 18 20 28 29 29 29 30 32 33 35 38 40 44 49 0 135 143 151 170 226 229 245 282 282 290 388 402 442 467 501 550 571 603 655 704 737 752 872 912 943 990 992
35.593220339 62.1951219512 28 0 1 1 8 9 10 11 11 17 17 18 20 21 21 23 26 26 32 37 39 39 40 40 41 42 43 46 49 0 118 152 228 293 344 358 378 379 387 399 436 502 584 615 660 671 731 774 830 837 845 868 893 923 949 966 980
27.6836158192 69.6864111498 28 0 2 5 11 12 12 13 14 16 19 24 25 25 26 27 29 31 33 37 39 39 40 42 43 45 48 49 49 0 104 143 147 169 180 203 228 266 312 333 354 368 370 379 428 429 561 587 603 625 664 670 710 722 738 891 949
71.186440678 37.6306620209 28 0 2 4 8 9 9 13 15 16 16 19 19 19 24 24 26 26 28 35 38 38 39 41 42 42 43 45 48 0 0 129 153 155 248 348 383 387 410 436 476 484 487 639 644 669 706 836 889 895 898 902 917 926 962 966 980
29.7551789077 43.9024390244 28 0 1 2 4 6 6 7 8 8 9 10 24 26 27 28 28 28 29 32 35 36 38 38 39 45 46 48 49 0 130 141 143 149 225 232 254 255 286 341 393 397 483 611 629 635 637 653 655 684 688 729 759 800 807 813 911
35.0282485876 60.1045296167 28 0 2 4 8 9 9 9 10 12 14 18 19 21 26 30 30 30 33 35 38 38 39 40 42 43 43 43 47 0 0 107 108 144 225 253 257 264 274 382 432 444 461 468 552 552 651 730 748 751 776 778 786 828 829 893 955
45.0094161959 72.8222996516 28 0 0 2 4 8 8 9 15 15 19 20 23 28 28 30 30 31 31 34 35 36 40 41 43 44 47 49 49 0 139 149 157 185 188 224 228 246 261 287 347 387 389 397 496 571 616 677 745 749 817 820 899 916 954 958 967
46.8926553672 37.8048780488 28 0 2 3 6 8 11 13 16 18 19 19 21 22 24 24 25 26 27 28 28 28 30 32 35 38 38 39 42 0 112 113 127 215 295 327 345 400 578 591 595 649 654 677 685 725 746 753 754 776 791 863 867 883 976 979 999
52.7306967985 26.4808362369 28 0 0 5 5 7 8 8 12 15 18 22 28 30 30 31 31 33 34 37 37 40 40 41 44 44 48 48 49 0 144 158 163 187 196 205 272 275 316 353 393 468 493 556 655 656 739 749 750 761 771 802 807 887 898 899 987
70.6214689266 28.7456445993 28 0 1 2 5 9 9 10 13 21 23 23 23 23 24 24 29 29 33 35 35 36 37 38 38 40 43 44 46 0 128 171 172 211 223 357 509 523 536 552 552 573 578 617 680 688 716 801 844 884 889 906 918 924 928 970 997
60.4519774011 54.8780487805 28 0 0 2 4 7 7 9 9 10 15 18 20 24 25 27 27 29 30 32 32 34 37 41 42 43 45 45 47 0 0 111 138 231 255 288 354 358 389 404 547 550 597 606 634 669 680 702 728 730 759 780 801 801 802 958 972
42.7495291902 27.5261324042 28 0 0 0 0 2 4 4 6 6 13 14 17 19 20 21 24 26 27 35 35 37 37 40 41 43 45 48 49 0 0 113 218 223 233 235 257 269 290 323 333 387 460 461 497 554 559 581 591 634 837 843 886 899 903 941 986
65.5367231638 36.06271777 28 0 0 4 6 9 10 11 11 13 15 16 17 18 18 19 22 27 28 30 32 37 40 40 42 44 44 44 49 0 132 181 237 239 292 311 369 371 401 507 626 627 628 660 679 723 725 746 799 807 812 860 887 892 917 947 977
89.6421845574 28.9198606272 28 0 0 4 5 12 14 15 16 20 22 22 24 25 25 27 30 31 32 35 35 39 40 41 41 42 44 44 47 0 160 198 288 299 352 354 403 492 618 619 629 633 641 668 677 744 759 766 802 815 841 865 892 893 905 978 997
1.12994350282 48.2578397213 28 0 1 5 7 8 9 13 13 15 17 18 21 22 23 26 28 32 35 35 37 39 40 40 42 43 44 45 45 0 223 253 268 325 330 342 356 490 534 611 621 626 654 655 689 723 729 731 733 739 766 769 791 798 938 985 995
60.4519774011 59.9303135889 28 0 2 3 6 7 8 12 15 15 16 20 22 23 24 27 28 28 33 34 38 38 40 41 42 42 43 46 49 0 0 100 141 199 212 259 283 284 335 355 429 434 439 455 484 593 623 661 705 745 818 820 839 858 923 965 973
46.7043314501 58.0139372822 28 0 2 3 4 6 8 11 12 13 16 19 19 27 28 30 31 32 32 33 36 38 39 40 41 41 44 46 47 0 140 165 201 220 258 336 336 367 385 395 423 482 501 565 574 695 772 783 800 811 815 887 932 948 979 983 994
36.5348399247 47.9094076655 28 0 0 6 7 7 10 10 10 11 13 17 20 20 30 30 32 33 37 41 42 42 45 46 46 48 48 48 49 0 173 187 240 296 325 336 341 415 457 501 502 505 574 615 625 630 632 694 731 777 780 823 828 976 990 993 995
10.922787194 68.8153310105 28 0 1 2 5 8 10 11 12 12 13 13 15 18 20 22 29 30 31 32 33 34 36 41 43 43 43 45 46 0 0 189 232 256 277 287 307 342 354 394 426 428 436 450 527 531 617 649 654 749 792 815 822 839 858 907 939
47.8342749529 37.8048780488 28 0 2 6 8 8 11 14 16 16 16 18 22 28 30 31 33 33 34 37 39 39 39 42 43 47 47 48 49 0 0 112 162 175 247 284 295 322 367 367 410 423 467 475 514 545 582 657 674 716 784 796 821 832 944 972 996
43.6911487759 36.06271777 28 0 2 8 8 9 10 11 12 12 12 14 23 29 30 33 34 34 34 37 37 38 41 41 41 45 46 47 49 0 114 132 139 228 301 334 343 364 374 376 429 430 480 492 532 614 706 719 749 752 765 780 802 890 906 954 960
64.406779661 40.5923344948 28 0 1 2 3 5 6 11 12 13 13 17 17 18 19 20 22 22 23 23 27 29 31 32 38 43 46 48 49 0 265 268 367 414 432 454 541 595 601 606 607 641 654 666 668 705 709 712 740 755 763 790 843 948 962 967 998
40.6779661017 36.9337979094 28 0 1 1 2 2 3 3 3 8 11 12 12 12 14 14 16 31 32 33 34 34 38 38 41 48 49 49 49 0 0 140 148 160 183 200 289 322 390 398 404 408 419 427 457 466 612 631 654 699 817 837 847 953 954 979 988
56.120527307 20.0348432056 28 0 0 1 1 2 3 6 7 8 11 11 15 17 18 18 20 20 20 25 28 30 35 36 36 37 41 43 49 0 0 117 173 185 196 198 210 220 320 367 394 434 477 496 497 510 527 572 580 587 588 684 706 715 883 928 933
39.5480225989 17.4216027875 28 0 0 3 6 7 9 9 11 11 11 13 14 17 17 19 23 25 26 27 33 33 35 40 41 42 46 48 49 0 114 131 198 260 296 380 383 390 397 488 519 526 544 601 631 681 734 750 765 780 807 820 847 911 948 960 986
45.5743879473 84.1463414634 28 0 2 2 2 4 6 7 8 12 14 14 17 22 23 25 26 26 29 31 33 34 35 39 43 46 47 48 49 0 0 130 135 172 233 255 265 278 315 330 359 370 374 381 507 524 613 653 708 724 731 762 829 863 898 935 966
36.1581920904 34.1463414634 28 0 1 2 5 7 15 16 16 19 19 19 20 21 22 27 28 29 29 31 36 39 39 40 41 45 46 47 49 0 118 129 162 220 235 274 286 286 380 385 386 397 464 485 489 553 569 576 612 701 712 715 755 781 891 895 913
76.647834275 44.7735191638 28 0 1 1 5 5 9 12 12 12 14 14 17 18 19 20 21 23 23 27 31 32 34 37 37 40 41 45 49 0 0 162 182 187 188 211 231 313 324 335 354 444 457 504 551 567 621 752 769 776 784 814 837 840 900 929 986
59.3220338983 35.7142857143 28 0 1 5 11 11 11 12 12 12 16 16 17 17 17 19 20 26 32 35 35 36 38 39 39 43 44 44 48 0 106 115 122 143 166 192 201 241 388 393 417 435 509 558 573 595 692 762 766 784 800 828 847 859 922 941 979
32.9566854991 51.5679442509 28 0 0 2 2 3 7 10 13 14 14 15 15 15 17 18 19 20 21 25 29 29 30 40 40 43 43 46 48 0 134 134 205 218 241 256 289 299 374 376 515 528 585 620 621 685 708 743 811 813 836 885 893 900 903 919 993
29.9435028249 60.6271777003 28 0 2 8 9 9 9 10 11 11 14 15 16 16 19 28 28 30 33 35 36 37 38 38 40 41 45 47 49 0 0 102 117 196 199 348 378 422 446 468 496 610 644 656 697 720 753 773 774 781 793 799 830 835 859 867 981
18.4557438795 75.4355400697 28 0 2 3 3 3 10 12 12 17 20 21 25 25 25 26 32 33 33 35 36 37 39 40 43 46 48 48 49 0 159 201 297 327 327 365 389 396 415 427 446 539 626 628 644 677 701 740 744 769 827 845 889 892 932 947 951
44.0677966102 83.275261324 28 0 7 8 8 9 14 15 16 17 20 22 24 24 25 28 29 30 31 32 33 35 39 40 41 41 41 42 44 0 107 116 223 266 272 287 292 308 328 356 404 462 584 589 598 602 688 692 692 760 802 808 873 876 907 910 963
51.2241054614 48.9547038328 28 0 0 1 1 3 5 14 16 16 16 17 18 18 20 20 31 32 34 36 38 40 43 43 44 44 46 48 49 0 138 175 209 220 260 271 299 318 337 368 500 589 601 636 643 645 647 659 721 752 756 791 791 812 913 930 989
74.011299435 23.5191637631 28 0 1 5 8 10 10 12 12 15 22 22 25 29 30 30 30 32 34 37 40 40 44 45 47 47 48 48 49 0 102 106 130 212 213 216 248 313 323 355 374 400 500 524 619 626 667 674 708 742 801 829 865 871 872 923 958
100.0 42.1602787456 28 0 0 1 4 5 8 8 10 10 11 17 20 23 23 25 25 25 32 33 33 37 40 41 44 47 47 47 49 0 0 117 120 182 182 183 217 248 266 294 298 332 431 538 542 604 680 746 750 756 764 818 842 843 904 907 954
40.3013182674 59.756097561 28 0 6 9 15 16 16 19 19 20 21 21 25 25 29 29 32 33 35 36 38 38 39 42 44 44 47 48 48 0 111 142 217 228 251 316 344 346 363 365 422 447 448 449 449 511 536 596 613 615 646 687 786 797 808 849 952
49.5291902072 27.0034843206 28 0 0 3 3 3 10 13 14 16 23 24 28 28 30 30 32 32 33 40 41 41 42 43 45 46 46 47 49 0 152 155 174 216 230 339 386 406 409 457 524 539 558 590 620 684 745 769 812 827 881 896 907 922 932 947 978
83.9924670433 55.4006968641 28 0 1 1 6 8 9 10 10 11 11 12 13 14 17 17 22 23 23 28 30 30 32 33 33 43 45 46 47 0 115 156 180 228 283 369 382 410 418 423 433 460 464 468 473 473 504 564 662 717 749 786 827 865 880 895 967
67.7966101695 40.9407665505 28 0 2 4 8 10 10 12 19 21 22 22 23 26 29 32 32 32 34 37 39 45 45 46 46 49 49 49 49 0 0 107 181 216 254 304 321 403 462 469 495 500 516 555 564 676 690 697 741 765 862 873 889 930 981 992 992
30.3201506591 48.7804878049 28 0 1 7 8 8 8 10 12 12 13 17 17 18 19 23 23 24 26 26 34 35 38 38 39 40 43 46 47 0 227 232 290 296 333 377 387 390 395 465 475 514 538 570 581 680 695 697 747 773 828 836 841 842 879 959 995
56.6854990584 50.6968641115 28 0 0 0 1 3 4 5 6 9 10 12 17 20 22 28 30 32 34 35 35 36 38 38 40 40 41 44 49 0 0 100 115 116 165 213 263 268 326 328 355 363 399 428 491 569 571 604 609 710 725 784 792 827 847 877 938
52.3540489642 47.7351916376 28 0 0 1 2 3 4 4 5 6 7 16 17 18 18 22 23 27 29 32 35 36 37 39 42 43 45 48 49 0 0 124 249 281 343 362 393 404 410 417 450 452 452 520 576 590 600 614 637 640 678 723 742 823 946 952 975
36.5348399247 42.5087108014 28 0 0 3 5 6 6 8 9 12 12 13 13 17 22 23 23 28 29 29 31 32 33 35 36 37 38 39 48 0 123 167 237 274 284 301 317 369 381 416 435 493 535 610 681 704 763 782 797 835 839 869 876 882 910 966 978
50.0941619586 62.0209059233 28 0 2 2 10 10 11 15 17 22 23 24 25 29 31 33 34 35 36 41 42 42 43 43 45 45 46 47 49 0 0 190 198 200 245 250 306 326 350 367 447 461 546 643 742 749 769 781 848 870 870 892 902 940 941 977 981
58.0037664783 35.7142857143 28 0 0 0 1 1 4 4 5 5 8 10 10 10 12 15 18 19 22 26 28 30 31 33 33 39 40 44 47 0 116 119 132 143 199 259 259 302 305 311 405 408 412 486 486 574 667 681 689 737 761 776 895 912 913 922 972
59.5103578154 42.6829268293 28 0 7 9 13 14 17 17 19 21 23 23 23 28 30 30 32 33 34 35 38 45 45 46 47 48 48 48 48 0 138 147 193 201 225 228 247 260 263 306 312 327 366 370 419 427 514 590 607 664 694 701 832 876 900 927 997
9.79284369115 84.3205574913 28 0 1 3 4 9 9 10 14 16 18 19 20 23 24 25 25 27 28 29 30 31 33 34 37 37 47 48 49 0 177 186 203 232 271 392 427 440 491 501 516 521 541 544 555 600 636 700 704 719 737 789 864 907 924 974 987
39.736346516 44.2508710801 28 0 1 1 2 2 3 13 14 14 17 20 20 21 21 25 26 26 30 31 35 36 37 42 43 44 47 47 49 0 134 149 182 189 203 315 327 348 382 387 425 468 476 502 584 595 642 644 657 678 701 710 712 727 820 945 957
60.4519774011 76.8292682927 28 0 2 4 9 11 13 19 20 21 21 22 25 26 27 29 30 31 34 34 37 38 41 42 42 47 47 48 48 0 0 126 238 306 329 338 347 405 450 474 529 537 565 609 613 634 687 739 743 759 760 814 846 868 898 975 984
55.1789077213 70.7317073171 28 0 2 2 3 3 4 4 7 8 9 10 13 14 15 18 19 21 25 25 25 27 31 38 41 42 42 48 49 0 111 265 282 284 286 306 344 374 400 438 443 444 487 496 593 635 639 645 647 664 675 683 694 734 823 895 985
55.9322033898 31.7073170732 28 0 2 2 3 7 9 11 11 12 15 16 20 25 25 26 28 29 30 31 35 36 37 40 44 45 45 47 48 0 129 135 165 262 469 471 479 517 529 577 578 641 641 667 715 757 759 771 814 871 890 906 913 943 954 977 979
20.3389830508 51.2195121951 28 0 1 2 6 7 8 10 10 12 14 14 15 15 17 17 18 18 20 22 23 25 26 29 33 34 41 44 47 0 172 185 206 209 248 322 341 344 344 379 400 528 532 538 550 558 620 661 676 680 718 768 805 851 875 884 938
55.1789077213 8.01393728223 28 0 0 1 3 9 12 15 18 20 23 23 25 27 27 28 28 30 30 34 38 41 41 42 42 42 44 45 49 0 0 191 191 199 209 244 287 343 352 456 468 555 560 569 647 660 685 701 751 755 772 786 817 947 960 982 998
51.2241054614 45.9930313589 28 0 1 1 1 4 4 5 5 5 6 7 11 12 16 19 21 22 23 24 24 24 27 28 28 34 37 40 48 0 113 128 223 230 233 260 340 347 392 439 453 475 493 501 507 615 619 642 673 705 710 763 768 796 867 896 953
67.0433145009 62.3693379791 28 0 6 7 8 9 15 21 21 21 24 25 27 27 28 29 30 34 36 36 36 36 37 39 41 43 44 44 49 0 119 159 188 214 226 291 365 379 401 417 433 479 489 571 623 669 674 687 690 739 769 804 866 885 889 944 950
35.4048964218 60.4529616725 28 0 0 1 1 3 5 11 15 16 20 20 21 24 25 25 26 28 29 34 34 35 37 44 46 46 47 48 49 0 0 150 154 177 217 242 261 293 322 335 376 385 425 452 478 558 629 638 646 745 753 771 782 816 882 911 931
41.4312617702 37.9790940767 28 0 1 2 3 5 5 5 5 6 11 12 17 21 22 24 24 25 25 29 34 38 39 39 40 43 43 47 48 0 107 107 128 191 214 255 287 322 333 386 407 410 487 513 537 557 558 560 564 617 714 759 791 919 928 945 951
77.4011299435 51.393728223 28 0 0 3 3 3 3 4 4 7 8 8 12 15 16 20 20 22 25 26 29 31 33 35 36 37 38 45 47 0 127 152 156 193 231 234 289 291 306 335 489 509 525 560 580 606 627 680 687 699 721 737 797 807 888 955 988
5.27306967985 61.6724738676 28 0 2 4 4 11 12 13 21 22 23 23 24 26 27 27 28 30 31 34 35 38 39 43 43 44 45 47 49 0 182 207 264 320 351 394 429 429 473 475 598 608 665 675 704 709 712 727 772 836 840 846 866 932 934 936 962
56.6854990584 27.5261324042 28 0 4 4 7 10 12 15 16 17 17 19 20 21 24 26 30 32 35 36 36 36 39 40 43 44 45 49 49 0 107 157 163 248 253 331 353 375 384 387 397 409 455 470 493 555 599 665 715 747 749 775 779 866 924 988 997
54.9905838041 49.4773519164 28 0 4 7 8 10 11 11 14 14 15 16 17 17 18 22 24 28 31 34 34 34 38 39 44 45 47 48 49 0 117 149 171 186 187 245 295 319 359 396 455 512 523 656 662 671 677 697 758 764 777 824 863 866 868 944 964
34.8399246704 80.3135888502 28 0 1 2 5 5 6 8 9 10 16 18 20 22 23 24 28 33 34 34 38 39 43 43 43 47 47 47 49 0 0 121 129 164 218 222 244 334 340 364 460 479 504 566 568 607 674 751 786 787 804 810 865 889 904 906 911
309
51.2544802867 36.8263473054 9
56.6308243728 50.5988023952 9
55.1971326165 69.0119760479 8
94.4444444444 51.1976047904 1
44.4444444444 29.6407185629 4
56.2724014337 34.2814371257 9
28.853046595 45.0598802395 7
26.523297491 100.0 6
67.0250896057 54.4910179641 8
17.7419354839 73.8023952096 9
48.9247311828 76.9461077844 2
41.7562724014 69.4610778443 6
47.6702508961 43.7125748503 4
30.4659498208 36.8263473054 9
60.752688172 62.874251497 6
27.4193548387 36.6766467066 3
43.9068100358 51.1976047904 6
49.1039426523 43.4131736527 5
53.9426523297 30.8383233533 1
63.9784946237 37.2754491018 6
70.6093189964 60.4790419162 4
37.2759856631 66.7664670659 2
44.623655914 64.8203592814 1
27.7777777778 29.3413173653 6
46.4157706093 64.2215568862 9
51.2544802867 54.4910179641 3
54.3010752688 64.5209580838 9
54.8387096774 70.0598802395 5
47.6702508961 39.2215568862 1
50.3584229391 54.7904191617 3
46.7741935484 29.6407185629 5
42.8315412186 48.3532934132 6
51.9713261649 45.0598802395 1
85.8422939068 62.874251497 5
45.6989247312 61.0778443114 1
75.0896057348 48.9520958084 2
69.7132616487 70.3592814371 5
56.4516129032 37.7245508982 5
59.6774193548 93.4131736527 5
21.8637992832 58.8323353293 6
37.4551971326 58.2335329341 3
78.6738351254 61.0778443114 7
60.394265233 61.377245509 6
36.2007168459 46.2574850299 5
33.8709677419 11.377245509 4
44.2652329749 76.6467065868 4
59.4982078853 38.622754491 5
43.0107526882 85.4790419162 1
20.0716845878 28.1437125749 7
8.24372759857 61.6766467066 5
75.9856630824 47.1556886228 2
45.8781362007 88.7724550898 6
59.4982078853 32.3353293413 8
46.5949820789 45.9580838323 4
19.8924731183 44.6107784431 7
65.0537634409 41.6167664671 3
36.917562724 38.4730538922 4
62.9032258065 64.0718562874 5
47.311827957 48.2035928144 2
59.4982078853 29.6407185629 1
28.1362007168 57.4850299401 6
37.6344086022 25.5988023952 7
27.5985663082 40.119760479 2
59.4982078853 41.7664670659 6
52.688172043 78.1437125749 9
44.982078853 49.5508982036 4
29.5698924731 45.3592814371 2
53.4050179211 55.5389221557 4
36.0215053763 42.8143712575 1
82.0788530466 29.6407185629 1
62.0071684588 20.9580838323 6
40.6810035842 34.4311377246 1
100.0 57.9341317365 8
49.1039426523 63.0239520958 2
55.5555555556 56.1377245509 5
27.4193548387 72.1556886228 3
50.0 49.251497006 4
61.4695340502 55.2395209581 4
47.8494623656 65.119760479 6
73.1182795699 55.2395209581 7
32.0788530466 48.502994012 8
91.3978494624 42.8143712575 2
47.6702508961 72.3053892216 1
37.8136200717 44.6107784431 3
57.8853046595 62.874251497 9
74.0143369176 51.1976047904 9
58.064516129 46.5568862275 3
49.6415770609 51.1976047904 3
62.1863799283 23.0538922156 8
79.9283154122 43.1137724551 7
62.1863799283 44.4610778443 2
54.1218637993 26.3473053892 3
43.5483870968 51.1976047904 2
68.6379928315 57.0359281437 2
26.3440860215 55.6886227545 3
42.8315412186 50.5988023952 9
40.6810035842 58.6826347305 8
17.3835125448 52.8443113772 2
34.4086021505 78.2934131737 8
43.1899641577 42.9640718563 2
25.4480286738 71.7065868263 4
32.4372759857 81.5868263473 3
56.6308243728 32.1856287425 7
9.31899641577 52.8443113772 5
34.9462365591 66.4670658683 8
23.476702509 75.748502994 2
22.9390681004 51.497005988 8
76.3440860215 46.4071856287 6
25.9856630824 49.8502994012 4
50.8960573477 61.5269461078 4
18.2795698925 62.4251497006 4
81.1827956989 57.6347305389 4
65.4121863799 62.4251497006 1
81.3620071685 55.5389221557 9
34.0501792115 66.4670658683 3
37.2759856631 95.5089820359 3
11.8279569892 60.3293413174 2
62.0071684588 45.5089820359 4
54.3010752688 61.2275449102 8
46.0573476703 38.9221556886 1
60.752688172 64.8203592814 7
74.7311827957 80.5389221557 1
55.5555555556 35.9281437126 7
13.6200716846 55.9880239521 1
60.5734767025 57.3353293413 2
45.3405017921 52.994011976 4
28.4946236559 31.7365269461 5
70.7885304659 36.377245509 2
10.752688172 39.371257485 5
39.9641577061 17.0658682635 8
46.7741935484 32.7844311377 2
17.9211469534 36.6766467066 9
16.4874551971 30.8383233533 3
46.7741935484 60.1796407186 9
51.6129032258 35.1796407186 6
38.3512544803 63.7724550898 2
53.5842293907 39.8203592814 2
68.2795698925 31.4371257485 3
37.2759856631 58.6826347305 1
54.8387096774 52.6946107784 1
44.2652329749 69.6107784431 2
33.1541218638 41.6167664671 5
51.7921146953 95.6586826347 2
41.935483871 48.502994012 1
75.2688172043 61.0778443114 3
55.7347670251 59.880239521 6
62.9032258065 50.1497005988 6
57.1684587814 73.9520958084 2
54.3010752688 49.5508982036 7
46.5949820789 64.0718562874 9
64.8745519713 38.622754491 1
37.8136200717 55.2395209581 6
52.5089605735 51.1976047904 1
0.0 30.8383233533 6
40.3225806452 70.0598802395 9
45.6989247312 48.6526946108 2
40.1433691756 30.0898203593 7
42.4731182796 62.874251497 6
62.5448028674 44.3113772455 4
59.1397849462 38.7724550898 6
83.3333333333 70.9580838323 6
70.2508960573 61.377245509 8
72.0430107527 51.497005988 4
59.6774193548 43.5628742515 9
57.5268817204 74.5508982036 8
36.0215053763 50.0 6
63.082437276 15.7185628743 7
29.3906810036 47.1556886228 3
10.5734767025 55.3892215569 1
48.3870967742 46.2574850299 2
68.9964157706 73.502994012 5
44.4444444444 54.0419161677 3
51.7921146953 81.5868263473 2
47.8494623656 28.5928143713 8
61.8279569892 45.5089820359 6
37.2759856631 46.2574850299 3
76.7025089606 62.4251497006 5
64.8745519713 52.5449101796 2
63.4408602151 52.5449101796 1
35.3046594982 45.3592814371 8
57.3476702509 36.6766467066 5
66.1290322581 59.4311377246 8
52.3297491039 47.1556886228 2
62.9032258065 54.4910179641 5
27.5985663082 65.5688622754 8
45.8781362007 50.0 8
33.3333333333 68.8622754491 4
49.4623655914 73.0538922156 4
62.5448028674 65.5688622754 3
19.5340501792 56.2874251497 9
30.1075268817 53.7425149701 6
62.9032258065 41.1676646707 6
65.2329749104 36.0778443114 8
51.2544802867 52.6946107784 2
62.1863799283 54.9401197605 6
63.082437276 51.1976047904 8
65.2329749104 35.4790419162 3
46.0573476703 60.628742515 9
45.6989247312 38.3233532934 2
36.0215053763 62.4251497006 5
59.1397849462 52.245508982 4
62.5448028674 38.7724550898 6
18.6379928315 49.1017964072 3
59.1397849462 79.6407185629 4
24.3727598566 81.7365269461 7
57.3476702509 80.5389221557 4
51.0752688172 60.9281437126 5
32.0788530466 58.0838323353 4
22.5806451613 74.4011976048 4
33.6917562724 39.371257485 8
78.6738351254 63.3233532934 2
32.9749103943 40.2694610778 9
43.5483870968 32.6347305389 4
65.4121863799 55.6886227545 6
46.7741935484 65.2694610778 9
28.3154121864 48.8023952096 9
50.5376344086 50.748502994 8
56.8100358423 49.7005988024 3
64.5161290323 58.2335329341 2
40.8602150538 37.7245508982 4
74.7311827957 24.4011976048 4
59.8566308244 51.497005988 3
50.0 42.3652694611 5
40.6810035842 51.9461077844 3
42.6523297491 48.2035928144 6
41.935483871 63.0239520958 4
70.0716845878 40.2694610778 8
45.3405017921 51.3473053892 7
49.1039426523 83.9820359281 8
46.2365591398 45.6586826347 4
80.8243727599 60.0299401198 2
44.0860215054 68.4131736527 1
25.8064516129 51.6467065868 9
74.1935483871 79.3413173653 7
69.8924731183 72.9041916168 2
65.770609319 74.4011976048 6
67.0250896057 50.0 6
41.5770609319 27.5449101796 4
36.5591397849 69.3113772455 1
52.8673835125 41.6167664671 8
76.164874552 41.9161676647 9
42.1146953405 52.0958083832 5
40.3225806452 39.6706586826 9
46.9534050179 52.994011976 2
64.5161290323 79.1916167665 5
87.6344086022 87.125748503 9
91.0394265233 57.9341317365 5
32.7956989247 39.9700598802 3
31.8996415771 46.1077844311 5
50.8960573477 58.8323353293 4
44.8028673835 64.371257485 2
63.2616487455 56.7365269461 5
33.1541218638 47.9041916168 9
50.5376344086 54.1916167665 3
29.3906810036 54.7904191617 3
33.8709677419 25.748502994 8
80.1075268817 54.9401197605 7
50.1792114695 30.3892215569 3
31.1827956989 22.9041916168 6
60.5734767025 59.2814371257 5
77.9569892473 39.0718562874 8
65.0537634409 54.7904191617 5
67.0250896057 51.1976047904 1
92.6523297491 51.497005988 7
44.982078853 44.0119760479 4
14.8745519713 57.4850299401 4
31.7204301075 78.8922155689 4
35.8422939068 32.1856287425 8
39.9641577061 57.6347305389 7
65.2329749104 41.0179640719 4
62.1863799283 37.874251497 9
33.5125448029 50.748502994 6
23.6559139785 44.1616766467 7
74.7311827957 21.2574850299 6
53.5842293907 25.8982035928 2
67.9211469534 49.5508982036 4
51.9713261649 58.2335329341 7
54.1218637993 47.1556886228 6
42.8315412186 47.1556886228 6
88.5304659498 72.6047904192 7
66.6666666667 50.748502994 4
40.1433691756 70.0598802395 5
46.7741935484 77.0958083832 9
40.6810035842 78.8922155689 4
43.0107526882 54.4910179641 5
69.7132616487 53.7425149701 6
32.2580645161 50.2994011976 1
47.1326164875 40.8682634731 6
17.3835125448 28.4431137725 1
84.0501792115 63.0239520958 6
50.1792114695 44.6107784431 8
77.0609318996 25.748502994 1
31.541218638 61.6766467066 4
37.8136200717 64.9700598802 5
16.8458781362 39.6706586826 5
33.8709677419 36.6766467066 4
23.835125448 44.0119760479 7
31.7204301075 56.2874251497 8
51.9713261649 41.9161676647 4
50.7168458781 25.5988023952 8
56.6308243728 73.3532934132 7
38.5304659498 63.9221556886 2
45.3405017921 59.880239521 2
62.1863799283 49.7005988024 8
32.6164874552 79.4910179641 1
38.8888888889 0.0 6
54.6594982079 31.5868263473 2
52.688172043 41.9161676647 2
50.7168458781 18.2634730539 8
