119
94.6759259259 81.2834224599 30 0 0 1 5 6 7 9 10 10 11 12 12 12 13 14 15 21 22 22 23 28 29 32 34 36 38 38 44 46 48 0 0 114 204 255 304 313 315 439 440 464 475 483 520 531 582 607 612 615 626 628 656 709 726 735 876 880 906 915 949
39.8148148148 65.7754010695 30 0 5 6 7 12 12 12 14 14 15 15 15 16 18 21 21 23 23 25 27 30 31 35 37 38 42 45 46 49 49 0 0 114 139 156 172 208 228 258 261 271 339 345 354 369 391 420 442 458 466 702 737 749 770 780 825 939 952 991 997
69.4444444444 49.9108734403 30 0 4 11 12 17 17 20 21 22 24 24 24 27 27 28 30 30 31 38 39 40 40 40 40 43 43 47 48 49 49 0 153 275 295 315 319 412 427 432 452 487 515 518 519 538 544 618 640 648 707 778 820 839 847 855 863 870 894 972 972
55.787037037 57.5757575758 30 0 4 6 8 8 10 11 12 12 13 16 18 21 21 24 25 25 26 26 27 31 31 32 33 39 41 42 46 48 49 0 164 165 194 210 281 288 340 376 383 460 470 475 488 524 574 585 636 647 655 676 747 757 764 792 806 873 951 954 957
56.9444444444 89.8395721925 30 0 0 0 3 4 6 8 8 10 11 15 15 16 17 19 20 20 20 20 29 34 37 42 42 43 47 48 49 49 49 0 0 255 263 275 350 363 379 469 499 540 592 603 639 651 683 724 751 773 774 796 840 855 865 866 873 890 929 930 999
28.0092592593 68.449197861 30 0 3 4 4 7 8 9 9 9 9 9 10 13 16 18 20 22 25 29 30 31 33 38 44 45 45 46 47 47 47 0 0 192 222 224 251 300 300 306 314 391 406 407 412 441 464 474 476 479 521 588 676 779 813 826 851 858 876 910 983
80.5555555556 89.4830659537 30 0 0 1 1 2 6 12 13 15 16 16 16 18 25 28 29 29 29 34 34 35 36 38 41 41 42 46 46 48 49 0 0 147 187 221 232 357 357 379 413 465 519 538 541 582 583 623 628 671 686 687 706 716 732 737 757 798 800 923 937
72.4537037037 38.3244206774 30 0 1 2 5 7 10 10 11 12 12 13 13 13 14 15 19 25 27 30 34 35 37 37 38 38 40 41 42 42 47 0 101 144 286 289 290 390 399 417 497 547 555 558 570 577 686 704 723 730 734 769 794 823 845 855 870 917 955 966 988
73.8425925926 67.7361853832 30 0 0 1 7 8 9 10 11 13 14 14 17 17 18 18 20 21 24 25 25 32 33 33 34 35 44 46 48 49 49 0 104 121 128 141 168 196 227 269 293 298 416 445 449 538 547 615 622 634 638 638 665 680 752 782 784 806 926 932 991
83.1018518519 77.3618538324 30 0 2 4 4 5 9 9 10 11 12 14 14 15 15 20 21 22 24 25 26 27 28 28 29 30 34 36 41 41 49 0 0 188 223 225 327 338 343 410 443 444 488 544 587 597 628 637 653 667 711 731 736 795 851 861 874 881 915 945 997
39.1203703704 10.1604278075 30 0 0 5 6 6 7 10 14 17 19 20 22 22 23 25 25 26 28 28 29 34 35 36 42 42 42 47 47 47 48 0 0 119 235 369 385 412 424 431 435 479 504 513 519 535 542 580 585 598 621 644 651 652 706 763 772 907 927 981 993
64.3518518519 83.9572192513 30 0 2 3 4 4 5 6 8 9 9 13 16 16 18 20 22 24 24 28 31 31 32 33 34 40 44 45 48 49 49 0 0 121 132 152 160 166 220 299 320 382 432 479 493 519 568 577 593 696 707 744 762 769 781 795 801 847 904 915 925
34.2592592593 41.3547237077 30 0 3 5 6 9 9 10 10 12 14 16 17 21 23 24 24 28 29 31 32 33 34 39 41 42 43 43 46 48 48 0 146 162 164 211 221 234 243 263 300 389 417 445 455 484 527 534 565 574 628 691 705 741 752 761 775 799 811 867 938
68.287037037 44.5632798574 30 0 1 1 1 2 2 5 6 6 7 10 10 15 18 19 20 20 21 21 22 24 24 30 39 40 40 42 43 44 46 0 0 107 172 201 212 213 218 277 287 305 331 440 447 485 505 617 631 635 654 677 715 723 769 864 909 936 942 962 982
67.1296296296 38.3244206774 30 0 2 4 5 6 7 10 11 12 15 17 17 20 21 23 24 26 26 27 28 29 33 35 35 37 37 40 43 44 45 0 100 103 107 123 146 171 297 305 315 365 497 531 545 569 577 627 638 639 639 705 714 733 736 782 863 873 890 971 991
63.8888888889 51.871657754 30 0 1 2 2 5 6 7 7 12 14 16 16 18 19 20 22 22 23 26 31 33 34 35 39 40 43 44 46 49 49 0 121 192 221 232 243 282 292 328 359 438 464 498 507 540 570 632 670 700 703 827 846 868 878 888 907 935 963 983 983
22.4537037037 23.1729055258 30 0 1 9 12 17 19 20 21 21 23 29 31 32 32 36 37 37 37 39 41 41 42 44 44 45 46 47 47 48 48 0 0 113 150 169 215 222 225 227 255 270 272 277 332 500 512 524 537 566 569 577 597 611 619 682 716 731 776 848 906
29.3981481481 53.11942959 30 0 1 2 2 4 6 8 8 9 12 12 13 15 16 16 17 17 17 17 18 29 29 31 34 37 43 43 45 46 47 0 101 115 137 193 194 203 219 228 266 268 273 344 368 373 424 543 545 619 624 738 776 780 788 792 799 811 899 934 975
48.3796296296 34.0463458111 30 0 4 10 13 15 16 18 25 26 28 29 29 30 31 32 33 35 35 36 39 42 44 45 48 48 48 49 49 49 49 0 0 108 112 129 172 207 212 226 231 232 293 398 404 406 407 447 458 459 475 542 565 578 735 748 780 870 891 897 904
57.8703703704 55.2584670232 30 0 0 0 1 2 2 3 4 5 5 6 10 12 18 18 18 26 29 33 34 34 37 39 40 41 42 46 47 48 49 0 0 120 191 216 268 283 348 348 384 428 459 472 479 499 511 526 636 657 733 740 744 779 812 844 862 879 885 887 901
65.5092592593 45.0980392157 30 0 1 1 6 12 14 16 17 17 18 18 19 21 22 22 24 24 24 25 32 37 40 42 43 43 44 45 45 46 47 0 0 191 231 236 259 260 278 332 344 357 429 447 461 468 491 493 494 516 694 809 851 866 885 897 897 897 899 952 998
32.1759259259 37.9679144385 30 0 3 3 6 8 8 14 17 18 20 21 23 24 26 29 29 31 32 33 34 35 37 37 37 41 43 46 48 48 49 0 188 220 318 343 386 394 449 482 512 543 610 625 640 643 672 674 678 685 697 712 728 763 845 851 876 904 932 945 970
89.1203703704 82.174688057 30 0 3 4 6 7 15 16 19 23 24 24 25 29 31 32 34 34 36 38 38 39 39 40 40 40 41 42 43 46 46 0 0 109 125 154 180 221 334 360 415 529 544 563 568 631 642 645 740 765 781 787 800 828 953 966 970 970 979 990 997
51.6203703704 74.8663101604 30 0 2 5 5 5 11 11 12 12 13 14 17 19 20 20 21 22 25 27 28 29 31 32 33 35 39 44 44 49 49 0 104 124 130 220 283 286 293 394 406 438 462 474 508 517 571 590 623 629 699 744 747 748 762 822 880 892 900 944 984
40.2777777778 67.5579322638 30 0 0 4 5 7 9 15 16 17 17 20 21 21 22 23 23 25 25 26 26 28 30 30 30 34 36 37 37 37 38 0 0 100 116 123 123 135 169 266 282 294 312 320 404 450 468 493 517 658 659 683 694 712 716 726 764 783 897 908 998
62.962962963 77.0053475936 30 0 2 2 3 3 5 5 6 9 11 11 12 19 21 23 27 28 28 28 30 31 34 35 37 40 41 42 46 46 47 0 0 113 134 155 157 190 196 254 261 267 273 293 422 603 607 628 635 656 690 779 799 834 843 868 886 920 937 952 979
40.2777777778 84.6702317291 30 0 1 3 4 5 5 7 9 13 14 17 18 22 22 23 23 24 26 29 29 30 32 34 36 38 40 41 41 47 47 0 129 200 288 308 309 310 331 353 358 419 461 530 576 659 671 679 698 699 711 722 773 822 868 905 916 946 968 997 999
40.2777777778 44.0285204991 30 0 0 2 4 4 8 9 13 14 14 15 15 17 19 19 22 27 31 31 32 35 39 40 41 43 45 46 48 49 49 0 127 130 140 174 178 227 237 245 302 315 385 447 451 469 562 589 609 614 710 759 784 817 819 896 921 959 961 966 981
55.0925925926 96.6131907308 30 0 2 3 4 4 7 8 10 10 11 11 12 14 16 17 18 20 21 23 24 24 26 27 32 33 34 36 41 41 46 0 138 185 188 204 207 250 276 296 302 358 376 393 407 439 470 503 617 627 680 688 707 741 760 773 793 800 849 854 968
50.9259259259 74.5098039216 30 0 0 3 5 5 6 7 9 11 14 14 16 25 26 26 27 29 31 32 34 35 38 38 39 41 42 44 45 49 49 0 124 154 167 170 172 190 194 220 250 251 265 413 420 427 508 553 569 628 680 723 731 743 744 790 856 894 969 988 993
45.1388888889 37.0766488414 30 0 4 4 9 10 11 12 12 12 14 15 18 18 20 23 24 26 26 27 28 28 29 30 30 31 32 38 39 45 45 0 110 136 184 239 251 268 335 366 374 379 396 420 427 428 479 509 532 572 603 617 659 700 720 735 814 905 919 979 991
72.9166666667 54.5454545455 30 0 0 0 1 4 4 6 10 12 13 16 18 22 22 23 23 26 30 32 33 33 36 37 37 38 41 42 45 46 48 0 146 158 158 160 207 208 225 226 293 312 312 357 374 414 428 428 560 619 689 711 779 782 795 833 845 860 896 927 937
50.2314814815 67.3796791444 30 0 1 1 3 3 12 13 13 13 14 15 18 20 27 27 28 28 32 33 33 34 35 35 36 37 41 42 47 47 49 0 122 141 147 183 223 273 345 363 390 446 461 463 554 685 712 722 731 734 748 753 793 799 819 822 922 927 962 980 982
41.4351851852 52.0499108734 30 0 1 1 1 4 4 4 8 8 9 10 10 17 17 19 20 22 22 28 30 31 35 39 39 45 46 46 46 47 48 0 0 124 160 189 200 219 232 237 253 259 303 315 363 371 444 457 511 526 560 571 639 647 648 698 818 822 839 965 998
1.15740740741 42.9590017825 30 0 1 1 2 2 3 3 3 3 6 11 11 17 17 24 25 29 31 32 32 32 33 37 38 39 42 43 45 46 48 0 115 172 214 218 288 360 362 362 365 461 471 512 534 537 574 721 732 761 790 793 793 798 837 844 873 900 910 962 982
53.7037037037 56.3279857398 30 0 0 1 1 3 3 7 10 11 11 14 16 18 18 21 22 24 24 28 30 32 34 35 35 36 37 40 44 47 48 0 0 108 137 140 176 279 308 313 336 373 404 436 461 508 509 530 533 553 583 658 753 777 801 849 854 945 965 969 977
67.5925925926 83.7789661319 30 0 5 6 7 8 9 9 11 11 12 12 14 15 19 26 30 32 33 35 37 37 38 38 38 40 41 45 48 49 49 0 112 117 181 184 216 230 248 266 286 308 324 335 368 486 490 496 529 556 660 696 750 763 764 784 888 905 963 967 974
100.0 52.9411764706 30 0 0 0 2 2 3 4 4 6 7 10 10 11 15 19 21 22 23 24 25 32 34 35 36 39 41 42 44 48 49 0 114 117 128 167 223 231 254 270 277 288 318 421 455 503 541 610 616 717 740 768 824 842 848 877 882 903 903 934 979
45.6018518519 0.0 30 0 4 8 10 11 11 12 13 19 22 24 25 26 27 27 27 27 30 33 34 34 37 37 38 38 42 43 44 48 49 0 105 136 154 195 290 377 418 420 455 484 494 505 547 571 574 580 601 614 641 731 744 770 804 834 855 866 893 896 956
30.5555555556 86.4527629234 30 0 1 2 2 5 5 7 12 12 13 14 16 19 20 23 23 24 25 25 27 29 34 35 35 36 36 36 44 45 45 0 0 111 122 205 254 258 298 304 376 429 445 565 586 605 686 688 701 729 730 759 768 800 831 883 905 952 955 962 973
23.1481481481 60.6060606061 30 0 0 0 1 2 3 3 4 4 10 11 11 13 18 23 25 28 29 30 32 37 41 43 44 44 45 45 47 48 49 0 153 214 215 231 250 263 316 367 371 401 419 484 488 519 521 553 579 664 745 747 750 764 850 872 886 893 910 958 959
25.462962963 61.8538324421 30 0 2 3 4 4 5 5 8 8 9 9 12 15 17 18 21 23 24 25 26 33 36 37 38 39 42 43 45 46 46 0 135 278 281 305 365 366 398 448 479 538 541 548 558 590 591 593 595 609 625 632 687 695 740 776 871 871 915 918 963
2.5462962963 81.1051693405 30 0 0 3 3 5 6 8 9 12 15 18 19 19 19 21 21 22 24 24 26 28 29 30 33 34 37 37 39 46 46 0 0 114 146 174 224 232 254 262 339 401 409 434 496 502 516 579 638 642 695 766 784 845 851 851 867 886 901 901 901
51.3888888889 33.1550802139 30 0 0 1 5 8 8 10 17 18 18 19 21 23 28 30 30 31 32 32 33 33 34 35 37 39 40 41 45 45 49 0 111 148 160 161 215 225 255 288 315 405 494 513 522 532 545 547 587 591 656 672 835 847 865 884 885 911 920 963 992
62.962962963 48.8413547237 30 0 0 0 1 6 7 8 11 12 16 17 18 19 19 20 21 24 27 29 29 31 32 33 35 35 39 44 46 47 48 0 123 140 153 183 222 223 270 286 308 309 332 350 397 401 485 540 621 629 683 691 704 706 711 794 885 938 943 977 994
8.33333333333 76.8270944742 30 0 1 1 4 9 9 9 10 10 10 13 15 18 18 19 22 24 28 29 30 35 38 39 40 46 46 46 46 48 48 0 169 198 220 239 296 304 344 368 387 495 498 501 509 515 546 635 667 683 696 818 833 839 864 889 900 901 958 971 987
54.6296296296 63.1016042781 30 0 3 3 6 6 9 10 14 14 18 19 20 22 22 23 24 25 29 36 36 38 41 42 42 43 44 44 45 48 49 0 0 164 201 226 248 294 346 352 363 386 453 521 605 605 638 720 730 749 784 793 803 905 915 946 960 963 965 971 975
38.8888888889 60.4278074866 30 0 1 4 4 6 7 8 8 8 11 11 15 19 21 22 23 27 27 28 29 30 32 36 39 39 42 46 47 47 47 0 152 199 217 329 337 342 347 389 417 420 496 505 569 580 589 637 705 731 756 766 783 805 812 908 944 960 970 980 980
63.4259259259 58.6452762923 30 0 1 1 1 2 2 3 3 4 4 10 14 14 16 19 21 22 23 31 32 37 37 38 38 38 41 42 42 48 49 0 130 147 201 224 257 285 305 313 317 370 437 468 502 519 540 568 598 630 664 673 700 740 755 771 788 829 880 900 912
55.0925925926 43.4937611408 30 0 4 4 5 6 7 8 8 8 9 9 13 16 17 20 21 26 27 30 31 31 32 34 34 37 44 44 45 49 49 0 0 116 163 167 168 177 179 185 226 358 469 477 482 487 493 541 552 674 758 781 785 785 796 797 805 857 890 890 993
37.7314814815 90.9090909091 30 0 0 1 1 2 4 6 6 8 11 13 13 14 15 17 19 21 25 26 28 28 30 33 37 39 42 42 43 43 49 0 135 153 182 183 197 202 217 249 256 281 360 361 383 469 637 638 654 667 675 686 696 736 746 750 832 849 897 901 925
38.1944444444 54.367201426 30 0 0 1 1 5 6 7 8 11 11 13 16 16 17 18 20 22 25 26 29 31 32 33 34 35 40 42 46 47 48 0 187 192 217 230 289 309 374 428 500 516 566 572 588 612 622 624 658 659 738 767 783 797 800 808 838 856 897 913 913
52.0833333333 47.7718360071 30 0 1 9 9 10 13 15 17 18 19 21 23 23 25 26 27 27 28 28 30 30 30 31 34 35 38 41 41 44 47 0 101 108 141 194 194 229 276 300 351 384 507 545 550 579 593 622 643 656 686 721 734 753 769 811 833 843 864 957 970
4.62962962963 54.1889483066 30 0 4 6 6 8 9 12 13 14 14 15 16 19 20 21 21 25 27 34 34 37 37 38 38 41 42 42 43 47 49 0 142 150 206 213 221 267 270 317 320 338 354 381 386 395 474 510 568 583 709 719 763 782 800 829 834 834 943 969 985
49.3055555556 52.4064171123 30 0 0 4 5 10 10 12 13 13 14 15 16 16 18 18 18 19 21 22 26 29 30 33 33 37 38 39 42 45 48 0 112 134 145 171 217 268 306 343 345 360 442 472 492 518 605 624 667 681 684 721 729 742 755 828 831 833 933 979 980
67.1296296296 51.1586452763 30 0 3 5 6 6 7 10 15 16 16 18 19 21 22 24 28 29 32 33 34 35 35 35 36 36 38 41 41 42 49 0 147 163 170 174 203 208 346 374 489 500 528 543 549 597 598 615 615 622 624 669 694 697 720 734 771 816 854 912 954
58.3333333333 44.7415329768 30 0 1 2 3 5 7 7 7 9 10 11 11 12 14 16 17 18 20 20 22 24 26 28 28 33 37 39 41 45 46 0 131 138 143 191 206 345 390 495 520 547 563 581 584 639 667 688 688 716 718 743 755 810 811 820 880 883 884 919 978
42.1296296296 49.376114082 30 0 1 1 2 4 4 4 8 8 8 10 11 12 13 14 15 17 20 22 27 29 34 35 40 41 42 42 42 42 43 0 110 117 121 168 242 243 272 286 295 297 330 345 347 467 470 477 583 596 598 605 634 653 709 725 737 744 800 908 947
66.8981481481 74.8663101604 30 0 0 0 2 2 3 12 12 14 17 17 20 20 20 23 24 26 29 30 33 34 34 35 38 40 42 43 46 47 49 0 106 126 134 188 192 212 270 279 341 374 383 439 446 473 512 534 583 607 631 656 674 792 845 875 898 920 939 950 971
44.4444444444 39.9286987522 30 0 0 0 1 5 9 9 9 10 12 14 14 18 20 20 24 25 26 28 29 30 31 31 32 37 41 44 47 49 49 0 109 139 140 143 204 208 248 294 311 314 372 379 392 432 433 440 474 479 527 579 597 624 730 759 809 848 853 911 979
34.2592592593 85.3832442068 30 0 1 3 5 8 11 13 16 16 16 19 21 23 23 28 29 29 31 31 33 38 39 41 42 43 44 46 46 47 48 0 178 266 277 332 339 410 418 419 465 471 473 499 503 534 548 553 593 600 613 663 705 712 753 768 776 786 812 889 952
42.3611111111 54.367201426 30 0 0 5 6 6 7 8 11 13 15 16 18 20 21 23 24 26 27 28 33 34 34 36 38 38 38 42 42 43 48 0 135 145 161 177 218 221 228 284 349 416 452 464 480 497 504 568 572 610 627 641 667 762 763 788 800 806 812 813 949
16.6666666667 17.2905525847 30 0 0 0 4 4 6 7 7 8 17 18 18 19 23 25 25 26 28 31 32 34 34 39 39 41 41 41 42 46 49 0 0 198 218 228 262 268 314 327 352 357 412 414 427 428 461 511 606 640 687 716 722 729 789 804 890 898 946 969 971
62.5 66.8449197861 30 0 0 0 3 9 9 10 11 11 12 12 12 13 16 17 17 17 21 25 30 35 36 38 39 41 45 47 48 48 49 0 117 117 147 229 230 232 256 257 264 281 288 296 385 397 440 452 483 535 672 773 786 835 856 891 910 920 930 956 994
83.7962962963 34.9376114082 30 0 1 1 2 5 6 11 13 14 15 15 22 22 23 23 23 24 27 28 33 36 37 39 39 43 45 47 48 49 49 0 117 185 202 207 230 243 245 296 324 345 400 439 457 470 491 493 518 550 615 624 638 721 841 859 865 866 868 903 909
51.6203703704 77.8966131907 30 0 0 1 1 3 4 5 5 6 10 10 10 14 17 17 18 18 24 26 29 32 33 34 34 35 36 38 40 44 46 0 105 127 137 140 162 175 192 267 270 341 381 397 409 465 514 523 552 613 668 674 675 690 701 771 772 786 904 963 976
55.3240740741 86.0962566845 30 0 2 7 8 10 11 11 12 12 15 16 16 18 19 20 21 25 26 27 29 30 31 39 39 43 44 46 46 47 48 0 138 172 177 194 253 300 399 405 408 452 491 503 542 567 580 659 685 686 756 785 813 842 853 865 898 942 972 983 987
62.7314814815 71.1229946524 30 0 0 5 5 6 7 7 10 10 11 15 19 19 20 21 21 24 26 26 28 29 30 31 33 35 36 40 41 42 48 0 129 144 168 202 210 233 235 256 265 281 281 351 492 537 584 589 634 707 710 793 795 892 919 925 943 960 964 988 993
30.787037037 65.5971479501 30 0 1 2 3 5 5 7 9 13 13 15 15 18 19 22 24 24 25 26 28 32 32 33 34 37 39 42 42 43 43 0 119 136 176 183 219 239 242 283 351 359 366 376 434 456 502 520 532 572 604 638 644 669 681 686 745 911 950 966 995
44.4444444444 79.679144385 30 0 3 4 5 8 10 13 15 17 18 19 20 20 21 23 23 25 25 26 31 31 32 32 33 35 36 39 40 43 48 0 111 135 183 208 225 247 303 310 328 331 338 362 371 390 395 406 435 469 472 517 534 572 607 660 671 715 788 850 956
45.1388888889 47.2370766488 30 0 0 0 0 4 4 5 5 7 8 9 12 16 17 18 19 22 22 22 23 25 28 29 32 35 37 40 41 45 47 0 114 149 169 205 256 268 292 376 392 414 423 446 448 517 520 528 589 600 602 641 675 692 717 794 795 841 877 899 928
83.7962962963 52.0499108734 30 0 5 5 6 6 8 8 8 10 11 15 20 22 22 26 27 28 29 30 32 36 38 40 40 43 43 43 45 45 46 0 167 194 198 220 246 284 346 362 368 397 428 458 459 469 489 511 536 580 651 669 698 751 792 812 824 852 870 906 972
29.8611111111 54.5454545455 30 0 5 7 8 8 10 12 13 13 14 15 15 17 22 24 27 28 30 30 30 30 31 33 33 35 39 43 44 47 48 0 125 135 144 165 189 209 241 279 313 315 343 345 445 477 504 511 630 643 707 712 793 820 842 861 893 904 923 962 973
69.9074074074 27.0944741533 30 0 1 1 7 8 10 10 18 18 20 21 21 22 23 23 24 25 30 30 31 33 34 38 39 40 41 43 47 49 49 0 0 122 143 252 313 339 345 352 365 365 369 387 388 444 476 487 500 525 532 626 641 716 743 766 828 941 957 958 972
72.9166666667 71.1229946524 30 0 0 3 5 7 8 9 11 13 18 19 23 24 24 26 27 28 28 29 30 31 32 32 32 42 44 46 46 48 48 0 0 161 186 197 267 290 389 389 391 421 446 488 498 586 627 661 700 731 765 799 815 833 855 857 864 908 937 970 979
59.7222222222 50.9803921569 30 0 5 8 10 12 13 14 17 17 18 20 20 21 25 26 28 29 29 29 29 30 33 34 34 35 35 37 38 47 48 0 115 138 139 151 199 212 248 279 392 423 433 444 467 506 544 550 595 629 629 636 678 708 758 762 764 765 839 840 986
41.2037037037 46.88057041 30 0 1 6 10 10 12 13 15 16 18 21 22 24 27 29 29 31 32 35 35 36 36 37 37 39 43 45 46 46 49 0 0 127 138 222 240 246 247 261 292 367 437 443 507 515 521 545 560 561 585 609 671 759 864 868 887 916 934 940 980
67.1296296296 78.6096256684 30 0 0 1 3 3 6 6 7 10 16 19 22 27 27 29 30 30 33 35 37 37 38 39 39 41 42 43 45 46 48 0 0 233 268 288 290 322 330 354 366 401 411 547 589 592 609 617 672 750 751 782 802 815 855 888 894 906 919 936 948
61.5740740741 63.1016042781 30 0 1 2 3 4 4 5 6 8 9 9 11 12 13 14 14 16 23 23 27 27 28 30 30 31 33 42 44 49 49 0 0 101 115 146 148 153 154 191 215 240 251 273 295 310 312 323 357 366 601 625 632 650 651 700 750 762 852 906 917
36.3425925926 79.3226381462 30 0 1 1 2 4 10 10 12 12 15 17 18 19 19 20 23 23 24 24 26 27 27 28 32 35 35 38 45 48 49 0 104 150 201 246 251 283 289 322 331 360 389 405 482 516 517 559 617 665 695 717 732 769 783 791 812 822 822 873 970
19.4444444444 82.3529411765 30 0 0 1 1 2 6 8 10 11 13 13 13 19 20 23 23 23 26 28 28 32 34 37 38 40 43 45 45 46 49 0 103 176 180 183 190 239 337 360 404 418 436 456 488 513 543 546 643 672 690 714 755 767 789 800 827 853 862 938 972
4.16666666667 44.2067736185 30 0 0 2 2 3 7 10 10 11 12 16 22 23 24 26 27 27 28 31 34 34 35 37 38 38 42 43 46 47 48 0 0 133 139 151 165 224 243 264 270 283 305 309 315 322 356 378 380 525 530 558 591 609 783 807 856 858 976 979 988
53.0092592593 53.2976827094 30 0 5 5 6 6 9 12 14 21 22 22 23 24 26 27 28 29 29 32 34 35 35 35 41 41 43 44 46 47 47 0 100 109 151 154 183 203 242 251 299 355 404 496 521 527 557 578 592 664 683 748 762 767 771 773 784 824 904 992 992
33.3333333333 32.2638146168 30 0 5 5 10 10 13 15 18 19 21 27 27 28 29 29 34 35 35 36 37 39 39 42 45 45 47 47 48 48 49 0 124 170 173 173 181 321 336 350 403 421 439 491 575 584 661 713 734 744 810 821 821 829 836 853 929 957 965 986 999
9.02777777778 30.303030303 30 0 0 1 5 6 7 7 10 11 11 13 15 15 16 17 17 17 22 29 29 30 31 31 34 35 36 36 40 45 49 0 186 201 333 397 405 411 464 472 490 532 553 559 654 660 676 692 754 781 805 808 823 839 877 891 891 911 941 959 973
47.2222222222 73.2620320856 30 0 1 1 4 5 13 14 15 16 18 19 20 21 21 22 23 24 27 31 33 35 38 39 40 41 43 43 44 46 48 0 148 157 170 220 236 243 266 285 293 314 387 532 568 615 623 624 632 654 664 694 699 710 746 760 802 833 916 917 968
48.1481481481 55.2584670232 30 0 0 0 1 2 4 5 6 7 16 16 21 22 23 25 28 28 29 30 30 32 34 34 35 37 44 45 45 46 49 0 103 124 149 221 355 357 377 435 475 485 503 515 515 539 544 587 629 638 648 669 701 744 761 893 900 940 948 957 990
69.9074074074 87.8787878788 30 0 0 3 5 5 5 7 8 11 11 15 16 17 17 18 20 20 20 28 30 31 34 36 36 36 36 44 46 46 48 0 125 146 169 207 220 322 351 359 418 447 521 541 585 594 621 646 650 688 693 701 783 794 867 887 904 905 963 967 980
68.287037037 36.5418894831 30 0 0 0 1 2 3 5 12 12 12 12 14 20 21 21 22 23 24 26 26 28 31 34 35 35 41 42 43 44 45 0 0 139 152 164 170 198 230 233 286 314 367 382 385 387 418 421 443 465 479 553 630 729 753 821 826 839 952 967 986
35.1851851852 66.4884135472 30 0 0 5 5 8 10 11 14 17 18 20 20 23 23 23 23 25 26 27 31 34 37 39 40 40 41 44 44 49 49 0 0 165 224 244 246 264 342 408 416 449 489 504 528 538 574 589 609 662 699 709 733 742 784 811 818 844 881 963 975
86.8055555556 58.8235294118 30 0 2 3 5 6 6 8 8 9 9 11 16 17 18 21 22 25 27 28 28 31 33 39 39 42 42 45 46 46 48 0 0 198 205 241 268 294 317 324 337 396 411 419 485 488 530 555 580 619 635 704 719 729 737 748 836 849 903 946 982
43.287037037 55.9714795009 30 0 0 1 3 3 5 5 6 8 11 13 14 15 20 21 24 24 24 27 29 36 37 39 40 43 43 45 48 48 49 0 119 120 129 137 161 164 213 216 241 273 282 361 365 386 416 467 479 486 502 503 754 765 776 806 866 875 888 912 941
48.3796296296 55.9714795009 30 0 2 4 4 7 13 16 17 18 18 23 24 24 24 25 25 25 28 29 30 30 37 37 37 38 38 44 45 47 48 0 0 111 133 195 198 214 236 306 309 323 330 356 361 406 414 469 577 605 610 709 757 761 787 802 865 881 898 969 976
56.4814814815 41.3547237077 30 0 3 3 6 10 12 14 17 18 19 20 21 22 24 27 28 28 28 29 33 34 40 41 41 41 43 47 47 48 49 0 105 112 133 157 165 178 180 191 262 357 364 377 400 427 438 517 531 615 620 654 660 667 873 886 935 935 947 964 985
67.1296296296 79.1443850267 30 0 0 0 2 3 6 7 12 13 15 17 19 23 27 28 28 28 29 32 32 37 37 37 38 41 41 42 43 44 47 0 107 128 191 211 239 302 315 385 389 390 412 502 572 621 634 686 687 700 751 751 753 771 811 817 821 857 956 970 986
0.0 79.679144385 30 0 0 3 6 7 7 7 9 11 12 13 14 15 18 19 20 20 22 22 23 28 30 34 37 37 37 37 42 42 45 0 120 148 168 172 189 213 250 254 264 299 327 373 428 524 546 573 580 606 619 641 705 718 779 820 844 881 897 902 947
78.4722222222 41.5329768271 30 0 0 8 9 10 12 14 15 15 20 21 21 22 26 29 30 31 31 32 33 34 36 38 38 40 42 46 49 49 49 0 139 324 362 381 391 409 450 484 520 531 582 589 628 674 676 689 702 715 730 764 889 892 910 916 923 935 947 955 960
82.1759259259 31.3725490196 30 0 6 14 14 14 17 18 20 21 24 24 24 25 28 30 35 35 35 35 37 39 39 40 40 44 44 45 47 47 49 0 0 115 128 130 131 145 158 195 231 239 278 279 287 288 320 403 428 455 512 530 594 697 724 831 851 855 931 973 988
56.4814814815 71.3012477718 30 0 1 4 5 6 8 9 10 11 12 13 16 18 21 22 24 24 26 26 30 37 37 39 40 43 44 45 46 47 47 0 139 142 159 181 197 278 282 308 348 351 356 397 411 465 582 583 665 682 693 775 798 801 806 810 869 880 904 926 965
37.962962963 16.2210338681 30 0 1 2 6 7 9 10 12 12 15 15 18 18 19 20 20 20 20 23 28 32 34 34 36 38 39 39 41 44 49 0 0 150 166 175 191 232 243 264 282 338 339 355 363 395 424 437 440 490 521 537 563 571 668 725 734 832 857 907 995
29.6296296296 73.6185383244 30 0 3 3 4 6 6 10 10 11 11 14 15 18 23 24 26 28 28 29 29 29 33 37 39 40 40 43 43 44 48 0 101 120 133 148 214 230 232 250 260 275 285 363 389 429 485 495 664 680 701 709 761 763 816 856 919 920 980 984 999
12.7314814815 68.9839572193 30 0 2 3 3 4 4 6 13 14 14 14 14 16 16 17 22 25 28 31 34 36 36 37 38 38 40 41 43 46 46 0 275 279 280 285 289 322 424 441 537 597 610 639 657 669 693 714 716 755 761 793 798 829 842 872 872 888 893 908 955
18.5185185185 30.8377896613 30 0 2 7 8 9 9 12 14 15 16 19 23 25 25 26 26 27 33 38 38 39 42 42 43 45 45 47 47 48 49 0 144 185 201 224 274 277 361 371 377 384 399 412 460 487 541 571 598 644 678 683 693 723 742 762 789 873 890 891 908
62.037037037 51.5151515152 30 0 0 0 6 6 7 8 8 10 11 12 14 16 17 19 19 19 20 21 25 26 34 35 38 40 42 42 43 47 49 0 148 156 161 169 176 240 259 262 344 362 412 496 520 530 535 538 562 619 636 643 680 720 757 770 874 881 915 976 980
58.5648148148 78.7878787879 30 0 2 3 7 7 12 16 17 18 18 18 18 22 24 24 24 26 27 29 30 30 31 32 33 35 39 40 43 43 45 0 131 181 183 185 213 231 259 327 342 382 386 405 466 490 526 594 602 614 660 668 668 681 712 732 741 776 795 931 997
62.037037037 75.5793226381 30 0 0 4 4 5 5 11 13 13 13 14 14 15 17 19 21 21 22 23 27 27 33 34 37 39 43 44 47 47 48 0 109 116 125 129 145 150 164 230 249 414 434 442 468 562 580 591 599 605 641 653 768 771 782 812 854 893 899 911 959
44.9074074074 84.6702317291 30 0 4 6 10 13 14 14 16 20 20 20 22 23 23 31 32 33 35 35 35 38 41 41 42 42 44 45 46 46 49 0 0 109 174 211 217 233 275 314 333 354 431 519 528 569 589 593 604 626 653 676 698 741 761 794 858 864 891 926 949
71.7592592593 75.935828877 30 0 0 2 5 5 6 6 8 8 12 12 13 16 17 18 19 20 22 26 26 30 32 37 39 41 43 45 46 47 48 0 112 122 137 175 200 278 342 367 394 432 443 506 549 597 614 637 652 665 671 726 740 781 793 822 826 869 919 980 987
53.4722222222 82.3529411765 30 0 1 1 2 7 10 11 11 11 14 14 16 17 17 18 21 24 24 24 27 29 33 37 38 40 43 45 46 46 46 0 0 101 129 135 193 212 248 311 324 346 362 390 404 418 440 493 548 556 566 610 633 670 696 752 776 790 906 926 974
43.75 59.5365418895 30 0 0 1 4 4 5 5 6 7 10 11 11 15 18 19 20 22 22 23 23 24 25 29 34 36 38 42 45 47 49 0 120 156 233 252 309 361 362 376 437 471 517 595 671 716 722 727 739 756 799 827 830 848 874 876 933 934 958 966 973
33.3333333333 91.9786096257 30 0 0 0 1 2 2 5 11 13 14 15 17 18 20 20 21 22 24 25 29 29 30 30 31 34 36 40 41 44 47 0 132 142 167 175 274 278 290 338 350 352 387 423 433 453 475 544 567 595 606 612 617 737 771 855 856 867 874 911 995
51.8518518519 82.5311942959 30 0 1 2 2 4 6 6 8 9 10 11 12 17 19 20 22 23 23 23 27 27 30 35 36 36 40 40 42 46 48 0 105 118 128 128 248 259 270 282 327 329 335 382 384 464 534 544 562 564 609 643 772 798 800 814 815 869 892 929 966
19.9074074074 59.8930481283 30 0 1 3 4 6 8 9 12 14 16 17 17 18 27 28 28 28 29 29 29 31 34 35 36 41 41 44 46 47 47 0 124 160 162 194 209 213 225 312 342 346 363 408 432 450 486 531 580 623 638 663 678 721 739 751 882 893 916 940 951
76.8518518519 73.7967914439 30 0 0 2 4 6 10 10 10 12 14 16 16 16 17 19 20 22 25 26 27 28 31 33 36 36 37 38 38 40 46 0 111 217 235 257 279 281 311 399 478 488 516 531 583 603 610 633 643 656 668 743 748 754 758 777 794 846 863 874 941
14.5833333333 64.1711229947 30 0 1 2 2 3 7 7 8 11 11 14 16 17 17 18 20 21 29 29 29 34 35 36 36 39 39 40 42 43 48 0 0 117 131 137 142 155 182 203 228 232 258 281 390 409 463 465 623 624 647 662 683 700 757 759 808 859 888 910 939
68.0555555556 100.0 30 0 1 1 1 2 6 7 11 11 11 12 12 12 14 16 16 16 20 20 20 29 30 31 33 37 42 42 46 47 48 0 100 131 194 234 245 258 332 338 351 358 377 384 412 434 440 505 509 528 537 540 638 714 728 730 759 784 804 811 958
59.9537037037 49.376114082 30 0 0 6 6 7 9 15 17 20 21 22 22 22 24 26 26 31 31 32 32 33 33 34 40 40 41 42 43 47 47 0 148 249 347 427 461 469 518 555 568 589 602 615 616 681 707 710 729 737 772 795 822 839 893 896 936 969 975 988 989
81.9444444444 52.0499108734 30 0 1 4 4 5 8 9 9 13 15 15 17 19 22 24 25 27 30 30 34 40 41 42 43 43 44 46 47 47 49 0 124 142 255 273 288 304 350 357 377 384 437 456 528 582 649 651 710 722 732 762 794 799 853 853 905 911 930 947 972
61.8055555556 65.4188948307 30 0 2 4 7 11 16 20 22 23 24 24 29 30 31 32 34 34 34 36 36 37 38 38 38 40 41 44 45 47 49 0 164 164 230 241 258 286 318 400 437 483 492 506 521 585 623 685 700 718 727 775 818 824 833 899 945 947 969 973 999
209
21.0720887246 55.6179775281 2
31.7929759704 32.2097378277 3
60.0739371534 67.9775280899 2
59.1497227357 57.8651685393 2
58.2255083179 77.1535580524 8
39.741219963 61.2359550562 2
29.5748613678 63.670411985 3
34.1959334566 81.4606741573 3
20.5175600739 73.595505618 8
57.1164510166 68.3520599251 1
42.8835489834 53.3707865169 3
0.0 55.6179775281 3
36.9685767098 28.8389513109 9
35.1201478743 50.936329588 7
43.9926062847 52.0599250936 9
28.8354898336 57.1161048689 8
51.7560073937 58.9887640449 4
36.0443622921 87.4531835206 1
26.8022181146 13.4831460674 1
24.7689463956 56.5543071161 9
9.0573012939 26.9662921348 4
36.0443622921 66.2921348315 2
69.8706099815 66.4794007491 1
47.134935305 57.1161048689 2
34.011090573 78.4644194757 2
40.4805914972 41.9475655431 4
21.8114602588 19.6629213483 3
18.2994454713 79.5880149813 7
46.5804066543 58.6142322097 4
31.977818854 50.7490636704 9
23.6598890943 43.0711610487 9
26.247689464 23.7827715356 7
46.7652495379 76.7790262172 1
40.2957486137 62.734082397 6
43.8077634011 60.861423221 2
47.8743068392 54.6816479401 6
42.3290203327 73.4082397004 5
4.43622920518 57.1161048689 3
22.550831793 89.7003745318 4
40.4805914972 25.2808988764 7
100.0 81.8352059925 6
32.1626617375 82.9588014981 3
61.9223659889 46.6292134831 9
13.8632162662 82.3970037453 6
79.2975970425 81.4606741573 7
58.0406654344 62.3595505618 9
23.4750462107 45.8801498127 9
30.8687615527 46.8164794007 4
70.9796672828 29.5880149813 2
7.20887245841 59.1760299625 2
26.247689464 78.2771535581 3
5.17560073937 86.5168539326 8
58.595194085 76.404494382 4
24.9537892791 46.6292134831 4
59.7042513863 85.0187265918 6
29.7597042514 59.5505617978 5
47.6894639556 78.2771535581 2
36.0443622921 41.5730337079 5
30.6839186691 59.5505617978 5
44.7319778189 44.5692883895 9
65.6192236599 54.3071161049 5
47.6894639556 81.4606741573 4
27.3567467652 54.4943820225 5
29.2051756007 50.0 1
77.2643253235 69.8501872659 7
12.5693160813 91.1985018727 4
73.5674676525 60.1123595506 7
13.8632162662 36.329588015 1
21.9963031423 67.9775280899 5
37.707948244 34.0823970037 4
32.1626617375 52.0599250936 2
57.8558225508 62.5468164794 6
68.3918669131 60.2996254682 4
39.5563770795 41.5730337079 1
56.3770794824 43.8202247191 7
29.5748613678 8.23970037453 2
28.280961183 65.543071161 3
26.0628465804 43.6329588015 1
51.2014787431 41.0112359551 6
45.471349353 64.0449438202 9
35.3049907579 55.4307116105 8
21.4417744917 38.0149812734 8
47.3197781885 86.1423220974 9
65.0646950092 58.2397003745 1
19.0388170055 75.2808988764 3
57.3012939002 71.7228464419 3
36.5988909427 66.6666666667 7
52.4953789279 73.595505618 8
10.7208872458 89.8876404494 8
34.7504621072 37.265917603 2
44.9168207024 54.4943820225 7
77.6340110906 58.8014981273 5
45.2865064695 24.3445692884 7
55.8225508318 60.2996254682 1
46.2107208872 63.1086142322 1
46.3955637708 25.8426966292 5
69.3160813309 62.3595505618 7
36.2292051756 29.0262172285 3
22.7356746765 52.6217228464 8
45.8410351201 61.0486891386 1
42.5138632163 39.138576779 4
69.1312384473 36.8913857678 3
72.8280961183 45.1310861423 2
48.2439926063 60.861423221 6
66.1737523105 58.4269662921 4
22.550831793 64.9812734082 5
76.7097966728 47.7528089888 5
16.6358595194 27.34082397 3
47.8743068392 48.8764044944 6
67.6524953789 41.9475655431 7
59.5194085028 22.4719101124 5
20.5175600739 39.5131086142 4
60.4436229205 50.1872659176 9
18.4842883549 61.4232209738 3
50.2772643253 72.8464419476 5
43.6229205176 66.2921348315 4
49.9075785582 47.3782771536 9
44.1774491682 71.9101123596 6
28.280961183 87.4531835206 4
43.9926062847 20.4119850187 2
57.1164510166 43.4456928839 8
51.0166358595 56.3670411985 7
71.719038817 72.2846441948 5
67.4676524954 13.4831460674 7
57.8558225508 52.4344569288 7
36.4140480591 58.0524344569 4
60.8133086876 75.0936329588 2
37.1534195933 62.5468164794 3
51.3863216266 59.3632958801 4
75.2310536044 55.8052434457 1
75.2310536044 37.6404494382 8
15.5268022181 43.2584269663 2
43.8077634011 71.1610486891 7
35.8595194085 69.4756554307 2
32.1626617375 47.9400749064 4
26.4325323475 51.872659176 7
63.5859519409 57.8651685393 5
54.1589648799 47.9400749064 4
51.0166358595 39.138576779 4
32.3475046211 14.0449438202 7
26.0628465804 50.3745318352 5
62.4768946396 42.5093632959 3
66.1737523105 59.925093633 5
65.4343807763 68.1647940075 6
18.1146025878 58.0524344569 6
27.7264325323 69.8501872659 7
49.168207024 62.5468164794 3
21.8114602588 58.8014981273 7
64.8798521257 75.6554307116 1
61.9223659889 83.3333333333 2
13.3086876155 46.0674157303 7
42.3290203327 56.3670411985 1
8.6876155268 51.3108614232 8
51.3863216266 61.6104868914 4
8.3179297597 53.5580524345 6
42.6987060998 26.404494382 2
50.6469500924 0.0 9
51.9408502773 48.3146067416 6
57.1164510166 61.6104868914 2
43.8077634011 88.9513108614 4
43.438077634 45.8801498127 7
73.752310536 59.7378277154 3
11.46025878 45.5056179775 3
92.7911275416 42.6966292135 6
37.3382624769 53.5580524345 8
29.0203327172 19.8501872659 4
27.7264325323 82.7715355805 6
44.5471349353 64.0449438202 6
78.9279112754 76.5917602996 6
25.8780036969 50.5617977528 6
50.6469500924 75.0936329588 4
30.6839186691 48.5018726592 3
26.9870609982 88.0149812734 2
53.0499075786 55.0561797753 6
41.404805915 100.0 7
44.1774491682 50.3745318352 9
27.3567467652 82.2097378277 8
45.2865064695 71.1610486891 8
21.2569316081 75.6554307116 7
38.6321626617 58.9887640449 9
30.1293900185 60.4868913858 3
65.6192236599 50.5617977528 8
34.1959334566 91.7602996255 4
61.5526802218 57.8651685393 5
0.554528650647 66.2921348315 3
44.5471349353 59.5505617978 1
24.0295748614 48.3146067416 6
46.9500924214 72.2846441948 4
55.8225508318 25.2808988764 2
41.2199630314 59.5505617978 9
21.8114602588 56.9288389513 4
23.4750462107 54.8689138577 6
59.7042513863 59.1760299625 9
52.4953789279 62.5468164794 4
27.7264325323 57.6779026217 7
19.9630314233 52.9962546816 8
36.9685767098 87.265917603 8
26.6173752311 56.7415730337 9
57.8558225508 38.5767790262 8
94.6395563771 42.6966292135 4
26.4325323475 42.3220973783 4
59.1497227357 26.404494382 8
45.6561922366 88.5767790262 5
49.3530499076 70.5992509363 6
35.4898336414 37.265917603 5
83.3641404806 51.6853932584 7
82.4399260628 22.0973782772 4
35.8595194085 19.1011235955 6
72.2735674677 55.9925093633 2
