104
47.4910394265 51.6544117647 33 0 0 2 2 3 3 5 8 9 12 12 14 19 21 22 22 24 26 29 30 32 33 34 39 41 44 44 44 45 48 49 49 49 0 102 133 155 189 217 228 299 307 308 341 447 454 471 482 499 536 561 563 595 616 631 638 700 721 789 795 797 815 830 846 930 945
54.4802867384 29.9632352941 33 0 1 2 3 4 6 8 10 12 12 13 13 14 14 16 17 18 20 22 24 28 30 31 34 36 36 40 40 41 42 43 44 44 0 126 166 205 214 223 233 257 266 271 331 337 356 368 372 423 467 491 502 518 552 578 625 663 677 680 729 848 947 949 979 982 995
57.8853046595 64.3382352941 33 0 0 2 2 3 4 6 10 10 13 14 15 17 17 18 21 24 25 27 31 32 35 36 39 39 42 42 43 43 44 46 47 48 0 100 101 196 199 206 239 333 338 371 382 391 396 452 452 457 478 512 523 525 586 613 664 679 712 812 829 892 924 960 961 964 994
73.1182795699 63.4191176471 33 0 0 0 1 1 2 4 5 5 9 11 11 11 12 13 13 13 14 18 19 20 22 26 26 26 27 30 32 32 38 42 43 45 0 122 165 195 210 231 245 348 394 401 454 459 486 487 530 537 544 575 600 610 643 649 671 847 870 874 906 930 985 987 988 994 995
43.0107526882 27.0220588235 33 0 0 2 4 6 6 8 8 9 12 15 15 18 20 21 25 26 27 28 32 33 35 35 36 38 39 40 42 43 46 47 48 49 0 0 148 168 213 217 269 288 305 308 365 412 434 437 479 550 555 572 579 591 638 647 724 734 741 745 755 782 786 832 866 876 930
93.3691756272 40.4411764706 33 0 2 3 4 5 8 8 9 10 11 15 18 20 22 24 26 27 28 31 32 32 34 36 36 37 38 39 41 43 44 44 46 49 0 124 216 223 256 256 266 294 305 352 364 390 394 397 433 457 461 477 485 535 538 575 602 634 690 742 758 759 789 832 863 920 955
63.2616487455 48.3455882353 33 0 0 6 7 7 9 13 20 20 21 22 27 28 28 29 30 31 32 33 34 34 36 37 38 42 42 44 44 47 47 47 48 48 0 119 121 145 152 154 159 186 188 205 223 263 270 332 356 386 392 402 481 504 515 531 664 670 716 737 751 766 838 895 977 980 994
75.4480286738 41.7279411765 33 0 0 0 1 2 7 7 8 9 13 13 14 14 15 16 24 25 26 29 30 30 31 31 32 34 40 41 43 44 46 46 49 49 0 112 117 155 164 188 232 246 410 414 427 466 493 509 542 589 602 641 644 666 713 731 732 789 798 806 815 818 833 854 871 913 918
59.3189964158 27.9411764706 33 0 0 1 1 2 2 3 5 6 8 8 9 13 15 17 17 18 20 21 21 22 24 25 25 27 27 29 31 32 36 39 42 44 0 129 169 201 205 207 207 226 264 281 308 313 347 353 355 378 402 458 473 571 587 613 670 688 744 751 755 776 873 874 920 923 953
67.2043010753 42.0955882353 33 0 4 5 6 9 9 10 11 12 12 16 17 18 18 19 20 21 22 23 23 24 25 25 28 31 34 34 34 35 35 37 41 49 0 119 142 144 148 165 182 191 228 252 263 266 358 455 457 459 486 489 530 539 545 547 615 669 678 704 752 752 800 873 904 978 997
58.064516129 0.0 33 0 2 4 5 8 10 12 12 12 17 17 19 20 21 22 23 23 25 26 26 27 33 35 36 36 37 39 40 42 42 45 46 49 0 0 149 189 296 330 353 356 368 425 435 474 488 541 566 614 625 635 657 657 690 697 743 764 781 918 922 926 938 950 994 998 999
48.5663082437 45.9558823529 33 0 0 1 2 5 6 6 10 16 16 19 19 21 22 22 24 24 24 25 25 28 28 30 30 34 35 38 40 45 45 46 46 49 0 175 191 200 248 253 291 332 367 376 437 460 463 483 484 486 488 587 597 628 629 689 691 691 707 746 796 839 856 859 873 944 989
44.0860215054 51.2867647059 33 0 0 1 1 2 4 5 9 13 14 16 18 19 19 20 21 23 30 31 31 31 34 34 39 40 40 40 42 42 43 46 48 48 0 108 147 214 228 242 245 269 284 326 326 360 506 539 618 621 622 640 673 676 687 689 699 753 756 798 832 917 940 957 965 973 996
52.8673835125 25.3676470588 33 0 0 0 0 1 1 3 4 10 11 12 12 12 15 15 18 18 19 19 19 19 20 20 25 26 31 35 35 37 39 43 47 47 0 143 157 209 238 282 304 319 325 362 380 467 571 575 592 603 616 683 705 725 742 744 800 805 827 836 837 875 937 950 951 962 998
32.7956989247 16.3602941176 33 0 4 5 5 7 7 11 13 14 15 15 22 24 24 26 26 27 29 29 30 30 31 33 33 34 42 42 43 43 43 45 46 48 0 120 124 125 144 149 166 206 250 265 392 435 474 495 503 509 545 561 563 586 611 643 709 737 767 791 854 859 899 899 908 956 990
39.605734767 55.3308823529 33 0 3 3 4 5 8 8 8 9 9 12 13 13 15 17 17 18 21 24 24 26 30 33 34 35 36 37 38 39 39 40 44 49 0 0 125 197 230 230 301 398 444 452 476 500 509 525 538 583 612 625 663 675 680 706 725 750 776 780 840 869 884 899 903 921 955
53.4050179211 24.2647058824 33 0 1 2 3 4 6 7 7 8 11 13 13 15 15 19 21 21 21 21 24 24 26 26 28 30 31 33 36 36 37 39 42 44 0 0 117 118 125 140 154 154 167 183 220 229 232 251 295 411 421 433 507 547 563 581 586 591 647 653 713 782 809 827 847 942 945
68.6379928315 9.375 33 0 0 0 1 2 5 6 7 9 10 11 13 16 16 21 23 24 24 28 28 30 31 31 34 38 39 39 42 44 45 46 47 48 0 0 108 135 149 186 193 212 218 258 343 363 375 378 396 506 546 562 609 616 627 643 652 653 659 661 829 914 926 928 979 980 992
53.7634408602 38.0514705882 33 0 1 2 3 3 3 7 10 11 12 13 15 18 19 19 22 24 24 25 28 29 30 30 33 36 37 38 38 39 41 44 45 46 0 120 174 195 204 281 284 306 319 354 389 419 492 512 517 569 573 610 622 644 653 653 707 750 759 781 791 847 865 902 921 973 992
22.7598566308 36.9485294118 33 0 0 3 6 7 9 10 13 14 16 18 18 19 19 20 20 21 23 26 27 27 27 30 32 32 35 35 37 37 42 45 46 48 0 129 149 155 214 228 242 255 285 302 352 356 436 456 499 522 564 599 603 616 671 684 687 708 737 781 807 823 837 869 890 914 924
26.523297491 44.3014705882 33 0 1 4 5 5 7 9 11 11 13 14 16 18 18 18 19 21 21 26 26 27 29 29 31 31 32 34 38 39 41 41 43 45 0 102 135 180 185 190 194 222 296 311 392 434 435 447 479 502 537 543 590 592 597 615 615 719 721 725 758 813 820 823 839 875 966
23.6559139785 24.4485294118 33 0 0 0 3 7 8 8 9 10 10 11 11 13 14 14 14 16 19 20 22 31 32 33 34 35 39 43 46 46 48 48 48 49 0 293 411 416 445 461 461 548 559 572 575 587 599 664 674 674 682 688 715 763 834 838 858 860 878 903 904 933 954 954 956 964 985
45.5197132616 38.0514705882 33 0 4 7 9 10 12 12 14 15 19 21 22 22 22 23 25 26 26 27 27 27 28 28 32 33 33 38 38 39 42 45 46 48 0 151 164 176 234 243 264 267 293 310 319 322 358 387 398 458 473 492 505 524 596 614 621 641 658 659 664 762 790 871 887 918 956
52.1505376344 54.5955882353 33 0 0 1 3 3 10 13 13 14 16 17 18 18 19 22 22 24 24 28 28 29 31 32 33 33 36 36 40 42 45 48 49 49 0 0 131 134 229 237 287 300 370 419 426 430 430 447 466 484 496 539 564 610 675 681 684 687 709 712 731 814 818 831 860 866 880
2.32974910394 14.8897058824 33 0 1 3 5 6 9 12 13 18 19 20 22 22 24 28 29 30 30 30 31 31 37 37 39 39 42 42 43 47 48 48 48 49 0 0 184 216 228 354 365 399 407 414 459 461 553 555 567 611 638 642 646 685 700 721 773 802 856 870 916 933 945 985 995 998 999
49.8207885305 37.8676470588 33 0 0 2 7 8 8 10 11 13 15 18 21 21 23 23 25 27 27 28 28 39 40 40 40 41 42 43 44 45 46 46 47 48 0 195 201 210 232 298 330 351 354 354 387 464 472 510 515 515 586 597 600 658 663 702 745 803 828 852 886 887 897 923 961 966 986
53.0465949821 91.9117647059 33 0 0 2 4 6 7 11 15 16 19 20 21 22 25 25 25 26 29 33 34 36 37 38 38 38 39 42 42 43 44 45 45 47 0 152 158 180 218 280 303 304 316 416 450 459 507 516 521 521 540 580 606 629 770 828 834 836 839 855 901 902 944 949 974 984 991
57.1684587814 47.0588235294 33 0 1 1 2 3 4 5 6 6 8 8 8 11 13 19 19 19 20 23 24 29 29 30 30 32 39 40 42 43 44 45 47 49 0 109 124 124 143 184 191 206 302 321 326 344 361 374 397 466 512 595 625 680 766 767 773 774 794 812 844 850 883 896 911 948 997
66.4874551971 100.0 33 0 0 1 1 1 3 4 5 6 7 8 9 9 14 14 14 14 15 19 22 23 23 29 32 36 40 43 43 43 44 47 49 49 0 0 206 222 227 237 242 252 253 497 519 567 569 577 606 607 620 633 678 695 769 772 781 822 834 847 856 901 913 941 985 987 996
69.1756272401 69.8529411765 33 0 3 8 9 9 9 11 13 14 15 15 18 20 21 23 24 26 26 29 30 32 33 34 34 36 37 38 40 41 42 44 46 47 0 106 145 146 156 199 204 353 375 421 423 458 481 520 538 606 659 697 722 754 775 791 804 806 863 869 876 896 903 925 938 976 986
44.982078853 30.5147058824 33 0 0 1 1 6 7 7 9 9 11 16 18 20 23 24 25 28 31 31 31 32 34 35 36 36 41 41 42 42 43 48 48 49 0 110 199 201 207 209 226 319 337 346 358 398 430 442 444 444 509 543 589 620 674 676 693 718 770 852 875 896 915 924 944 990 997
36.5591397849 48.3455882353 33 0 0 3 5 6 6 7 10 11 13 14 15 16 18 19 20 22 28 29 29 31 33 35 36 37 39 39 43 45 46 47 47 49 0 103 138 153 171 183 215 269 276 289 388 408 419 427 479 532 559 559 608 639 684 689 693 718 773 773 788 875 892 897 904 967 989
72.2222222222 24.0808823529 33 0 1 3 6 6 9 10 11 11 11 13 13 17 17 18 19 19 24 25 28 31 32 37 40 40 41 42 46 46 47 47 48 49 0 0 131 133 162 186 210 225 276 307 350 437 489 498 523 532 539 586 628 639 640 662 749 757 798 835 836 851 874 957 960 969 993
33.5125448029 20.2205882353 33 0 0 2 2 6 6 8 10 17 18 19 23 24 25 28 28 28 30 31 32 33 35 37 41 44 44 45 46 46 46 47 48 49 0 101 115 129 132 142 148 155 165 170 196 199 313 318 328 364 410 498 574 587 737 770 779 793 814 851 869 895 903 911 920 948 970
100.0 19.1176470588 33 0 3 5 8 8 10 12 13 13 24 26 26 27 28 29 30 30 31 31 37 38 39 40 43 44 44 44 46 46 46 47 48 49 0 0 120 121 171 193 196 211 220 319 351 372 424 456 481 563 565 578 637 645 647 651 653 658 735 810 871 882 916 920 958 974 984
34.0501792115 51.4705882353 33 0 0 0 1 2 2 3 4 6 7 9 10 10 13 13 15 17 19 21 25 26 27 28 34 36 36 38 39 39 43 44 45 49 0 125 141 162 245 253 263 268 283 286 365 369 389 414 505 536 545 575 594 651 655 664 676 751 755 821 829 907 910 946 949 973 988
72.2222222222 31.4338235294 33 0 0 1 3 4 7 15 16 16 17 19 21 22 26 28 29 29 30 30 31 32 32 33 34 38 39 40 40 46 47 48 48 48 0 124 154 225 231 236 318 326 397 483 499 504 512 549 573 614 616 617 623 656 706 716 723 740 771 781 782 806 850 878 882 901 924
0.0 27.5735294118 33 0 0 1 3 4 5 10 13 13 14 15 16 19 22 23 26 26 27 30 32 33 34 38 40 41 42 42 42 43 44 45 46 48 0 111 125 139 193 242 271 324 364 411 419 422 430 446 499 517 555 585 594 660 694 724 724 735 770 787 828 870 875 925 953 964 994
97.311827957 7.72058823529 33 0 0 0 0 1 3 4 5 6 8 10 11 13 13 15 17 18 20 22 23 24 27 28 30 30 32 32 35 35 39 40 45 48 0 0 162 163 236 246 266 286 289 354 369 377 380 390 392 403 409 430 432 453 519 528 532 532 597 623 671 698 758 787 900 973 987
43.7275985663 37.8676470588 33 0 1 3 3 4 5 8 9 11 13 17 18 18 19 19 20 25 29 31 33 33 33 34 34 37 38 38 38 42 44 45 47 49 0 0 124 170 187 207 241 250 269 279 391 437 478 481 548 562 568 592 639 666 715 762 776 785 803 819 852 898 928 973 973 993 998
24.7311827957 33.2720588235 33 0 0 1 3 6 6 7 7 8 8 12 12 12 13 14 16 17 23 24 25 30 33 33 38 41 42 42 43 44 45 46 47 49 0 159 170 189 212 229 229 239 258 324 347 356 357 357 363 383 409 411 414 443 589 693 744 794 806 813 870 884 893 940 941 987 994
25.0896057348 39.1544117647 33 0 1 4 6 10 10 11 12 12 13 13 13 14 15 17 23 24 26 27 27 28 30 30 31 34 34 36 38 40 42 45 47 48 0 105 170 178 183 197 216 218 241 313 338 403 407 449 477 481 495 535 551 551 619 665 757 779 808 860 860 877 898 925 946 967 992
28.853046595 52.5735294118 33 0 0 3 6 6 7 7 9 15 17 17 17 18 19 20 20 21 21 22 24 25 34 35 37 38 42 42 43 45 46 47 47 47 0 105 130 219 225 277 323 346 366 413 416 424 482 489 496 517 518 540 548 603 609 631 659 665 670 676 704 804 818 910 934 936 993
60.752688172 32.9044117647 33 0 4 5 6 9 10 10 11 11 12 16 16 20 21 23 23 23 27 27 27 28 29 30 31 32 34 35 37 38 42 45 45 48 0 0 197 225 235 238 255 303 318 344 351 352 361 384 396 397 508 562 587 608 652 659 716 726 753 789 796 841 867 932 948 976 988
30.6451612903 29.4117647059 33 0 1 3 3 5 5 5 6 8 13 16 17 18 19 20 20 20 24 27 31 31 32 38 38 40 41 42 43 46 46 47 47 49 0 0 112 154 158 167 193 294 324 394 395 435 476 486 500 508 545 633 643 644 695 766 767 799 801 873 878 899 905 909 910 923 991
62.9032258065 13.0514705882 33 0 2 2 4 5 5 5 7 13 13 14 14 15 17 17 18 19 28 32 32 32 33 33 35 36 36 37 38 38 39 39 46 47 0 100 150 150 222 277 279 282 294 423 428 451 536 578 580 632 646 664 693 722 738 747 750 776 780 804 805 806 906 959 980 988 992
82.9749103943 36.5808823529 33 0 0 2 4 4 5 10 10 11 11 12 16 18 20 21 21 22 22 26 28 29 29 29 30 33 35 38 42 43 45 48 49 49 0 0 166 270 273 279 280 298 365 365 399 419 447 466 467 486 500 552 570 596 598 610 634 721 758 773 823 846 855 901 910 936 982
61.6487455197 38.2352941176 33 0 0 1 2 2 3 6 8 9 11 14 17 20 23 24 26 27 30 31 32 33 33 36 37 40 41 41 41 43 45 46 46 48 0 143 148 217 275 325 326 338 349 397 419 441 447 462 469 481 497 500 520 523 559 559 615 756 803 864 868 879 896 919 961 963 974
37.4551971326 56.8014705882 33 0 0 0 0 1 1 2 3 6 8 10 13 15 19 20 20 20 21 22 24 30 31 32 33 36 37 39 41 43 44 44 45 48 0 131 133 174 192 197 284 332 348 350 359 370 414 464 482 503 516 602 603 615 629 656 662 723 728 835 844 863 865 906 970 971 993
61.6487455197 48.8970588235 33 0 4 5 21 21 21 23 23 23 25 25 27 28 30 31 32 33 36 36 37 38 38 40 40 41 42 43 44 44 45 45 45 49 0 154 184 205 212 257 300 315 334 371 384 394 395 413 450 486 492 500 504 580 590 602 613 623 626 631 743 783 800 835 882 921 923
45.3405017921 46.3235294118 33 0 2 4 6 7 12 13 16 16 18 18 19 21 22 24 26 26 27 32 33 35 36 36 38 39 41 43 44 45 47 48 48 49 0 0 111 117 132 206 250 318 328 411 489 551 577 609 626 651 653 681 697 698 722 731 758 770 792 815 858 883 887 889 944 944 987
85.3046594982 60.8455882353 33 0 0 0 1 2 2 2 3 6 7 8 10 11 14 16 18 18 19 21 21 25 25 27 28 29 31 31 35 37 39 39 44 47 0 0 101 109 202 209 227 243 252 278 349 400 420 421 480 511 531 552 561 583 593 610 612 617 635 660 690 692 728 761 843 925 937
58.4229390681 14.5220588235 33 0 0 0 5 6 6 7 7 7 8 12 16 17 18 19 21 21 22 24 26 31 32 33 34 34 38 39 39 42 43 44 45 46 0 140 164 204 231 260 290 295 308 384 413 424 431 451 462 465 621 639 653 664 670 697 716 723 787 826 881 885 900 941 958 976 986
57.5268817204 15.625 33 0 2 3 5 5 12 14 17 17 21 24 26 27 27 28 32 33 34 34 35 37 38 39 40 41 42 44 45 45 46 46 47 49 0 109 113 150 156 197 206 224 283 346 347 390 417 501 550 565 572 586 630 632 651 696 751 792 804 822 825 855 870 889 928 944 975
44.982078853 44.6691176471 33 0 1 2 2 6 7 9 10 10 12 13 14 14 14 15 15 17 21 26 28 28 31 32 32 37 38 40 41 45 45 47 48 48 0 117 181 182 189 209 220 228 243 257 309 333 339 363 467 477 513 553 574 598 657 663 686 705 730 766 774 820 820 823 830 888 908
34.4086021505 45.2205882353 33 0 0 1 3 4 7 11 13 13 15 16 16 18 21 21 21 24 27 28 30 32 33 33 34 35 36 39 40 41 42 44 45 46 0 0 116 135 142 161 170 197 223 266 276 371 382 390 507 540 580 639 650 716 758 777 782 801 812 841 873 915 936 954 976 979 981
61.8279569892 33.6397058824 33 0 0 0 0 2 3 3 4 8 8 10 12 13 15 15 17 17 19 23 31 34 35 36 37 37 38 39 40 42 42 42 43 48 0 151 155 176 178 202 245 269 284 296 358 367 382 413 434 461 467 476 505 551 575 576 595 652 688 728 765 879 961 973 974 980 989
49.8207885305 46.3235294118 33 0 1 1 2 2 4 9 14 15 17 17 20 21 22 23 23 23 24 26 26 27 28 28 31 32 35 36 39 42 45 46 48 49 0 0 158 170 199 199 256 259 407 439 454 483 502 507 515 567 609 626 675 713 727 793 798 833 846 861 865 872 875 901 926 926 959
42.29390681 30.3308823529 33 0 0 0 3 3 5 6 8 9 9 11 11 15 16 17 21 25 25 31 35 36 36 37 37 38 38 44 46 47 48 48 48 48 0 128 180 185 188 188 195 225 229 279 320 351 371 400 401 402 416 489 542 578 600 630 729 734 739 752 786 811 846 868 893 957 979
35.1254480287 41.7279411765 33 0 0 2 4 8 9 11 12 12 14 15 17 18 18 19 21 21 22 24 24 27 28 29 34 35 38 40 41 43 44 46 47 49 0 143 176 215 232 259 264 276 328 345 352 352 374 390 414 435 441 509 514 534 596 615 628 657 659 729 783 784 786 843 849 975 985
73.2974910394 51.8382352941 33 0 0 1 2 7 8 9 10 10 12 20 22 26 32 32 32 32 33 33 35 37 38 40 41 41 41 42 43 46 47 48 48 49 0 105 167 214 225 255 257 281 300 300 321 324 370 427 466 471 492 511 565 584 612 620 663 725 734 752 798 879 919 921 971 984 986
51.6129032258 70.9558823529 33 0 1 4 5 8 10 11 15 17 19 26 26 26 26 29 29 30 31 32 33 34 35 35 38 39 40 40 41 44 47 47 49 49 0 0 134 136 150 155 202 202 253 269 277 450 463 466 519 534 554 560 580 580 612 641 662 665 710 796 808 827 864 871 902 954 973
44.982078853 31.8014705882 33 0 3 5 10 12 16 17 19 21 24 25 26 26 29 29 30 31 31 32 32 33 35 36 37 38 38 39 39 40 42 44 47 49 0 118 143 178 185 193 214 264 292 318 368 431 451 468 522 542 556 562 622 688 690 756 787 792 804 822 840 843 852 880 914 943 969
34.4086021505 29.0441176471 33 0 0 1 3 4 5 6 7 8 8 9 9 9 13 14 14 15 16 20 21 23 24 25 28 31 38 38 40 40 40 43 44 47 0 116 169 184 205 207 225 228 229 246 248 291 395 458 462 511 586 622 656 692 697 717 718 732 772 790 919 952 957 961 981 986 992
59.8566308244 18.1985294118 33 0 6 9 9 10 10 10 10 13 14 17 18 19 19 19 22 23 26 27 31 34 34 40 40 41 42 43 43 44 45 47 49 49 0 108 118 125 129 164 238 247 261 286 306 356 385 388 398 440 446 471 534 552 555 615 647 710 716 722 735 835 884 907 912 915 968
35.8422939068 25.7352941176 33 0 1 3 5 8 8 9 9 11 16 16 18 20 20 21 24 24 25 27 29 31 31 32 33 33 33 35 37 39 44 44 45 47 0 125 131 138 155 194 206 238 267 369 427 432 450 491 514 516 532 568 606 643 650 719 736 809 813 824 874 895 907 924 968 990 992
44.982078853 0.735294117647 33 0 1 1 3 3 4 5 6 10 13 13 13 15 15 16 18 18 18 19 19 25 26 26 27 27 29 40 43 43 45 45 46 46 0 105 118 118 134 156 167 233 239 289 304 313 348 375 382 388 392 478 506 536 570 609 628 629 667 677 721 766 839 849 925 958 996
38.8888888889 49.4485294118 33 0 0 1 4 6 6 7 8 12 13 16 19 23 23 24 24 26 27 29 29 31 31 32 32 33 34 37 39 40 41 42 46 46 0 122 216 232 254 305 372 388 424 466 474 520 614 632 677 679 680 681 703 727 773 792 809 825 825 850 860 869 897 898 922 975 975
59.4982078853 58.2720588235 33 0 0 3 4 7 7 9 11 11 11 11 14 15 16 18 19 21 23 25 26 30 31 34 37 38 42 44 45 45 45 46 48 48 0 102 125 160 185 204 228 240 258 259 262 277 277 280 394 434 460 463 506 513 637 646 678 727 733 766 770 789 852 863 864 883 920
21.5053763441 49.0808823529 33 0 2 5 7 7 7 8 9 9 10 11 12 13 16 19 19 20 21 21 22 24 32 33 33 34 38 39 44 44 45 45 46 46 0 158 208 244 267 292 313 342 395 436 462 472 555 556 569 587 614 687 691 693 708 722 746 761 775 793 803 900 909 912 941 942 960
50.1792114695 12.6838235294 33 0 1 2 3 6 7 10 16 17 18 18 20 21 21 24 27 28 29 31 33 35 36 40 40 41 41 42 43 45 47 47 49 49 0 113 122 196 202 246 313 357 388 406 447 478 490 533 596 602 616 645 680 743 768 808 831 842 860 861 903 905 933 943 955 960 992
49.6415770609 39.8897058824 33 0 0 0 2 2 3 10 10 10 10 11 14 14 15 17 17 18 18 20 22 23 23 28 31 33 37 38 39 39 40 46 46 49 0 119 141 176 265 295 343 346 390 404 449 461 523 557 559 601 601 613 616 626 630 635 640 676 690 699 720 757 818 837 885 886 946
89.4265232975 27.9411764706 33 0 4 6 6 8 8 9 9 10 10 12 20 22 22 23 24 24 25 25 26 30 33 35 35 36 39 39 42 43 45 46 46 49 0 154 191 192 203 216 253 291 307 322 371 463 475 510 523 544 603 622 647 672 674 690 725 735 740 853 888 889 942 965 984 998 998
29.7491039427 43.3823529412 33 0 2 4 5 8 9 10 13 13 16 17 19 21 21 22 22 24 26 27 27 30 32 32 32 33 33 37 41 45 46 47 47 49 0 0 108 132 201 201 243 251 252 298 324 350 388 492 520 529 553 618 625 632 642 674 676 708 719 739 839 840 848 881 909 965 979
48.9247311828 27.5735294118 33 0 1 3 5 6 6 7 8 9 9 9 11 13 14 21 21 23 26 26 26 29 30 30 30 31 40 40 41 42 45 45 46 49 0 0 158 164 181 235 241 253 295 321 345 377 410 436 443 449 492 506 512 606 609 649 663 682 768 776 779 842 891 899 951 953 969
78.1362007168 37.6838235294 33 0 3 3 4 6 6 8 8 10 11 12 12 14 14 16 19 21 22 22 27 27 30 31 37 37 37 38 39 46 46 46 48 48 0 112 125 163 166 167 222 269 283 290 338 339 343 475 530 548 595 604 675 682 693 738 745 775 780 801 810 811 854 892 915 996 997
69.1756272401 48.8970588235 33 0 8 9 10 11 11 13 14 16 18 19 19 20 21 21 22 23 25 25 25 27 27 28 31 32 33 38 38 39 41 41 46 48 0 0 103 122 139 170 189 201 213 246 258 268 294 307 319 359 399 400 427 463 472 473 739 758 781 820 849 849 854 868 904 918 954
52.1505376344 59.375 33 0 0 3 4 4 5 6 6 8 11 12 13 14 14 16 18 18 18 19 19 19 20 21 24 27 34 42 44 45 45 47 48 49 0 106 120 226 241 268 291 305 306 326 344 377 397 481 484 487 489 537 541 551 569 647 648 697 713 737 801 868 883 893 896 951 978
14.5161290323 35.8455882353 33 0 0 2 2 3 4 6 8 8 10 15 15 18 19 19 20 24 25 27 32 32 35 38 43 44 46 46 47 47 47 47 48 48 0 160 181 196 247 265 296 301 309 328 371 390 427 440 487 503 536 574 587 602 620 629 696 702 716 759 797 865 961 975 979 984 992
58.4229390681 29.9632352941 33 0 1 2 4 5 6 10 10 10 11 11 12 14 14 16 17 18 20 21 23 24 26 30 31 35 35 39 40 44 46 46 46 47 0 144 164 166 168 204 276 279 288 325 385 427 430 452 473 524 525 528 529 556 723 731 732 755 806 835 863 905 915 933 961 970 998
55.017921147 17.4632352941 33 0 0 0 2 3 4 4 6 7 7 7 11 11 17 18 26 28 29 29 32 33 34 34 35 35 36 36 37 41 42 43 47 48 0 131 134 205 217 245 259 317 332 346 347 385 399 415 468 522 523 549 551 699 765 777 785 826 842 848 894 924 958 958 970 975 977
56.0931899642 23.7132352941 33 0 0 3 5 5 7 13 14 14 15 15 17 19 19 19 20 22 22 23 23 24 31 31 32 32 32 36 36 37 38 45 46 47 0 122 130 141 159 201 244 246 266 295 307 343 365 393 416 427 436 486 524 530 545 608 623 631 631 664 707 716 727 748 749 811 944
31.1827956989 29.5955882353 33 0 0 2 2 3 3 3 5 6 9 9 9 10 10 15 17 19 19 21 23 25 26 29 29 36 37 38 39 40 40 42 46 46 0 146 182 220 270 344 398 446 471 508 512 515 517 538 555 581 609 634 652 658 670 680 689 731 764 800 852 865 905 917 923 947 983
62.7240143369 49.2647058824 33 0 1 1 2 3 4 7 7 10 11 12 14 14 14 14 19 19 19 20 22 26 32 33 35 35 36 37 39 39 43 46 48 48 0 0 166 170 178 193 265 287 320 338 338 340 353 359 367 374 378 395 488 489 547 550 567 615 624 740 770 770 901 956 966 973 992
33.5125448029 63.2352941176 33 0 0 1 2 2 5 6 7 9 13 13 14 14 16 20 21 21 21 22 22 24 26 26 31 31 32 34 35 35 41 45 48 49 0 108 159 169 179 183 199 203 225 252 257 278 279 280 354 382 415 416 442 474 522 536 574 616 639 650 707 727 748 818 864 982 990
54.1218637993 43.5661764706 33 0 0 1 1 3 4 5 6 10 11 15 18 18 20 22 27 29 31 31 32 32 33 37 38 38 38 41 44 44 44 46 46 47 0 169 170 183 193 197 227 245 280 308 323 379 380 393 395 423 434 436 452 490 513 516 555 563 624 654 663 669 797 804 857 968 977
52.688172043 12.6838235294 33 0 4 4 5 6 6 6 7 9 11 11 13 15 18 18 19 20 23 23 24 26 26 28 28 32 34 36 38 39 39 42 44 45 0 105 185 196 197 259 286 341 349 385 418 431 444 444 448 453 481 525 546 562 574 610 655 734 753 761 770 777 791 796 823 891 976
56.9892473118 58.4558823529 33 0 1 3 7 8 10 11 11 13 15 16 17 19 21 22 23 24 26 27 27 29 32 34 37 38 40 40 42 42 44 44 49 49 0 105 108 125 125 131 168 228 270 304 314 325 333 398 398 400 407 413 592 626 651 665 667 688 697 700 724 763 779 872 897 968 972
40.8602150538 19.4852941176 33 0 1 2 3 4 5 6 10 11 13 13 15 16 18 20 21 21 22 23 24 27 28 29 30 34 36 40 40 41 42 47 48 49 0 135 158 161 200 203 277 284 342 346 359 363 378 438 512 540 582 609 654 664 719 740 749 755 801 846 848 868 884 887 909 964 995
44.4444444444 10.1102941176 33 0 1 4 6 7 8 8 9 10 11 14 15 17 18 18 18 22 24 24 27 30 32 33 34 35 39 43 45 45 47 48 48 49 0 110 131 153 173 195 315 321 338 433 466 481 485 493 533 562 617 633 639 645 652 660 671 717 736 747 826 913 919 942 958 960 975
23.2974910394 31.9852941176 33 0 0 4 4 4 5 5 6 6 8 10 13 15 18 18 19 23 23 23 24 25 28 28 28 29 31 32 36 37 40 41 42 49 0 106 110 111 119 146 160 218 243 465 465 469 478 516 552 565 568 633 645 664 666 681 698 711 733 776 828 837 922 939 962 973 989
28.3154121864 34.7426470588 33 0 1 3 4 4 5 5 9 11 11 11 14 15 17 17 19 22 22 23 25 29 29 30 31 32 33 34 37 37 44 45 46 49 0 0 121 135 284 291 293 312 320 329 337 365 393 407 425 434 497 508 520 570 579 600 605 675 711 730 736 777 857 895 907 908 968
61.4695340502 47.7941176471 33 0 0 0 1 1 2 2 3 4 5 6 6 6 8 15 19 21 21 22 24 25 25 26 29 33 37 38 39 40 41 41 43 43 0 119 132 148 157 235 238 239 239 251 317 347 351 361 375 496 496 535 555 559 563 594 616 686 740 747 769 773 856 891 908 909 991
67.7419354839 52.7573529412 33 0 0 0 4 6 8 9 9 9 11 11 11 13 13 14 14 17 21 22 22 23 23 25 27 32 35 39 42 42 47 47 48 48 0 122 154 161 180 187 193 215 219 255 282 308 335 343 346 390 411 430 527 533 596 615 641 642 730 832 835 871 873 873 877 926 980
47.6702508961 57.7205882353 33 0 0 2 4 7 8 9 13 14 15 19 20 20 23 25 26 26 28 28 32 33 36 39 39 43 43 44 45 45 45 46 46 49 0 125 129 188 250 252 289 334 350 354 392 427 428 429 435 445 452 468 503 604 609 624 689 699 756 893 895 905 905 934 939 968 975
52.5089605735 54.7794117647 33 0 2 3 4 6 7 7 7 8 8 9 9 13 13 16 16 19 23 26 26 27 29 32 33 34 38 40 40 43 44 47 49 49 0 175 275 298 468 512 523 526 538 545 573 590 614 623 638 656 671 680 693 703 735 779 789 795 851 881 905 924 942 947 948 961 979
42.8315412186 7.90441176471 33 0 0 1 2 2 4 4 4 5 5 6 6 8 9 16 16 17 19 19 21 21 32 34 35 37 38 41 41 42 45 46 48 48 0 0 218 262 327 355 391 400 401 411 419 420 426 459 477 484 486 497 497 525 536 582 607 622 624 644 780 858 872 873 950 967 987
59.4982078853 27.9411764706 33 0 1 2 5 5 13 14 17 19 21 23 23 24 24 24 24 25 25 27 28 29 30 32 34 37 38 40 41 42 45 45 45 45 0 105 181 190 213 223 255 325 366 390 400 472 479 500 522 532 538 626 631 667 686 719 757 761 786 792 809 825 833 947 954 972 981
22.7598566308 47.2426470588 33 0 1 2 2 4 6 7 12 12 16 16 21 21 23 23 24 25 26 26 27 30 30 34 37 38 39 40 41 42 44 46 47 49 0 112 161 167 174 175 207 218 241 321 347 363 366 419 530 561 562 569 604 611 667 687 739 754 828 834 839 842 843 879 908 934 943
35.6630824373 28.6764705882 33 0 0 6 7 9 10 13 13 15 16 17 20 21 21 22 27 27 28 28 28 32 34 34 34 34 37 40 43 45 46 48 49 49 0 128 149 200 207 212 237 243 269 270 346 367 379 426 434 446 456 456 500 625 635 676 701 710 754 788 849 886 897 940 959 974 992
35.8422939068 12.3161764706 33 0 0 1 2 2 4 7 7 9 11 12 12 14 15 16 18 20 22 22 25 27 29 29 31 32 33 34 36 39 40 41 44 47 0 159 177 210 269 297 333 336 342 384 434 440 470 504 511 591 610 621 631 656 672 689 716 733 739 766 802 804 826 828 846 909 934
48.3870967742 48.7132352941 33 0 0 4 6 7 8 9 10 10 11 12 13 13 13 19 19 20 20 21 23 26 27 28 33 34 36 37 37 39 40 45 47 47 0 0 103 104 111 182 222 249 260 314 341 376 429 463 464 504 523 530 531 559 591 683 698 727 746 762 768 769 804 881 930 957 993
50.0 76.6544117647 33 0 0 1 7 7 8 8 12 15 16 21 23 23 23 28 29 29 31 36 36 37 38 38 39 40 41 42 43 44 44 45 45 47 0 0 135 240 251 277 282 304 329 334 353 355 363 400 405 418 460 483 486 528 582 599 617 625 628 639 660 684 911 912 934 940 962
51.7921146953 52.5735294118 33 0 2 2 3 4 8 8 9 10 13 17 18 18 19 21 21 25 26 29 30 31 33 34 39 39 39 39 40 41 45 45 48 49 0 178 231 243 306 363 384 387 466 482 529 539 560 563 606 619 627 634 647 647 654 676 690 748 753 808 814 934 942 949 965 970 996
225
60.3415559772 15.625 9
51.4231499051 47.96875 9
67.7419354839 27.5 4
49.3358633776 10.0 8
63.9468690702 67.96875 7
45.7305502846 51.25 6
19.165085389 19.0625 3
81.5939278937 54.21875 7
82.3529411765 19.6875 9
72.1062618596 14.375 1
22.3908918406 75.625 1
46.4895635674 58.125 5
44.4022770398 46.875 5
51.8026565465 72.65625 9
51.9924098672 36.875 7
56.1669829222 43.59375 9
81.0246679317 52.34375 6
60.5313092979 59.6875 2
48.0075901328 31.875 9
42.8842504744 30.0 3
57.6850094877 48.125 5
52.3719165085 87.65625 7
52.3719165085 42.8125 6
60.9108159393 53.28125 5
37.5711574953 46.40625 8
36.4326375712 51.25 2
13.4724857685 56.09375 9
44.9715370019 69.53125 5
37.0018975332 65.15625 5
31.6888045541 42.34375 4
65.844402277 56.875 4
51.4231499051 50.625 3
69.8292220114 34.21875 1
46.679316888 46.71875 7
11.0056925996 49.21875 7
40.9867172676 71.40625 3
29.2220113852 66.875 3
59.5825426945 31.5625 9
54.2694497154 66.40625 9
58.6337760911 41.5625 1
36.2428842505 61.09375 7
37.5711574953 41.25 8
42.504743833 35.0 1
65.4648956357 48.75 6
45.5407969639 44.84375 2
20.6831119545 49.21875 7
58.8235294118 61.25 4
7.02087286528 63.90625 5
12.9032258065 79.0625 7
13.4724857685 25.625 8
58.6337760911 45.46875 6
51.2333965844 24.84375 6
59.2030360531 38.59375 4
26.7552182163 41.25 5
68.3111954459 39.53125 8
19.165085389 68.75 6
23.5294117647 51.09375 9
62.6185958254 57.96875 3
51.4231499051 49.6875 5
62.4288425047 53.59375 1
39.8481973435 58.59375 3
82.7324478178 46.40625 5
25.0474383302 49.84375 6
32.0683111954 37.5 2
56.7362428843 56.25 3
31.119544592 43.75 2
38.5199240987 62.34375 9
69.44971537 63.4375 5
22.9601518027 37.34375 3
45.7305502846 43.4375 4
62.2390891841 53.4375 6
65.0853889943 44.375 2
32.0683111954 25.0 4
50.6641366224 29.21875 9
48.1973434535 31.40625 3
35.4838709677 52.34375 9
51.8026565465 49.84375 7
62.9981024668 71.71875 8
42.8842504744 55.3125 6
20.6831119545 33.75 1
53.5104364326 42.5 6
51.4231499051 40.9375 2
17.6470588235 81.5625 1
38.7096774194 82.96875 5
41.7457305503 29.21875 4
36.8121442125 29.21875 4
24.4781783681 53.90625 5
72.6755218216 47.03125 6
51.9924098672 3.125 5
0.0 54.53125 3
35.6736242884 41.5625 2
38.330170778 40.9375 7
45.9203036053 34.375 8
46.679316888 44.0625 2
11.954459203 40.78125 1
44.7817836812 56.875 6
83.3017077799 41.5625 2
39.8481973435 37.8125 1
84.6299810247 49.375 6
47.2485768501 19.0625 1
51.4231499051 41.25 7
51.2333965844 15.625 5
43.8330170778 58.90625 1
9.67741935484 55.0 5
39.2789373814 65.46875 3
44.9715370019 70.625 4
37.0018975332 45.15625 5
63.1878557875 70.46875 7
38.7096774194 56.09375 9
41.7457305503 3.4375 1
59.0132827324 37.96875 7
37.0018975332 30.625 8
46.110056926 8.75 2
59.7722960152 43.75 7
52.7514231499 73.28125 4
51.0436432638 42.34375 4
12.5237191651 39.84375 7
51.9924098672 43.59375 4
23.9089184061 35.3125 3
48.0075901328 55.15625 5
50.8538899431 49.0625 6
21.6318785579 67.34375 7
52.5616698292 49.375 2
64.7058823529 52.96875 5
15.1802656546 37.8125 4
60.7210626186 53.28125 5
34.155597723 22.1875 4
35.4838709677 51.25 1
48.3870967742 55.9375 1
37.1916508539 75.15625 8
51.4231499051 62.96875 5
62.4288425047 47.65625 6
81.7836812144 24.6875 6
61.4800759013 50.625 7
37.0018975332 28.90625 3
27.7039848197 27.96875 3
46.110056926 34.375 1
70.7779886148 71.09375 2
45.9203036053 19.6875 6
20.6831119545 7.34375 6
55.2182163188 57.8125 3
73.624288425 44.53125 2
44.9715370019 50.0 3
44.2125237192 50.0 7
72.4857685009 52.65625 8
68.1214421252 35.625 4
24.6679316888 62.03125 9
100.0 60.46875 8
72.6755218216 48.75 9
48.5768500949 34.84375 5
23.7191650854 60.0 3
79.5066413662 50.15625 5
26.1859582543 65.78125 4
47.6280834915 56.09375 1
74.7628083491 72.34375 6
36.0531309298 23.125 4
34.5351043643 59.0625 1
83.4914611006 41.5625 4
22.3908918406 29.84375 3
33.5863377609 38.28125 9
38.330170778 57.1875 6
81.5939278937 43.59375 2
40.7969639469 39.53125 1
12.5237191651 67.8125 6
43.8330170778 30.46875 8
87.0967741935 38.4375 9
42.8842504744 82.8125 5
35.4838709677 45.78125 9
49.715370019 56.5625 1
34.155597723 42.8125 2
78.7476280835 35.0 2
58.064516129 49.84375 7
43.0740037951 66.5625 3
50.0948766603 50.78125 5
49.5256166983 19.53125 8
39.8481973435 0.0 9
28.4629981025 40.3125 4
37.7609108159 70.78125 9
63.7571157495 50.3125 1
63.7571157495 31.875 7
55.2182163188 18.4375 2
39.8481973435 18.4375 1
33.3965844402 45.9375 3
50.8538899431 47.5 7
67.1726755218 38.4375 1
52.3719165085 55.9375 8
28.0834914611 44.375 8
68.6907020873 48.28125 5
33.9658444023 74.53125 1
84.8197343454 54.6875 9
39.4686907021 41.71875 5
63.1878557875 33.90625 7
35.8633776091 73.59375 6
7.96963946869 17.65625 7
74.3833017078 50.0 1
70.3984819734 50.3125 7
42.8842504744 35.3125 4
61.10056926 35.625 3
28.4629981025 81.5625 7
38.1404174573 28.28125 4
66.2239089184 67.65625 2
69.44971537 42.8125 5
58.4440227704 37.8125 6
57.495256167 23.4375 3
71.1574952562 10.3125 2
80.4554079696 66.875 1
60.5313092979 52.5 7
30.7400379507 50.15625 4
58.2542694497 60.9375 5
68.6907020873 44.21875 8
52.7514231499 33.90625 6
52.5616698292 32.96875 2
32.6375711575 26.25 8
59.3927893738 48.75 6
33.3965844402 39.375 1
50.0948766603 33.4375 7
22.0113851992 51.09375 1
27.8937381404 43.28125 3
91.4611005693 50.0 1
27.8937381404 79.84375 5
28.8425047438 69.0625 2
59.3927893738 50.0 3
56.5464895636 100.0 4
51.8026565465 41.5625 4
73.055028463 44.84375 9
