52
34.3396226415 69.696969697 13 0 6 8 20 29 33 35 37 39 40 48 48 48 0 123 319 325 389 429 442 449 462 621 941 969 987
83.9622641509 52.5974025974 13 0 4 7 10 12 14 15 16 17 21 43 48 49 0 132 142 186 213 249 262 464 511 738 796 839 942
79.4339622642 75.1082251082 13 0 10 14 16 20 20 22 27 28 36 36 38 43 0 0 122 171 227 452 577 638 668 769 815 873 990
58.679245283 54.329004329 13 0 0 1 4 6 12 14 15 23 24 26 28 40 0 196 229 306 338 356 434 437 465 543 693 833 941
44.3396226415 73.1601731602 13 0 12 16 16 24 28 29 34 38 38 41 48 48 0 0 109 131 341 352 433 500 528 713 764 777 996
47.5471698113 47.4025974026 13 0 7 13 16 20 32 34 38 38 39 41 42 46 0 115 158 215 293 484 510 617 651 665 734 755 966
43.0188679245 75.1082251082 13 0 3 4 10 13 28 33 37 38 41 45 45 46 0 0 161 331 431 446 576 637 708 790 850 866 922
46.6037735849 12.7705627706 13 0 0 2 23 29 30 33 36 44 45 45 49 49 0 0 163 243 283 305 394 432 522 574 580 760 834
60.7547169811 47.619047619 13 0 2 24 31 33 33 35 37 37 39 40 41 44 0 121 417 566 570 694 703 754 786 787 808 870 978
90.5660377358 38.0952380952 13 0 1 1 2 13 14 20 23 31 36 39 41 46 0 134 142 218 236 295 331 353 385 467 677 709 848
68.8679245283 47.8354978355 13 0 4 10 10 11 18 26 26 32 40 45 45 46 0 0 102 150 200 229 300 421 504 594 715 745 849
30.1886792453 95.8874458874 13 0 1 1 8 9 11 26 31 34 39 40 46 46 0 114 196 231 278 372 451 496 583 673 784 803 987
40.1886792453 55.4112554113 13 0 0 4 5 10 11 12 23 29 29 37 47 48 0 0 152 165 305 434 448 459 679 691 715 886 961
84.1509433962 64.0692640693 13 0 1 2 11 15 28 29 34 34 40 46 47 48 0 0 102 394 437 503 524 539 541 720 727 820 890
46.6037735849 100.0 13 0 6 8 8 11 14 18 26 33 34 37 37 42 0 126 178 310 314 316 399 416 470 515 694 869 982
67.5471698113 49.3506493506 13 0 5 7 22 26 27 27 29 33 34 34 48 49 0 229 232 252 271 286 305 422 445 467 761 762 840
47.7358490566 62.5541125541 13 0 3 5 14 15 15 15 20 23 25 35 40 49 0 141 332 531 543 556 569 727 812 830 919 969 983
69.0566037736 74.4588744589 13 0 2 2 4 6 7 11 12 19 25 31 34 43 0 0 273 455 471 532 675 703 714 877 899 914 950
50.5660377358 60.8225108225 13 0 4 6 9 13 16 21 21 27 30 32 40 47 0 125 130 393 553 669 876 901 925 942 945 986 999
77.5471698113 35.2813852814 13 0 1 6 9 21 22 23 26 29 33 43 43 49 0 223 310 501 502 585 624 631 802 862 906 924 992
68.8679245283 52.380952381 13 0 4 6 6 9 10 14 20 27 29 42 46 46 0 0 111 137 198 236 263 487 502 614 719 794 844
39.0566037736 30.5194805195 13 0 1 5 6 6 8 9 14 14 22 37 41 46 0 141 145 242 306 318 621 635 681 741 814 917 998
19.8113207547 59.0909090909 13 0 3 4 6 9 9 19 29 35 38 39 39 49 0 0 231 308 386 420 435 467 592 709 723 891 920
39.0566037736 48.7012987013 13 0 0 5 6 29 32 34 35 36 43 43 44 49 0 141 167 263 336 421 432 461 496 670 781 849 884
60.7547169811 26.6233766234 13 0 14 16 18 20 21 27 29 37 39 39 41 45 0 193 226 423 446 544 590 603 612 655 688 846 967
59.8113207547 33.9826839827 13 0 7 11 16 17 20 22 26 31 35 40 45 49 0 0 147 199 339 534 537 572 664 746 818 901 922
74.1509433962 40.4761904762 13 0 3 9 9 12 14 19 19 34 35 37 43 46 0 0 161 264 328 442 449 458 465 553 556 921 962
71.6981132075 64.7186147186 13 0 0 5 7 11 15 15 22 24 24 26 39 39 0 211 290 599 768 790 791 847 886 905 910 956 990
66.4150943396 54.5454545455 13 0 1 2 7 7 9 30 38 39 39 41 43 45 0 196 294 312 329 710 716 744 775 782 798 889 922
33.9622641509 44.1558441558 13 0 1 18 18 19 22 24 27 29 34 41 43 47 0 115 124 132 216 377 649 684 704 734 786 838 903
40.5660377358 60.8225108225 13 0 4 7 10 11 11 12 13 13 15 25 32 41 0 0 278 374 396 506 523 536 557 647 688 752 952
45.4716981132 70.9956709957 13 0 17 18 19 20 21 21 22 25 27 32 39 40 0 216 234 288 351 454 584 720 782 831 915 959 967
6.60377358491 42.4242424242 13 0 1 3 9 16 20 24 25 29 34 42 46 48 0 0 144 453 514 556 608 629 635 679 721 767 791
78.8679245283 27.4891774892 13 0 0 7 11 12 13 16 26 30 31 39 40 45 0 0 120 161 234 461 487 594 678 759 847 933 964
33.3962264151 54.7619047619 13 0 5 7 7 8 11 13 17 20 20 31 48 48 0 103 152 190 196 255 334 389 438 619 700 756 994
76.4150943396 48.7012987013 13 0 6 10 15 21 32 34 36 43 43 44 47 48 0 274 292 405 456 468 580 629 648 728 805 816 888
47.9245283019 58.4415584416 13 0 2 3 13 14 22 26 27 36 39 43 43 44 0 139 311 316 346 377 472 513 584 601 640 795 894
100.0 90.4761904762 13 0 10 13 13 24 29 33 38 38 39 43 44 45 0 146 228 438 544 627 637 646 716 821 836 872 893
75.0943396226 53.6796536797 13 0 3 4 5 5 6 11 12 15 20 41 44 45 0 198 244 355 390 496 526 544 770 905 911 942 968
79.8113207547 79.2207792208 13 0 1 1 12 16 16 19 22 27 36 38 40 41 0 121 172 301 333 483 562 576 588 749 856 980 997
49.0566037736 33.3333333333 13 0 2 2 14 17 19 19 21 23 25 28 38 43 0 0 149 189 200 395 472 477 580 634 652 768 945
42.4528301887 53.8961038961 13 0 7 12 12 19 20 21 24 26 28 30 34 36 0 0 141 157 190 287 381 424 539 554 655 673 767
0.0 74.025974026 13 0 5 9 19 19 21 21 26 32 36 37 44 49 0 156 196 290 304 348 359 366 481 705 957 994 996
54.7169811321 53.6796536797 13 0 4 9 18 19 26 30 32 37 37 38 40 43 0 136 153 287 300 448 476 482 483 648 674 782 805
36.0377358491 54.7619047619 13 0 0 0 5 5 8 16 28 31 33 40 44 45 0 0 108 272 316 352 372 415 441 456 510 619 779
81.8867924528 60.3896103896 13 0 3 9 10 14 14 19 19 22 29 33 41 47 0 111 207 273 376 430 564 609 673 940 953 962 979
56.6037735849 0.0 13 0 1 9 9 13 20 24 31 31 35 36 39 45 0 0 161 257 317 336 481 529 678 713 791 804 806
49.6226415094 76.1904761905 13 0 2 10 11 16 22 26 26 28 30 35 35 36 0 101 194 349 352 403 439 469 488 572 592 698 908
25.6603773585 79.0043290043 13 0 4 5 5 9 10 16 21 27 30 36 49 49 0 133 199 200 338 389 521 624 652 738 759 770 837
13.3962264151 60.8225108225 13 0 6 10 15 16 19 28 36 39 41 47 47 48 0 124 140 210 240 255 305 317 382 446 496 688 757
30.7547169811 46.5367965368 13 0 7 13 26 27 28 33 36 38 39 41 44 47 0 0 107 133 245 290 356 498 631 729 741 929 979
73.5849056604 85.2813852814 13 0 8 16 17 18 19 24 24 26 36 38 39 46 0 229 287 364 382 498 554 600 703 721 722 865 989
79
88.2882882883 90.9482758621 2
72.0720720721 46.7672413793 5
56.0810810811 13.3620689655 7
45.9459459459 100.0 7
86.2612612613 49.3534482759 1
59.6846846847 73.4913793103 8
84.6846846847 31.4655172414 7
84.9099099099 20.474137931 4
70.9459459459 75.0 8
49.7747747748 30.3879310345 6
42.3423423423 21.1206896552 2
4.27927927928 48.7068965517 6
72.5225225225 60.9913793103 4
69.5945945946 41.3793103448 2
37.3873873874 35.3448275862 8
56.7567567568 34.6982758621 7
60.3603603604 70.9051724138 4
56.0810810811 40.7327586207 2
63.5135135135 69.1810344828 2
51.1261261261 64.0086206897 2
30.8558558559 72.4137931034 8
57.2072072072 52.5862068966 8
57.8828828829 64.4396551724 5
65.990990991 70.9051724138 1
65.3153153153 57.5431034483 2
27.9279279279 100.0 5
82.2072072072 32.7586206897 8
41.2162162162 46.7672413793 9
40.7657657658 34.0517241379 7
31.981981982 63.3620689655 7
52.027027027 29.9568965517 5
21.6216216216 34.4827586207 2
57.8828828829 76.724137931 4
43.6936936937 66.5948275862 2
47.5225225225 33.8362068966 6
100.0 69.8275862069 4
36.9369369369 48.9224137931 9
31.7567567568 77.8017241379 9
64.1891891892 64.6551724138 7
48.4234234234 44.8275862069 6
64.1891891892 30.8189655172 1
48.4234234234 63.3620689655 2
46.8468468468 53.4482758621 4
93.9189189189 4.31034482759 7
86.036036036 37.5 2
25.0 51.9396551724 8
50.2252252252 76.2931034483 7
41.4414414414 26.724137931 7
59.9099099099 82.974137931 2
58.3333333333 0.0 7
31.981981982 46.3362068966 8
0.0 72.6293103448 8
30.1801801802 52.3706896552 2
91.4414414414 35.775862069 4
54.2792792793 53.2327586207 4
68.6936936937 35.3448275862 3
32.8828828829 73.0603448276 9
40.990990991 78.2327586207 8
50.0 48.7068965517 1
20.7207207207 89.224137931 9
68.6936936937 42.4568965517 5
60.8108108108 25.2155172414 1
79.2792792793 67.4568965517 8
57.4324324324 53.8793103448 2
73.1981981982 26.0775862069 1
20.9459459459 64.224137931 6
72.972972973 56.8965517241 2
55.6306306306 11.6379310345 5
36.9369369369 35.3448275862 9
77.027027027 6.03448275862 2
92.5675675676 79.3103448276 7
68.6936936937 32.7586206897 7
38.7387387387 76.5086206897 5
66.6666666667 54.7413793103 5
39.1891891892 3.01724137931 3
52.2522522523 60.1293103448 2
90.7657657658 73.4913793103 6
43.4684684685 49.7844827586 9
69.3693693694 40.3017241379 6
