236
79.6901893287 45.6692913386 21 0 1 1 3 5 12 20 22 22 22 26 26 28 28 29 31 31 37 39 41 43 0 164 201 275 316 324 335 352 454 491 571 575 627 630 644 649 656 668 771 793 973
70.5679862306 40.157480315 21 0 2 3 10 13 13 16 19 23 24 26 33 34 35 35 37 40 40 40 41 46 0 118 149 158 213 302 319 485 487 561 571 611 625 670 777 843 873 915 923 988 999
26.3339070568 35.2362204724 21 0 0 2 3 4 9 13 13 14 16 22 31 35 36 37 38 38 38 42 43 48 0 0 168 177 181 183 198 247 346 349 364 389 432 489 665 749 769 846 927 944 991
42.3407917384 59.2519685039 21 0 2 3 6 8 11 12 12 12 17 22 27 31 31 33 33 45 46 47 47 49 0 138 151 153 238 277 293 332 460 494 535 552 553 555 649 668 712 728 765 794 975
12.5645438898 49.8031496063 21 0 1 9 10 12 13 13 17 19 21 21 28 33 35 41 43 45 45 46 47 49 0 100 128 241 262 296 308 352 549 580 617 642 648 704 739 741 774 785 821 916 917
89.5008605852 57.2834645669 21 0 3 8 9 14 17 18 19 19 21 23 25 25 26 27 29 33 34 39 44 49 0 158 200 244 291 296 361 382 456 523 556 579 586 718 729 789 799 812 849 934 994
33.0464716007 26.7716535433 21 0 1 2 7 8 14 15 20 23 31 32 32 32 36 36 37 39 39 42 45 45 0 0 167 188 432 436 499 528 565 608 631 672 685 777 800 803 822 837 909 964 998
47.1600688468 48.6220472441 21 0 1 4 4 9 10 10 15 16 18 19 20 28 33 36 37 37 41 47 47 48 0 0 254 303 319 363 377 384 388 484 515 559 658 694 756 762 809 893 899 915 966
57.487091222 54.5275590551 21 0 0 3 6 6 9 10 12 13 14 22 22 23 23 23 28 32 35 37 47 47 0 130 148 209 346 377 394 425 438 517 525 567 719 732 741 855 857 864 924 944 991
23.0636833046 21.4566929134 21 0 1 2 2 4 4 10 11 11 16 19 22 24 30 31 32 36 38 42 46 47 0 108 208 254 325 439 448 581 609 610 611 635 689 694 750 791 842 843 946 966 992
55.2495697074 57.4803149606 21 0 2 3 3 8 9 16 22 22 24 25 27 29 33 34 40 41 44 46 47 48 0 0 102 161 244 322 371 423 490 542 546 550 613 692 705 733 866 883 945 962 969
56.2822719449 73.6220472441 21 0 6 7 8 9 10 14 16 19 20 25 25 28 31 39 40 41 45 46 47 49 0 0 151 206 230 262 333 353 371 569 580 590 621 712 757 757 887 909 959 992 994
56.6265060241 12.4015748031 21 0 0 10 10 10 18 22 24 25 28 29 32 34 34 35 36 44 45 45 48 49 0 119 121 122 123 137 252 323 330 467 467 532 539 543 557 599 668 689 690 953 959
55.421686747 38.188976378 21 0 3 4 7 8 10 11 15 17 20 28 29 29 37 39 41 41 44 48 49 49 0 120 122 123 131 132 163 209 228 229 267 320 341 390 391 634 712 731 786 797 966
43.7177280551 54.3307086614 21 0 1 3 3 4 7 8 15 19 19 20 22 28 31 33 34 39 39 42 45 48 0 0 138 210 331 378 435 492 539 561 635 762 826 830 849 850 935 960 963 971 988
43.7177280551 54.3307086614 21 0 0 2 4 8 10 10 11 11 12 13 13 14 19 23 32 41 41 42 42 42 0 189 211 241 427 428 455 516 535 568 658 696 705 760 773 776 783 867 886 898 900
55.9380378657 64.5669291339 21 0 0 4 7 8 10 11 11 13 14 14 23 31 34 34 34 40 41 43 44 45 0 111 122 181 246 272 310 375 377 504 545 582 632 662 674 680 751 785 858 876 886
34.7676419966 0.0 21 0 0 1 1 2 5 9 13 21 24 26 27 29 38 39 40 43 43 46 49 49 0 0 128 161 274 343 404 434 443 461 480 490 504 596 649 660 680 760 814 861 867
43.0292598967 66.9291338583 21 0 4 7 7 10 10 15 20 22 25 26 29 37 37 39 40 42 43 44 48 49 0 0 163 183 193 197 313 394 451 488 490 599 639 671 722 857 859 878 969 974 991
68.5025817556 15.3543307087 21 0 3 7 13 14 18 20 22 23 24 25 26 29 33 40 41 42 43 43 44 47 0 0 122 137 143 244 273 315 418 437 478 532 644 716 740 757 765 878 909 950 981
36.8330464716 21.6535433071 21 0 1 2 3 12 15 15 18 20 21 22 23 29 29 29 30 31 31 42 43 49 0 190 214 329 337 355 397 439 461 533 546 650 799 824 831 886 923 951 981 987 996
31.3253012048 55.905511811 21 0 3 4 9 17 18 18 23 25 26 29 30 30 32 38 38 38 39 45 47 48 0 0 121 122 188 208 234 279 285 357 385 453 587 602 602 736 754 768 876 908 971
25.817555938 36.2204724409 21 0 0 1 4 7 12 17 18 18 19 21 27 29 31 31 31 37 39 41 41 44 0 100 192 215 329 336 375 424 579 668 671 683 732 755 763 795 814 830 887 928 995
31.669535284 46.8503937008 21 0 1 2 3 3 5 10 12 12 20 20 21 26 27 36 40 41 45 45 48 48 0 153 198 381 382 510 519 525 589 607 656 658 659 704 832 838 839 877 880 891 961
65.404475043 50.0 21 0 0 1 5 7 10 10 12 14 15 19 19 19 24 24 28 31 38 39 40 43 0 108 182 250 255 411 444 509 616 617 674 714 720 776 789 808 869 911 916 920 988
63.6833046472 72.6377952756 21 0 9 13 13 14 17 19 19 20 23 25 30 30 31 33 39 40 42 46 47 48 0 102 120 198 246 255 257 319 382 474 553 582 602 615 756 810 816 830 891 915 969
66.265060241 37.2047244094 21 0 4 10 10 12 13 13 14 14 15 16 18 19 24 34 36 41 43 44 44 48 0 111 150 179 387 391 393 520 567 729 738 749 755 770 778 856 896 926 940 943 953
43.7177280551 30.5118110236 21 0 1 9 9 15 17 19 23 28 30 33 35 36 37 37 38 39 40 41 41 45 0 106 124 141 177 198 252 255 296 325 360 486 507 610 614 671 696 736 855 881 918
72.6333907057 47.8346456693 21 0 0 1 7 11 13 17 17 22 23 25 25 26 27 28 30 31 31 35 43 44 0 175 176 244 351 405 417 505 535 579 666 670 684 711 728 741 753 766 768 820 984
26.678141136 56.2992125984 21 0 0 3 5 10 17 18 18 19 21 22 28 33 34 37 39 43 44 45 45 48 0 114 140 208 280 281 325 366 404 511 518 525 565 573 618 681 793 837 890 896 901
61.7900172117 40.5511811024 21 0 2 6 8 9 11 12 12 13 15 16 18 18 21 23 26 26 33 34 41 45 0 182 204 225 281 289 316 350 361 377 384 427 530 556 569 608 681 705 742 756 768
41.3080895009 71.062992126 21 0 6 7 8 10 12 15 22 22 23 32 33 33 35 35 36 38 40 40 47 48 0 0 101 174 192 210 234 370 386 404 419 426 453 606 617 629 659 709 790 798 928
59.8967297762 37.0078740157 21 0 5 10 11 13 14 14 14 17 20 23 24 26 32 34 34 36 41 44 45 45 0 179 185 224 236 278 392 497 504 609 656 706 715 722 725 764 788 815 889 894 965
52.1514629948 46.062992126 21 0 0 6 7 9 18 23 25 28 29 31 34 36 37 37 39 41 41 41 42 46 0 129 194 196 240 325 341 396 399 402 434 463 529 544 706 706 782 798 950 964 989
44.9225473322 35.0393700787 21 0 2 2 3 5 5 7 13 14 15 19 20 21 26 30 30 37 40 40 44 46 0 148 220 243 285 296 395 425 438 519 572 592 613 702 706 709 721 780 866 914 972
11.3597246127 29.3307086614 21 0 1 2 3 4 10 20 20 20 21 21 24 24 24 26 27 28 28 36 37 41 0 100 123 144 151 195 239 304 373 463 566 583 588 601 632 637 654 670 937 947 977
53.5283993115 54.7244094488 21 0 1 1 1 2 7 10 13 17 18 21 29 36 37 39 40 41 44 44 44 49 0 0 118 229 362 369 380 428 431 437 573 599 599 679 718 749 763 915 964 981 999
24.6127366609 50.1968503937 21 0 0 1 9 10 10 11 11 22 24 24 26 26 29 33 38 41 43 44 44 44 0 117 121 130 143 165 183 208 245 324 453 497 623 685 727 792 820 845 874 900 903
21.3425129088 45.0787401575 21 0 5 9 11 14 17 18 22 23 28 32 32 33 38 38 40 41 43 44 45 49 0 141 166 223 264 278 298 364 367 533 533 565 583 662 724 731 792 850 885 907 973
62.4784853701 69.4881889764 21 0 1 3 3 4 5 6 12 12 14 17 18 18 19 21 24 25 41 45 45 46 0 0 106 133 201 264 312 432 514 525 576 589 601 673 680 682 738 815 815 877 941
64.3717728055 49.0157480315 21 0 0 2 7 10 14 16 23 25 27 29 32 33 34 35 36 38 45 45 48 49 0 0 165 185 239 245 275 285 312 320 339 415 422 501 559 584 610 713 751 816 834
46.8158347676 36.4173228346 21 0 0 3 10 15 17 19 19 20 21 21 22 24 30 30 32 34 35 43 45 47 0 100 156 273 284 339 348 434 518 555 630 634 671 743 752 755 816 827 936 941 966
22.8915662651 33.6614173228 21 0 1 2 4 9 10 11 12 13 19 23 26 29 30 31 37 39 40 42 43 45 0 123 173 176 209 387 422 471 490 494 500 515 556 663 677 731 733 790 835 944 945
21.8588640275 54.9212598425 21 0 0 1 4 6 9 13 17 21 22 24 24 27 31 32 35 37 41 41 43 45 0 111 160 247 251 277 300 393 418 447 525 578 608 668 676 744 801 864 891 893 921
54.0447504303 51.5748031496 21 0 0 0 3 3 3 8 11 12 16 21 25 26 34 34 38 41 44 44 47 48 0 130 230 246 311 335 350 395 456 592 639 677 696 714 743 760 787 826 889 905 923
59.2082616179 44.2913385827 21 0 0 0 2 3 6 7 10 10 15 15 21 24 27 30 33 36 36 40 43 47 0 158 167 181 198 241 352 487 571 597 601 681 737 811 827 844 859 886 919 952 957
0.0 33.0708661417 21 0 1 1 2 2 3 3 4 10 13 14 19 21 24 26 31 32 34 35 37 49 0 0 105 179 212 215 244 257 332 383 410 418 557 572 594 673 811 915 925 949 987
44.7504302926 33.8582677165 21 0 2 2 4 8 10 12 15 18 19 20 26 31 32 35 36 41 44 44 45 49 0 143 217 222 243 374 381 390 431 469 472 477 528 563 588 643 853 889 891 976 996
63.339070568 36.2204724409 21 0 0 1 2 4 4 10 11 11 17 20 22 24 25 27 29 34 36 42 43 48 0 146 175 228 260 273 306 344 356 357 373 389 624 775 833 876 888 892 920 979 981
69.5352839931 53.7401574803 21 0 3 3 6 8 11 13 19 23 25 25 28 29 31 34 35 35 38 40 46 49 0 101 106 239 242 250 342 403 447 483 512 595 616 672 719 785 861 913 949 959 996
54.5611015491 24.0157480315 21 0 0 0 1 1 3 4 8 9 9 17 21 21 22 24 30 33 36 37 43 45 0 0 147 211 277 296 316 372 419 440 441 482 489 578 595 632 836 920 957 962 970
60.413080895 43.3070866142 21 0 3 4 5 5 15 15 15 21 24 28 29 31 35 36 38 42 42 44 44 46 0 104 155 169 177 231 263 315 320 573 579 624 628 701 740 745 843 924 925 945 991
19.1049913941 41.5354330709 21 0 0 2 4 5 6 9 10 13 17 19 20 20 27 36 36 39 42 48 48 48 0 148 160 181 237 269 276 302 340 372 545 578 610 662 669 683 684 714 825 860 944
54.9053356282 42.7165354331 21 0 4 7 11 15 15 17 22 23 25 26 28 29 29 32 33 35 38 39 44 45 0 201 208 213 289 345 355 374 403 432 492 517 561 611 659 702 711 774 877 916 934
11.5318416523 55.7086614173 21 0 4 5 12 14 16 17 19 20 22 22 23 26 26 26 36 39 40 44 45 48 0 0 172 238 266 270 316 427 429 483 650 684 724 764 768 778 812 930 932 943 956
63.5111876076 50.1968503937 21 0 3 4 6 7 9 10 10 11 17 20 20 26 29 35 36 38 41 43 44 47 0 274 289 403 467 478 558 598 623 629 639 711 730 771 832 883 908 914 939 961 971
39.7590361446 70.6692913386 21 0 5 9 11 16 17 18 19 20 20 20 23 23 27 28 32 33 36 37 41 42 0 141 190 203 295 304 319 341 356 416 537 585 658 678 680 759 834 867 938 953 956
53.0120481928 53.937007874 21 0 5 6 7 8 8 11 12 15 17 18 20 24 27 28 34 35 44 46 47 48 0 177 204 257 292 330 360 387 433 481 562 590 706 760 763 782 795 797 824 855 911
46.2994836489 18.1102362205 21 0 0 2 11 12 14 14 16 17 20 24 34 36 37 39 39 43 43 46 47 48 0 153 171 201 255 281 282 366 437 536 541 589 637 659 790 828 860 886 888 927 983
53.5283993115 82.874015748 21 0 2 9 15 16 17 17 22 23 29 29 29 31 32 33 34 38 39 40 45 46 0 118 127 171 248 351 388 441 452 478 484 491 504 515 529 614 625 657 867 897 918
61.7900172117 70.2755905512 21 0 2 4 8 8 8 10 13 17 18 23 25 27 30 31 32 32 34 36 47 48 0 0 188 225 303 306 337 358 376 451 499 532 550 553 646 677 716 719 722 724 884
55.9380378657 50.1968503937 21 0 0 0 3 6 10 12 16 20 21 25 25 25 25 29 30 31 32 34 35 37 0 152 169 179 289 310 355 390 395 407 536 571 595 609 625 758 896 933 933 964 971
55.421686747 55.1181102362 21 0 4 7 8 9 11 13 17 18 19 20 24 31 35 38 42 45 46 46 46 47 0 193 210 211 345 353 355 373 442 539 571 578 595 615 622 670 694 783 971 975 983
14.9741824441 68.1102362205 21 0 0 2 2 4 8 10 10 14 17 18 20 24 25 26 28 29 32 39 42 45 0 128 179 282 298 342 343 418 538 621 718 739 756 787 830 852 861 872 882 942 969
44.0619621343 34.4488188976 21 0 5 7 9 19 20 26 30 31 32 33 35 36 38 40 41 43 44 45 45 46 0 138 253 323 358 368 384 385 446 459 482 518 618 645 666 710 729 735 789 875 931
40.7917383821 58.0708661417 21 0 5 7 10 12 13 15 17 23 24 27 28 30 31 31 32 33 42 44 45 47 0 114 142 180 233 260 287 355 359 407 461 545 558 592 612 808 814 845 895 910 914
36.3166953528 36.0236220472 21 0 0 3 8 9 12 14 18 20 23 24 26 27 29 33 40 42 43 45 45 47 0 0 123 177 253 289 343 429 464 512 573 597 637 655 688 726 744 800 817 853 884
26.5060240964 34.6456692913 21 0 0 2 3 5 8 10 11 14 23 24 27 28 32 35 35 39 45 48 48 49 0 131 182 257 283 291 422 429 481 548 569 581 614 686 707 713 748 833 898 935 980
19.4492254733 36.6141732283 21 0 0 2 4 7 7 9 11 11 22 23 28 28 30 35 39 40 40 45 47 49 0 127 173 218 361 366 437 455 486 497 585 639 653 683 697 739 854 861 941 942 983
55.421686747 30.3149606299 21 0 0 13 13 14 15 15 17 18 21 21 22 24 27 32 33 33 34 38 39 47 0 0 150 221 234 297 364 392 452 528 535 551 634 641 689 766 785 791 795 936 995
41.1359724613 29.9212598425 21 0 0 0 3 5 7 10 11 12 14 15 16 17 17 22 27 35 40 41 41 49 0 0 148 272 313 321 330 337 423 433 550 594 603 691 711 733 774 802 833 875 905
3.09810671256 34.842519685 21 0 0 3 3 4 8 11 15 22 27 28 28 29 33 33 35 37 39 44 45 45 0 114 196 198 205 224 371 519 604 609 665 677 715 746 751 829 858 894 926 942 952
53.7005163511 52.7559055118 21 0 7 8 9 12 12 13 21 25 26 29 33 34 34 34 36 36 36 37 43 44 0 181 206 283 300 318 346 349 356 379 404 504 520 537 594 724 863 936 971 978 994
51.4629948365 52.1653543307 21 0 0 1 6 7 8 9 10 15 15 17 18 26 26 31 31 41 43 44 45 46 0 178 186 227 254 322 330 384 407 574 577 584 591 609 620 644 755 774 795 964 971
26.8502581756 47.6377952756 21 0 3 8 10 10 14 15 18 22 24 26 27 30 31 38 38 42 44 45 46 49 0 134 138 227 232 283 293 474 476 552 562 588 607 652 708 729 877 905 933 977 990
42.512908778 65.157480315 21 0 1 4 6 15 17 18 24 25 25 30 31 32 34 35 36 40 41 43 46 46 0 206 261 275 285 384 400 416 449 467 536 542 555 621 722 747 750 760 805 881 992
37.5215146299 36.2204724409 21 0 2 3 7 7 10 12 13 15 16 16 19 23 26 29 36 37 40 47 47 47 0 0 111 121 163 169 194 346 395 395 438 498 512 606 633 715 806 820 869 891 959
48.0206540448 72.6377952756 21 0 5 6 7 12 12 13 13 16 17 21 23 23 25 26 29 29 37 40 42 44 0 0 117 135 312 329 332 425 534 546 557 574 692 715 790 793 812 833 966 980 998
43.0292598967 47.0472440945 21 0 1 3 7 8 9 9 10 11 12 20 26 26 31 32 32 34 35 45 45 47 0 155 176 196 220 272 368 379 392 485 486 606 674 689 715 716 716 832 838 874 879
45.9552495697 85.6299212598 21 0 0 2 12 12 15 15 20 20 21 21 23 24 30 30 32 37 38 41 43 48 0 0 112 116 126 201 220 336 341 372 399 554 578 610 660 688 791 842 894 897 944
27.8829604131 50.9842519685 21 0 1 2 4 7 13 14 15 15 16 18 19 20 22 22 24 37 39 44 46 46 0 0 104 144 150 167 183 207 310 331 351 370 562 575 719 752 770 789 851 925 986
54.0447504303 44.4881889764 21 0 2 6 9 9 9 10 13 18 21 22 22 24 24 27 29 29 36 40 45 45 0 169 172 195 232 291 296 326 357 462 542 678 716 748 882 887 932 964 973 975 980
67.6419965577 39.7637795276 21 0 6 9 13 15 18 23 27 27 27 27 28 30 31 35 36 36 36 42 43 45 0 142 155 204 220 239 290 354 438 438 452 482 493 548 611 615 616 686 891 952 961
27.8829604131 23.031496063 21 0 0 0 1 5 6 10 12 15 22 24 28 30 32 36 38 39 43 45 45 45 0 123 166 195 226 315 334 376 414 434 442 464 470 556 736 775 826 852 863 875 911
40.9638554217 38.7795275591 21 0 1 3 4 12 12 12 16 17 20 23 32 36 37 37 38 38 38 43 43 48 0 133 136 293 299 324 346 411 424 446 467 552 556 576 624 626 777 806 845 957 997
33.734939759 51.5748031496 21 0 0 1 2 10 12 13 13 14 16 20 22 25 25 26 35 38 43 45 47 49 0 105 236 292 296 395 409 424 437 454 459 521 533 544 553 563 584 676 782 930 983
46.1273666093 57.6771653543 21 0 1 2 5 5 6 7 8 8 13 14 17 20 23 31 31 34 40 40 48 49 0 227 397 424 444 449 452 520 575 617 680 695 771 772 807 843 917 923 961 981 982
28.2271944923 69.094488189 21 0 7 8 8 11 12 13 19 22 23 26 26 27 27 33 36 38 40 40 42 46 0 116 197 300 363 382 404 404 409 437 444 477 578 641 674 736 801 826 955 959 993
72.6333907057 38.3858267717 21 0 2 5 5 8 11 12 15 15 21 22 23 27 31 32 33 35 36 38 39 46 0 149 183 199 366 381 425 461 561 566 587 605 656 675 744 821 848 878 900 995 997
58.1755593804 31.2992125984 21 0 7 10 13 18 20 20 21 22 26 29 30 32 33 37 40 42 44 44 47 47 0 172 176 195 229 279 312 347 405 522 540 571 593 603 605 661 682 710 732 844 917
19.9655765921 17.3228346457 21 0 1 1 2 10 11 14 19 20 22 22 29 31 32 33 34 39 39 40 41 46 0 0 115 186 248 276 345 398 416 488 577 586 618 685 735 779 873 874 927 931 960
54.2168674699 33.2677165354 21 0 3 4 11 13 15 15 17 17 21 24 24 34 35 36 38 38 41 43 46 47 0 130 217 220 247 249 260 309 330 350 373 396 416 496 526 552 634 845 859 861 937
76.5920826162 81.2992125984 21 0 0 1 7 8 11 16 22 22 26 27 27 29 30 32 33 34 36 36 40 48 0 133 157 171 234 236 301 303 308 317 335 375 391 430 473 494 521 533 686 730 990
17.900172117 61.811023622 21 0 0 4 8 12 13 15 17 17 19 23 26 28 29 37 43 43 44 44 48 49 0 153 196 232 250 350 418 423 467 470 586 610 681 733 738 772 791 853 915 949 990
45.9552495697 50.9842519685 21 0 0 2 5 5 6 9 17 17 21 22 24 31 31 32 34 36 37 38 43 44 0 106 131 145 274 283 347 437 447 537 572 601 612 622 731 742 873 886 911 987 994
25.6454388985 28.937007874 21 0 1 5 11 11 11 12 12 14 18 26 26 27 28 30 32 37 39 39 39 49 0 107 111 237 360 371 387 405 585 658 706 760 806 810 845 884 887 899 928 971 982
28.0550774527 41.7322834646 21 0 0 4 9 9 10 21 21 26 29 32 32 34 34 34 37 42 42 43 46 46 0 0 173 225 307 365 457 459 546 554 555 573 587 608 624 782 783 803 835 956 974
39.9311531842 68.7007874016 21 0 0 2 2 3 5 7 8 9 12 18 24 26 26 26 32 35 41 45 46 47 0 0 134 135 281 374 398 520 605 645 664 676 702 726 763 849 870 910 944 966 979
26.8502581756 74.0157480315 21 0 2 2 2 8 12 12 12 13 17 17 21 24 27 27 28 28 29 31 46 46 0 261 264 272 319 326 339 484 545 577 605 672 686 699 718 809 847 860 914 931 933
39.7590361446 46.4566929134 21 0 0 1 1 6 8 9 11 24 24 31 31 34 35 36 39 41 42 43 46 47 0 101 144 175 181 226 241 296 367 418 468 649 671 706 827 843 952 958 979 981 989
32.3580034423 43.1102362205 21 0 0 0 3 3 5 5 6 8 12 15 19 20 31 38 45 45 47 48 48 49 0 108 139 175 274 352 515 568 593 613 625 659 721 734 806 831 840 861 903 962 979
70.9122203098 25.0 21 0 0 1 5 12 13 14 21 24 24 25 29 35 38 40 40 42 44 44 46 48 0 102 108 134 154 165 265 275 308 334 459 477 481 588 596 615 739 809 860 898 923
59.0361445783 57.874015748 21 0 1 5 6 7 11 11 17 18 18 18 20 22 29 32 34 41 41 43 45 48 0 119 153 200 226 242 299 358 449 472 490 575 645 656 657 718 757 882 918 956 994
44.0619621343 39.5669291339 21 0 0 4 5 6 6 8 13 15 16 17 18 20 24 24 26 29 32 35 45 49 0 160 169 202 299 501 560 569 604 667 703 722 726 727 771 772 835 863 919 928 992
70.395869191 37.5984251969 21 0 2 4 14 18 21 22 24 24 30 31 31 31 35 36 39 41 45 45 46 47 0 158 161 171 245 261 299 392 458 515 555 609 625 735 746 783 797 823 851 911 923
25.3012048193 57.874015748 21 0 1 2 4 4 5 11 12 12 14 19 21 22 24 25 31 36 36 37 41 47 0 116 122 325 341 343 347 409 442 476 478 493 509 555 567 580 580 673 794 818 933
44.9225473322 81.4960629921 21 0 0 0 5 13 16 16 16 20 21 26 28 29 30 34 36 39 39 42 43 44 0 117 158 176 225 260 268 270 315 409 550 638 657 661 805 822 826 853 899 954 957
42.1686746988 60.6299212598 21 0 2 6 7 11 22 22 24 27 30 31 32 33 34 35 36 42 42 45 49 49 0 171 177 187 278 356 409 419 479 724 735 765 792 806 822 873 892 918 922 943 979
45.0946643718 45.2755905512 21 0 2 6 11 12 15 16 18 19 20 25 30 37 39 39 40 41 42 42 46 46 0 116 117 274 322 384 452 491 514 534 537 711 770 801 832 865 898 912 944 983 988
30.8089500861 90.7480314961 21 0 1 5 6 6 12 14 15 16 17 18 18 24 26 27 28 33 38 43 44 48 0 111 140 262 331 380 420 507 535 556 646 713 815 830 851 864 900 913 919 938 959
58.0034423408 83.4645669291 21 0 1 3 5 5 9 11 14 16 17 22 22 22 24 32 34 37 39 40 45 45 0 158 162 168 267 306 353 411 494 511 547 788 811 811 836 851 852 854 921 927 949
43.5456110155 91.9291338583 21 0 6 7 9 9 10 10 15 15 18 20 24 29 30 32 32 33 38 43 44 47 0 0 110 149 238 263 288 341 346 390 525 598 622 631 691 734 742 837 841 971 977
50.430292599 44.4881889764 21 0 2 2 5 6 10 10 12 15 19 22 24 29 32 35 38 41 43 44 45 49 0 325 337 340 343 344 345 417 432 448 452 500 578 673 679 696 758 775 835 903 915
47.1600688468 61.0236220472 21 0 0 1 4 12 17 18 18 19 24 24 29 29 31 35 35 37 37 38 42 43 0 120 125 165 196 202 259 268 370 374 401 450 490 554 596 640 732 749 825 877 982
30.4647160069 33.0708661417 21 0 0 3 5 8 9 10 12 18 22 28 29 30 31 32 33 37 38 41 44 47 0 131 286 305 331 344 397 398 425 511 513 600 603 668 670 828 916 951 975 977 995
35.9724612737 43.3070866142 21 0 1 4 4 5 5 6 14 15 24 24 25 31 32 33 33 35 40 44 45 49 0 112 129 201 300 304 323 462 508 533 580 613 778 780 831 867 946 948 966 975 989
21.8588640275 58.0708661417 21 0 2 3 3 4 8 11 13 17 17 19 20 26 33 33 36 41 41 43 43 47 0 133 223 237 297 305 361 361 521 574 605 608 616 618 633 668 717 735 794 800 880
22.5473321859 58.2677165354 21 0 4 8 13 14 15 15 16 19 21 25 26 27 28 28 31 32 41 45 47 49 0 141 160 285 322 325 346 424 482 508 519 587 597 644 644 701 761 788 873 934 976
53.3562822719 72.2440944882 21 0 10 14 15 15 16 16 17 20 23 25 25 26 30 34 34 34 36 39 41 47 0 0 119 133 155 264 286 294 294 333 409 429 477 557 561 583 642 724 873 907 918
58.6919104991 58.2677165354 21 0 1 1 6 6 7 7 19 22 24 26 29 29 31 34 41 42 42 46 49 49 0 206 228 339 371 397 423 442 470 504 505 716 738 772 773 802 829 841 866 882 934
24.9569707401 52.1653543307 21 0 2 4 6 7 7 14 14 16 21 23 25 26 30 31 39 42 43 43 44 46 0 0 117 186 201 241 298 367 480 496 500 504 555 654 682 690 723 751 795 830 953
42.1686746988 22.6377952756 21 0 0 2 3 3 6 7 12 14 16 17 20 26 27 30 32 37 39 40 42 48 0 0 155 212 337 338 372 398 421 496 559 627 746 747 791 815 835 838 914 964 991
26.678141136 49.2125984252 21 0 0 6 11 13 14 19 21 22 24 24 28 28 29 29 35 40 41 42 43 47 0 0 176 214 215 334 383 455 460 545 576 632 671 674 752 787 821 861 924 954 985
47.504302926 75.7874015748 21 0 2 8 10 10 12 12 15 19 23 34 34 35 37 39 39 39 39 45 47 49 0 0 102 109 180 262 268 280 297 330 373 440 504 567 573 641 748 770 770 927 992
62.3063683305 22.8346456693 21 0 0 0 1 3 4 5 5 5 8 10 13 13 13 14 15 18 18 26 36 42 0 126 128 148 151 225 255 297 355 396 474 506 557 597 678 724 860 864 923 926 995
73.6660929432 12.4015748031 21 0 1 4 5 5 6 7 10 11 13 19 27 28 36 36 37 37 41 45 45 49 0 116 145 186 223 294 313 341 366 547 564 574 577 600 644 766 843 861 866 898 985
51.4629948365 19.2913385827 21 0 9 9 18 19 19 21 21 22 24 29 30 33 35 45 46 46 47 48 49 49 0 125 130 170 181 215 354 356 556 563 597 597 638 663 742 801 805 871 890 901 917
27.1944922547 69.6850393701 21 0 0 1 2 2 12 12 17 17 17 19 20 23 23 24 25 33 38 40 41 46 0 170 190 214 254 281 288 294 314 467 489 501 545 558 730 797 800 895 902 959 995
32.3580034423 44.094488189 21 0 0 1 3 10 10 11 12 17 25 26 26 29 29 30 33 47 48 49 49 49 0 107 144 253 355 394 498 506 511 536 546 663 664 699 726 731 757 864 896 940 950
29.0877796902 54.7244094488 21 0 7 8 9 11 19 27 30 31 32 34 37 38 39 40 41 42 44 44 45 47 0 118 234 237 285 316 399 445 455 478 550 594 598 603 695 788 789 880 910 915 988
32.0137693632 46.062992126 21 0 0 1 3 5 6 13 14 17 20 26 29 30 34 35 35 43 46 47 48 48 0 101 133 161 161 170 212 314 323 442 467 540 557 581 603 625 661 732 817 836 877
23.2358003442 44.6850393701 21 0 9 9 12 13 15 16 16 24 30 31 31 35 37 39 40 41 42 44 47 47 0 121 155 252 412 421 421 453 524 548 627 632 674 714 726 729 743 861 863 905 984
67.8141135972 56.8897637795 21 0 0 2 5 5 6 7 12 14 14 14 16 18 18 20 24 25 25 28 34 47 0 0 132 148 192 282 304 338 386 390 391 400 455 533 567 591 593 596 660 727 993
47.504302926 40.7480314961 21 0 0 4 5 8 8 9 13 16 17 18 23 23 25 30 34 35 43 43 47 48 0 143 154 203 256 284 317 379 417 431 442 510 512 542 569 586 691 699 815 841 879
43.8898450947 45.6692913386 21 0 5 5 9 16 17 18 23 24 25 26 29 31 33 34 34 39 40 42 45 49 0 121 180 198 209 214 241 254 302 381 384 421 603 687 756 800 843 852 912 954 978
78.4853700516 45.2755905512 21 0 7 8 11 13 13 18 19 20 24 30 31 32 33 35 35 38 43 44 48 49 0 101 168 203 219 236 285 329 389 442 533 551 628 658 733 738 782 825 867 908 965
58.6919104991 40.7480314961 21 0 5 7 8 9 10 17 18 19 23 26 30 34 34 35 38 40 40 44 48 49 0 0 110 167 241 303 363 462 479 496 589 620 628 701 738 852 856 874 887 917 988
41.4802065404 49.8031496063 21 0 2 2 4 5 6 7 8 11 13 14 27 29 31 36 36 37 40 42 43 49 0 135 147 180 255 303 350 372 407 443 444 463 491 499 543 643 696 742 764 784 980
94.3201376936 52.5590551181 21 0 11 14 15 17 17 18 24 26 27 28 29 30 30 31 39 44 45 47 47 48 0 207 217 242 282 365 372 421 497 507 530 543 564 579 656 743 750 768 942 986 991
18.5886402754 51.7716535433 21 0 1 3 3 7 7 7 9 10 17 19 20 21 26 41 41 42 44 46 48 48 0 126 165 234 268 309 309 315 398 414 436 552 630 639 701 874 895 898 948 969 978
36.1445783133 36.0236220472 21 0 2 3 3 8 9 9 10 12 15 18 21 24 24 24 27 28 37 44 44 49 0 147 199 204 236 242 265 355 378 381 429 478 560 572 645 763 771 800 845 900 915
44.2340791738 100.0 21 0 2 4 4 7 8 9 10 10 15 18 19 25 25 28 30 34 42 45 49 49 0 0 109 204 222 255 264 283 404 452 509 555 622 642 643 679 714 818 821 871 998
40.9638554217 25.3937007874 21 0 3 3 8 8 12 21 22 24 25 25 27 27 28 28 30 32 40 48 48 48 0 106 167 256 306 352 364 388 407 440 453 467 501 586 589 651 817 822 936 966 972
45.7831325301 46.8503937008 21 0 3 4 10 11 12 12 13 16 17 19 22 26 28 29 30 32 33 37 39 40 0 198 253 306 317 363 408 422 468 474 624 628 650 725 767 772 804 848 892 982 993
71.6006884682 49.6062992126 21 0 0 0 1 3 5 6 8 12 13 13 14 18 21 33 33 34 42 44 45 45 0 0 138 155 172 294 324 330 397 449 460 639 705 792 795 829 855 881 892 963 968
61.4457831325 94.2913385827 21 0 1 3 4 4 5 7 9 12 24 27 28 28 28 30 33 33 34 35 37 43 0 284 321 329 344 355 405 426 432 450 485 525 532 615 620 715 842 888 903 930 953
66.4371772806 47.0472440945 21 0 0 4 6 7 8 8 11 26 29 33 36 38 38 39 40 46 47 47 47 49 0 176 306 356 366 436 469 487 502 546 623 647 672 698 720 759 843 895 928 970 980
68.330464716 17.5196850394 21 0 2 4 4 17 17 17 17 17 19 21 30 30 34 36 37 37 39 39 41 44 0 113 145 287 297 315 328 361 370 393 442 464 515 599 617 683 740 860 929 964 970
28.3993115318 50.7874015748 21 0 2 5 7 16 17 17 21 22 25 26 27 30 32 33 34 38 39 43 44 47 0 110 114 154 266 290 444 563 602 616 624 630 719 747 817 818 859 907 919 931 971
61.9621342513 70.0787401575 21 0 2 6 6 7 14 14 16 16 20 30 30 31 31 35 38 38 41 41 42 42 0 107 118 177 212 216 336 346 347 379 433 434 467 485 508 532 534 636 638 755 812
60.2409638554 25.0 21 0 4 5 7 12 12 14 17 19 21 21 26 27 28 29 30 30 32 39 43 46 0 168 222 260 272 306 314 325 378 386 473 485 493 577 714 720 772 843 870 976 993
28.743545611 52.3622047244 21 0 2 7 7 11 12 14 15 17 22 25 25 32 34 34 40 41 46 48 49 49 0 110 174 302 321 328 377 442 443 447 456 575 577 647 692 750 779 790 825 850 973
33.734939759 87.4015748031 21 0 2 2 6 14 15 16 18 19 23 23 24 27 38 39 40 41 46 48 49 49 0 151 211 232 276 317 330 399 410 524 555 655 688 691 709 731 760 821 829 962 981
77.7969018933 74.8031496063 21 0 3 4 8 8 16 16 18 19 20 23 26 30 30 32 34 39 40 44 45 47 0 172 275 289 364 381 481 501 539 543 604 613 658 660 682 695 767 773 779 971 975
35.6282271945 66.7322834646 21 0 0 7 11 12 14 19 21 23 25 26 28 28 33 35 40 42 43 44 44 44 0 118 132 176 268 271 274 276 303 331 355 365 478 503 533 721 834 841 896 935 988
49.2254733219 30.7086614173 21 0 0 11 11 13 15 17 21 24 26 27 32 35 36 38 40 40 45 45 46 47 0 105 121 175 224 255 263 288 302 344 439 550 589 633 712 833 833 918 925 970 983
39.2426850258 26.7716535433 21 0 0 1 3 4 6 7 7 10 13 16 16 17 18 22 32 32 35 40 46 48 0 135 196 214 261 289 368 370 378 396 420 451 530 569 629 692 712 718 782 794 948
76.4199655766 49.0157480315 21 0 1 6 8 9 10 12 12 19 20 20 20 20 26 30 30 34 36 43 47 49 0 150 332 332 339 375 448 488 490 491 560 683 748 807 836 839 843 858 888 926 988
49.9139414802 53.5433070866 21 0 2 3 6 10 14 17 18 20 21 22 23 25 31 39 40 45 45 47 48 49 0 0 128 229 261 409 525 534 614 633 644 694 810 843 913 913 936 937 939 939 943
41.1359724613 43.7007874016 21 0 2 3 4 5 8 9 10 12 12 16 22 27 34 40 40 41 42 47 48 49 0 237 248 304 351 392 397 412 477 478 502 521 595 700 766 809 831 856 941 946 962
65.2323580034 37.4015748031 21 0 5 7 8 12 15 16 16 16 21 22 26 28 28 28 29 36 38 45 49 49 0 111 194 198 231 316 328 403 470 620 635 657 706 725 750 758 776 797 817 944 963
51.1187607573 61.4173228346 21 0 1 2 4 5 6 13 14 20 21 23 29 32 38 39 40 41 44 47 48 49 0 134 155 191 201 246 258 308 383 447 450 484 581 640 687 797 849 873 895 903 944
18.5886402754 43.8976377953 21 0 1 2 2 4 4 8 13 17 17 18 18 21 26 27 30 36 39 40 40 42 0 256 267 352 371 385 413 433 462 666 695 718 732 756 761 767 786 913 927 982 984
30.9810671256 46.4566929134 21 0 1 3 4 5 5 12 15 25 29 31 31 33 34 35 36 37 41 44 45 46 0 0 113 152 212 223 400 403 405 431 506 511 546 626 649 690 821 879 883 939 993
5.85197934596 49.6062992126 21 0 4 4 8 14 21 23 24 30 32 33 33 34 35 36 38 38 38 38 45 46 0 121 142 169 192 237 262 309 410 452 470 503 524 632 664 699 792 827 831 893 943
32.5301204819 63.7795275591 21 0 5 8 8 10 11 11 12 15 17 21 23 25 35 36 37 39 41 43 44 48 0 150 266 445 452 455 468 472 507 608 676 725 762 770 790 880 883 895 925 942 987
44.578313253 49.2125984252 21 0 6 8 10 10 12 13 14 16 19 26 28 31 33 34 35 39 39 41 42 49 0 113 245 250 305 319 344 353 369 410 432 499 640 716 717 721 733 787 848 868 938
20.3098106713 64.3700787402 21 0 2 5 7 9 9 13 14 14 16 17 22 23 29 31 31 33 33 38 39 45 0 110 131 179 320 328 429 499 505 523 592 623 666 715 728 740 830 861 881 883 916
71.4285714286 16.3385826772 21 0 1 4 6 6 9 13 16 19 19 22 22 27 27 28 33 34 42 44 47 49 0 0 105 240 253 263 273 327 329 376 421 539 565 678 765 822 824 882 927 944 973
83.3046471601 32.874015748 21 0 0 3 6 7 9 10 12 12 14 19 25 27 27 28 31 32 33 36 46 47 0 277 364 379 427 523 558 564 582 582 659 661 700 723 772 796 810 871 909 923 987
23.2358003442 54.3307086614 21 0 2 4 5 5 6 13 20 21 21 23 26 33 34 35 35 37 41 45 46 47 0 116 124 172 215 322 347 396 411 519 557 588 639 701 730 742 834 939 949 963 969
29.0877796902 50.9842519685 21 0 0 4 8 10 13 14 16 20 21 23 26 26 28 29 29 30 42 42 44 47 0 105 114 161 250 302 346 368 390 513 530 584 658 675 696 705 763 900 932 934 936
60.9294320138 82.4803149606 21 0 1 4 4 6 7 21 23 30 31 32 34 34 34 37 39 40 43 44 47 48 0 105 121 154 232 352 415 427 438 506 576 588 666 809 839 844 939 941 955 991 991
47.8485370052 58.4645669291 21 0 1 3 5 7 9 9 12 13 19 24 26 30 35 36 41 43 44 47 49 49 0 0 117 142 231 234 252 284 340 354 416 516 575 584 608 632 739 824 865 933 941
38.0378657487 49.8031496063 21 0 0 2 10 14 18 20 22 24 25 26 26 28 34 40 42 45 45 46 47 49 0 138 159 290 300 343 476 504 581 662 725 764 770 784 814 815 851 914 935 984 986
29.7762478485 17.3228346457 21 0 2 3 7 8 9 13 22 23 23 28 30 31 31 35 36 42 43 46 47 47 0 157 209 224 255 258 424 431 583 592 595 662 682 715 767 784 879 897 914 936 993
38.3820998279 82.2834645669 21 0 0 1 2 4 5 15 16 18 20 21 21 22 27 30 33 35 39 45 46 46 0 127 192 204 226 292 324 418 444 485 540 551 607 675 733 769 782 799 799 826 993
31.1531841652 42.125984252 21 0 0 4 6 8 10 11 12 16 18 27 27 32 32 35 37 38 41 41 48 48 0 108 122 140 158 175 182 243 258 445 496 547 592 627 670 686 727 758 788 867 874
72.2891566265 49.0157480315 21 0 1 7 8 13 14 15 17 17 22 22 23 26 27 27 36 36 44 45 47 48 0 145 190 196 300 379 395 407 452 465 582 631 653 726 733 845 890 901 942 954 983
51.1187607573 58.2677165354 21 0 4 4 8 11 12 12 17 17 24 27 27 28 29 35 37 40 42 42 47 47 0 135 136 183 300 328 341 353 374 411 431 431 519 557 595 633 771 831 885 903 914
68.5025817556 43.3070866142 21 0 3 6 9 11 12 13 16 20 20 21 22 22 24 25 32 39 42 42 43 44 0 0 110 146 157 412 413 515 595 598 638 714 749 821 865 877 878 918 938 955 976
18.4165232358 65.157480315 21 0 5 5 6 8 11 12 15 16 18 20 24 28 29 29 31 34 37 39 41 49 0 0 109 166 173 197 214 218 282 387 388 400 410 421 442 621 636 654 669 917 961
34.2512908778 32.874015748 21 0 1 2 3 4 7 9 11 12 12 18 18 19 19 23 35 38 41 42 44 44 0 189 202 235 283 361 362 379 491 499 541 655 672 699 721 746 919 950 956 958 970
48.3648881239 84.2519685039 21 0 2 3 6 7 9 9 16 17 17 20 27 27 34 35 35 37 40 41 44 48 0 122 157 243 245 323 369 369 386 446 454 565 606 630 670 683 763 778 830 938 945
39.7590361446 65.3543307087 21 0 0 6 6 6 9 13 15 17 19 21 23 24 26 26 31 31 32 32 46 48 0 194 195 242 275 382 428 524 546 574 598 603 610 612 635 677 693 700 794 803 949
33.3907056799 57.2834645669 21 0 1 5 7 7 8 9 23 24 24 25 26 26 30 37 39 40 40 44 46 49 0 0 174 187 217 223 234 254 275 330 449 466 493 496 498 500 513 627 723 843 957
30.8089500861 38.3858267717 21 0 0 2 4 7 8 11 13 16 17 18 19 21 22 23 29 31 35 37 40 43 0 155 238 304 309 314 400 457 491 568 637 655 669 679 761 769 772 843 964 972 994
0.344234079174 78.3464566929 21 0 6 10 22 23 23 23 24 24 26 27 27 30 32 36 37 38 39 42 43 44 0 128 134 139 174 223 242 323 390 418 571 647 663 702 733 758 796 905 935 963 982
70.2237521515 39.7637795276 21 0 3 6 8 13 13 14 23 23 25 26 26 31 32 32 36 38 39 41 42 44 0 0 145 175 183 291 301 376 447 462 469 494 534 534 650 716 752 784 796 838 859
67.1256454389 52.3622047244 21 0 2 4 7 13 14 15 18 20 21 29 31 31 31 36 38 39 42 44 44 48 0 139 214 244 389 422 491 535 550 592 668 719 768 781 797 825 838 874 907 944 967
49.7418244406 54.7244094488 21 0 0 0 4 5 10 10 10 18 19 20 28 30 34 36 36 38 39 41 41 47 0 119 149 151 158 261 313 332 345 351 385 434 472 477 537 643 649 892 895 916 990
100.0 47.4409448819 21 0 1 1 2 3 9 9 15 17 19 27 29 32 33 33 36 43 44 47 48 49 0 0 144 175 250 257 262 267 301 369 415 491 505 530 534 538 547 580 695 698 732
29.2598967298 61.4173228346 21 0 2 10 15 17 19 19 27 27 29 29 31 31 31 38 40 40 42 46 48 49 0 0 149 169 198 203 220 247 285 327 340 389 447 520 544 600 703 704 899 904 989
44.4061962134 36.4173228346 21 0 2 6 6 15 20 21 23 25 25 27 28 29 30 30 30 39 42 42 45 45 0 147 154 184 208 255 312 329 337 370 451 621 670 701 706 712 850 867 880 906 962
23.4079173838 51.7716535433 21 0 1 3 5 5 6 10 16 18 23 23 29 29 31 32 35 43 43 45 46 47 0 129 146 217 263 423 484 500 500 572 685 741 741 746 786 832 842 860 903 939 978
72.4612736661 46.2598425197 21 0 4 6 8 10 10 11 12 16 16 20 30 34 37 37 37 39 44 45 47 48 0 157 174 180 246 262 290 295 360 382 494 558 638 654 665 756 786 804 860 880 882
32.7022375215 65.7480314961 21 0 2 4 5 8 8 10 11 12 13 14 21 24 30 31 33 40 42 43 47 48 0 272 311 351 419 431 436 466 518 530 539 622 641 650 695 708 780 820 885 937 977
31.4974182444 64.7637795276 21 0 1 6 7 8 9 11 15 17 18 20 23 24 25 28 33 34 44 46 47 49 0 136 144 162 174 193 195 197 238 370 395 412 418 452 544 549 579 686 689 856 970
46.2994836489 37.7952755906 21 0 1 4 8 10 13 13 13 15 16 22 23 26 29 31 31 32 33 33 34 39 0 102 174 210 247 340 373 422 481 567 660 669 720 753 788 797 844 857 883 885 955
42.3407917384 40.3543307087 21 0 3 13 16 20 20 22 23 27 27 29 31 40 42 42 43 45 46 48 49 49 0 154 194 206 268 280 290 434 480 492 495 530 690 800 837 873 918 938 941 974 981
75.9036144578 48.2283464567 21 0 5 9 9 16 17 19 20 21 22 25 33 35 37 39 41 42 47 47 48 49 0 0 146 175 198 233 244 276 314 371 380 461 507 642 691 714 728 782 823 851 913
50.2581755594 5.31496062992 21 0 3 7 7 8 11 13 15 15 15 23 24 27 28 30 31 36 38 42 45 47 0 0 117 136 157 187 234 243 402 409 423 554 563 643 747 773 807 808 816 841 851
66.4371772806 53.7401574803 21 0 0 4 8 8 14 16 17 18 19 23 29 33 35 35 37 37 39 42 42 42 0 120 154 248 276 301 376 401 402 406 464 478 483 491 615 665 728 744 790 860 932
24.0963855422 23.8188976378 21 0 8 9 9 11 16 19 23 24 26 27 28 31 32 34 34 35 40 40 42 42 0 109 221 224 281 319 363 403 424 549 591 604 690 704 729 736 800 881 929 943 980
47.504302926 71.4566929134 21 0 0 4 5 6 9 9 16 21 25 25 28 31 36 38 44 46 46 46 49 49 0 0 166 207 212 243 251 340 348 382 399 500 550 583 650 660 692 711 835 882 906
16.5232358003 70.2755905512 21 0 1 7 14 19 19 20 25 26 30 30 30 33 35 35 35 38 40 47 48 49 0 155 195 214 247 247 254 296 347 362 548 604 640 642 664 685 731 827 882 967 981
72.1170395869 45.4724409449 21 0 0 1 9 13 15 17 19 21 21 22 24 24 27 36 38 39 40 45 48 49 0 213 221 254 349 368 403 468 490 499 537 651 658 699 747 759 795 810 817 825 855
59.7246127367 38.5826771654 21 0 1 3 6 7 10 12 13 16 17 17 20 20 27 30 36 38 43 45 48 49 0 176 191 207 220 222 222 245 271 314 333 429 472 518 558 562 682 778 934 973 997
63.339070568 93.5039370079 21 0 2 2 3 6 6 7 12 14 15 19 19 22 25 25 31 37 39 42 43 44 0 131 166 189 207 263 339 347 440 457 535 541 652 667 676 774 830 862 877 889 936
17.3838209983 42.125984252 21 0 0 3 4 5 7 7 10 12 15 19 20 21 27 27 29 29 37 41 48 49 0 124 302 318 344 392 393 410 424 483 489 629 680 687 856 895 920 938 962 978 988
19.6213425129 3.93700787402 21 0 0 2 5 6 12 19 19 23 30 31 32 37 40 41 42 42 43 43 45 48 0 143 230 242 250 259 333 404 410 432 550 602 604 709 747 787 853 859 917 951 964
18.0722891566 49.0157480315 21 0 4 5 7 13 17 18 23 27 29 30 31 31 31 34 36 38 40 43 46 46 0 0 112 128 203 259 259 308 314 474 527 560 626 651 653 684 776 854 861 929 950
42.6850258176 71.6535433071 21 0 4 6 7 8 9 11 14 19 19 21 21 23 27 28 30 34 35 37 38 40 0 0 166 169 182 191 544 550 563 564 600 606 660 793 812 850 859 862 871 901 961
38.3820998279 52.9527559055 21 0 1 1 2 4 13 14 16 17 21 21 25 26 28 28 28 29 30 32 34 46 0 101 129 176 370 377 414 506 535 541 555 623 625 638 675 709 792 828 883 922 959
34.0791738382 42.3228346457 21 0 0 0 1 1 4 8 10 15 15 15 19 28 33 33 35 36 38 40 46 49 0 288 305 373 429 439 471 524 575 600 696 732 824 841 850 869 900 901 938 969 975
23.4079173838 36.6141732283 21 0 2 6 6 8 8 11 13 13 15 15 17 20 21 28 36 37 38 41 42 45 0 148 227 343 391 391 415 455 462 538 690 822 854 907 910 936 942 951 953 957 982
24.7848537005 28.7401574803 21 0 5 7 9 10 12 15 22 23 26 27 27 28 31 31 32 37 43 43 44 49 0 0 138 173 210 272 338 351 358 431 452 523 548 696 734 858 875 889 955 973 996
28.5714285714 36.811023622 21 0 1 3 4 6 7 7 11 12 13 22 22 25 26 32 32 34 36 39 40 49 0 210 275 321 330 359 367 392 399 405 437 468 507 512 606 638 685 877 888 935 941
56.7986230637 41.5354330709 21 0 1 1 5 5 10 12 18 19 20 25 28 28 30 38 38 39 43 44 46 49 0 188 244 249 375 507 519 534 538 590 653 660 715 722 743 747 767 785 902 911 912
67.2977624785 38.9763779528 21 0 1 2 2 4 9 12 14 19 20 21 21 24 25 27 28 33 43 44 48 48 0 176 181 200 215 234 320 394 416 466 549 575 582 636 659 829 845 906 928 981 985
50.430292599 75.5905511811 21 0 1 4 4 6 7 16 22 23 23 26 28 31 32 34 34 34 41 42 42 46 0 142 161 161 189 213 214 244 249 327 391 495 557 560 610 611 760 867 882 972 996
38.3820998279 23.2283464567 21 0 5 6 9 10 16 19 19 20 25 28 29 30 33 35 36 36 37 39 44 48 0 0 125 180 188 306 450 462 471 552 596 626 704 709 732 768 792 812 832 875 895
61.7900172117 37.0078740157 21 0 0 3 4 4 8 9 11 12 15 20 23 25 29 29 30 30 34 39 44 47 0 0 129 139 155 157 395 402 435 439 446 459 494 514 688 689 704 765 938 963 987
61.7900172117 61.811023622 21 0 1 1 2 2 5 7 9 11 18 19 23 25 25 35 36 37 38 42 48 48 0 145 176 203 341 346 347 353 436 512 523 537 569 571 617 642 738 824 841 884 918
41.8244406196 49.8031496063 21 0 4 12 14 17 18 22 23 26 30 31 32 33 33 34 35 39 44 44 47 48 0 0 160 242 367 379 389 414 429 437 557 613 647 681 755 835 837 845 883 950 972
72.1170395869 60.8267716535 21 0 0 3 4 10 12 14 18 18 24 29 31 31 32 35 35 39 39 40 43 44 0 0 250 264 279 357 362 407 417 469 498 522 526 561 625 647 648 683 836 844 997
63.1669535284 13.5826771654 21 0 9 10 11 13 13 14 20 24 25 25 26 26 29 30 32 32 32 43 45 47 0 125 139 160 235 273 281 309 334 352 416 451 718 782 806 889 895 896 899 900 931
45.6110154905 50.7874015748 21 0 0 4 11 12 16 19 22 27 29 30 30 30 33 33 39 41 43 46 48 49 0 0 134 178 242 278 335 456 619 648 748 796 799 816 829 859 881 896 933 960 983
32.8743545611 60.2362204724 21 0 4 6 7 8 15 20 26 32 32 32 33 34 36 37 38 39 40 43 44 44 0 0 110 111 115 282 348 364 370 446 515 522 583 628 656 687 717 744 807 853 939
50.430292599 87.2047244094 21 0 1 5 6 8 12 14 17 20 21 21 24 29 29 32 33 34 38 39 49 49 0 139 162 182 332 360 452 498 520 526 538 567 569 653 718 749 763 781 791 845 955
53.7005163511 83.2677165354 21 0 1 8 8 9 18 20 20 21 21 21 27 31 34 35 36 37 42 43 45 48 0 0 140 173 209 263 343 364 372 434 442 491 630 635 676 712 799 849 856 907 942
43.5456110155 47.8346456693 21 0 1 3 5 6 6 7 13 17 18 18 20 22 39 41 44 46 47 48 49 49 0 0 116 197 248 326 348 370 395 465 488 495 581 597 602 617 788 815 822 826 891
77.9690189329 53.3464566929 21 0 1 2 3 4 5 9 10 12 14 14 21 26 30 36 39 42 42 43 44 48 0 0 121 177 224 244 261 337 348 413 444 444 470 489 511 538 676 806 809 851 857
51.1187607573 49.2125984252 21 0 0 2 4 9 11 14 14 15 18 18 18 24 29 30 32 32 37 38 41 42 0 226 249 305 337 365 405 410 413 416 473 501 587 631 653 707 829 881 905 929 986
30.2925989673 41.5354330709 21 0 1 5 9 10 10 13 17 18 20 22 26 29 29 32 33 41 42 44 46 47 0 0 197 211 257 319 320 347 361 391 424 514 569 583 631 698 716 772 818 850 957
20.3098106713 23.4251968504 21 0 1 2 2 6 10 14 18 18 19 21 21 26 27 27 27 28 28 34 44 47 0 170 187 189 238 282 522 529 599 602 618 651 715 751 784 848 900 928 945 966 976
372
42.2066549912 45.3310696095 8
61.646234676 58.234295416 1
51.1383537653 62.6485568761 8
48.6865148862 56.7062818336 1
72.5043782837 59.5925297114 5
74.4308231173 49.9151103565 3
85.6392294221 25.466893039 9
43.7828371278 54.4991511036 9
35.9019264448 39.7283531409 4
28.3712784588 36.1629881154 3
48.8616462347 17.1477079796 7
71.6287215412 42.7843803056 7
62.1716287215 49.7453310696 2
49.0367775832 47.7079796265 8
7.88091068301 37.0118845501 7
41.1558669002 38.5398981324 5
71.4535901926 50.0848896435 1
21.5411558669 71.1375212224 9
25.2189141856 41.0865874363 9
38.5288966725 58.9134125637 6
34.5008756567 54.4991511036 7
60.2451838879 31.7487266553 7
32.2241681261 59.9320882852 1
61.4711033275 55.3480475382 5
59.0192644483 70.2886247878 4
56.0420315236 39.2190152801 1
19.6147110333 10.1867572156 7
84.588441331 30.8998302207 5
58.3187390543 15.7894736842 6
38.003502627 36.8421052632 9
22.942206655 42.7843803056 6
18.7390542907 47.1986417657 1
65.3239929947 54.6689303905 1
29.9474605954 36.5025466893 3
46.0595446585 74.8726655348 5
30.472854641 47.5382003396 1
44.8336252189 62.4787775891 7
31.3485113835 57.7249575552 5
42.3817863398 37.5212224109 4
46.7600700525 28.8624787776 9
51.8388791594 38.7096774194 4
35.0262697023 55.3480475382 7
44.6584938704 15.7894736842 7
64.9737302977 43.2937181664 6
52.3642732049 38.3701188455 5
69.176882662 33.9558573854 7
46.9352014011 38.8794567063 1
89.3169877408 24.7877758913 4
61.4711033275 64.0067911715 3
45.7092819615 25.2971137521 6
46.9352014011 38.0305602716 5
67.6007005254 68.0814940577 2
46.0595446585 47.8777589134 1
58.6690017513 46.6893039049 7
68.476357268 50.7640067912 2
61.4711033275 59.7623089983 4
34.3257443082 20.882852292 2
72.6795096322 37.0118845501 7
37.8283712785 25.2971137521 3
35.2014010508 60.9507640068 5
43.9579684764 54.6689303905 7
53.5901926445 43.6332767402 2
43.2574430823 31.9185059423 7
52.7145359019 64.0067911715 3
71.4535901926 28.6926994907 5
83.887915937 47.5382003396 9
52.8896672504 7.97962648557 3
56.9176882662 48.0475382003 8
59.7197898424 49.4057724958 5
34.8511383538 61.6298811545 3
71.2784588441 13.2427843803 8
50.2626970228 53.3106960951 8
72.3292469352 53.9898132428 1
73.0297723292 41.5959252971 8
42.5569176883 61.7996604414 3
28.0210157618 56.1969439728 4
69.877408056 62.818336163 9
60.945709282 0.848896434635 9
69.176882662 19.0152801358 9
41.5061295972 40.7470288625 8
47.6357267951 23.259762309 5
34.8511383538 51.9524617997 9
64.6234676007 44.4821731749 7
68.1260945709 34.80475382 3
66.7250437828 14.4312393888 9
78.1085814361 55.857385399 8
31.3485113835 46.8590831919 5
64.4483362522 35.6536502547 4
27.3204903678 25.8064516129 3
77.057793345 64.0067911715 1
31.8739054291 28.6926994907 2
50.9632224168 53.9898132428 4
74.2556917688 41.0865874363 9
58.6690017513 62.1392190153 4
56.3922942207 32.9371816638 5
87.7408056042 47.3684210526 4
38.5288966725 71.8166383701 7
57.0928196147 29.5415959253 3
9.98248686515 66.3837011885 1
86.6900175131 17.4872665535 6
68.476357268 15.2801358234 7
42.2066549912 39.8981324278 6
35.2014010508 34.974533107 9
44.6584938704 55.6876061121 6
31.6987740806 36.1629881154 1
77.2329246935 49.2359932088 6
35.5516637478 10.6960950764 2
52.5394045534 39.3887945671 5
61.996497373 37.6910016978 3
48.3362521891 50.4244482173 2
63.5726795096 61.2903225806 1
28.0210157618 35.9932088285 4
40.1050788091 28.8624787776 1
52.8896672504 71.3073005093 4
71.2784588441 1.8675721562 3
37.1278458844 45.6706281834 8
54.6409807356 44.3123938879 4
70.7530647986 37.181663837 6
64.0980735552 66.3837011885 7
40.8056042032 22.0713073005 5
92.119089317 43.4634974533 9
58.4938704028 44.3123938879 6
77.7583187391 66.7232597623 1
83.1873905429 60.7809847199 9
58.1436077058 0.0 8
47.8108581436 68.7606112054 3
89.4921190893 40.7470288625 3
66.1996497373 80.1358234295 1
50.0875656743 53.9898132428 4
60.7705779335 36.8421052632 8
58.8441330998 38.3701188455 5
46.9352014011 19.6943972835 2
64.2732049037 34.974533107 9
45.3590192644 62.1392190153 7
56.7425569177 21.7317487267 7
87.3905429072 56.5365025467 4
100.0 44.6519524618 3
61.8213660245 48.2173174873 5
34.6760070053 26.8251273345 3
67.9509632224 22.2410865874 7
56.7425569177 52.1222410866 5
50.6129597198 55.1782682513 3
64.9737302977 23.259762309 5
46.7600700525 12.7334465195 3
70.4028021016 69.4397283531 8
42.3817863398 57.7249575552 9
39.2294220665 38.0305602716 6
48.1611208406 71.8166383701 4
34.5008756567 43.2937181664 9
48.8616462347 35.6536502547 9
50.2626970228 61.2903225806 3
53.765323993 49.0662139219 7
69.527145359 82.8522920204 5
48.3362521891 42.6146010187 1
27.1453590193 56.0271646859 4
56.3922942207 19.0152801358 8
54.6409807356 45.1612903226 5
42.7320490368 52.4617996604 3
40.4553415061 54.3293718166 8
52.3642732049 66.5534804754 9
28.1961471103 55.6876061121 3
74.7810858144 53.9898132428 5
55.5166374781 66.2139219015 4
60.4203152364 32.59762309 8
26.4448336252 75.2122241087 3
49.9124343257 58.234295416 6
48.3362521891 29.8811544992 9
26.0945709282 77.0797962649 6
62.6970227671 52.9711375212 3
77.5831873905 57.3853989813 6
90.8931698774 58.7436332767 8
80.3852889667 34.6349745331 9
32.0490367776 43.9728353141 4
41.6812609457 53.6502546689 2
15.2364273205 57.3853989813 1
39.5796847636 31.9185059423 5
68.3012259194 52.6315789474 9
64.9737302977 35.9932088285 4
86.1646234676 28.6926994907 3
52.0140105079 99.4906621392 3
38.003502627 69.9490662139 5
67.0753064799 56.8760611205 9
29.9474605954 34.4651952462 4
35.2014010508 30.7300509338 5
38.003502627 35.8234295416 2
22.942206655 66.3837011885 6
45.0087565674 37.8607809847 7
58.1436077058 53.6502546689 3
75.1313485114 35.6536502547 1
39.2294220665 67.9117147708 5
72.5043782837 63.6672325976 8
74.9562171629 60.441426146 3
52.8896672504 43.6332767402 2
65.4991243433 53.1409168081 5
79.1593695271 21.0526315789 7
45.7092819615 58.234295416 8
92.9947460595 35.9932088285 4
32.5744308231 68.5908319185 4
51.8388791594 68.0814940577 1
42.3817863398 51.103565365 8
62.5218914186 68.4210526316 1
39.054290718 39.8981324278 1
49.7373029772 44.8217317487 7
61.4711033275 61.1205432937 2
56.2171628722 45.6706281834 5
58.6690017513 71.3073005093 3
73.7302977233 34.6349745331 4
56.7425569177 48.0475382003 7
74.2556917688 65.3650254669 4
39.2294220665 53.9898132428 3
68.476357268 49.7453310696 1
43.9579684764 46.6893039049 2
38.003502627 60.6112054329 5
76.1821366025 72.8353140917 6
83.7127845884 55.5178268251 4
34.1506129597 18.505942275 4
42.3817863398 15.4499151104 9
45.7092819615 43.2937181664 1
50.2626970228 59.9320882852 5
84.4133099825 48.5568760611 6
34.8511383538 24.7877758913 2
47.9859894921 46.0101867572 1
53.2399299475 68.9303904924 7
56.5674255692 41.5959252971 8
67.9509632224 56.1969439728 3
50.9632224168 72.3259762309 3
31.8739054291 47.5382003396 6
38.704028021 35.1443123939 3
47.1103327496 51.6129032258 1
45.534150613 31.9185059423 9
78.4588441331 39.558573854 3
42.3817863398 48.2173174873 2
48.5113835377 60.1018675722 2
25.5691768827 34.974533107 1
34.3257443082 30.0509337861 8
38.704028021 53.8200339559 1
67.6007005254 40.7470288625 6
57.4430823117 26.8251273345 4
27.1453590193 55.857385399 9
2.80210157618 66.8930390492 4
89.4921190893 27.3344651952 9
69.0017513135 56.7062818336 7
49.3870402802 48.896434635 8
42.5569176883 39.8981324278 8
41.8563922942 46.6893039049 3
35.7267950963 36.6723259762 6
52.1891418564 33.6162988115 2
57.2679509632 47.7079796265 2
33.8003502627 47.3684210526 3
53.415061296 23.0899830221 3
31.523642732 50.0848896435 4
66.7250437828 44.3123938879 7
57.7933450088 41.0865874363 1
78.9842381786 47.7079796265 8
70.0525394046 35.6536502547 5
61.1208406305 54.6689303905 7
38.704028021 62.3089983022 6
55.6917688266 53.480475382 9
61.8213660245 39.7283531409 1
68.1260945709 68.5908319185 9
86.3397548161 44.4821731749 1
37.1278458844 15.6196943973 3
49.5621716287 56.3667232598 1
31.523642732 52.9711375212 5
72.6795096322 25.466893039 3
45.3590192644 60.1018675722 3
64.6234676007 34.4651952462 8
35.7267950963 33.1069609508 6
19.0893169877 49.9151103565 9
49.5621716287 44.142614601 7
53.9404553415 28.8624787776 7
85.6392294221 56.5365025467 6
58.8441330998 20.2037351443 1
55.1663747811 47.7079796265 9
64.9737302977 46.1799660441 3
40.8056042032 24.6179966044 5
68.476357268 53.480475382 4
30.823117338 19.6943972835 3
66.1996497373 38.5398981324 6
25.9194395797 43.4634974533 4
32.7495621716 43.6332767402 4
61.646234676 89.8132427844 3
78.9842381786 64.5161290323 4
29.0718038529 73.1748726655 2
64.2732049037 45.8404074703 8
33.9754816112 69.6095076401 7
39.7548161121 36.3327674024 1
64.7985989492 34.6349745331 6
57.9684763573 38.7096774194 1
44.8336252189 33.2767402377 5
40.8056042032 52.1222410866 8
50.6129597198 44.9915110357 3
78.1085814361 37.6910016978 6
44.1330998249 35.1443123939 6
78.4588441331 75.3820033956 2
38.003502627 42.1052631579 9
37.1278458844 28.013582343 8
53.0647985989 55.0084889643 2
50.2626970228 43.1239388795 2
53.5901926445 51.273344652 4
53.9404553415 51.9524617997 2
63.7478108581 22.2410865874 1
55.8669001751 37.6910016978 8
39.5796847636 50.7640067912 4
44.6584938704 56.0271646859 1
42.9071803853 87.6061120543 2
70.4028021016 64.0067911715 4
79.5096322242 47.8777589134 5
50.6129597198 57.8947368421 6
54.9912434326 61.2903225806 3
37.6532399299 31.2393887946 4
57.7933450088 63.3276740238 5
44.6584938704 57.2156196944 6
47.6357267951 41.935483871 8
46.584938704 30.7300509338 2
77.057793345 70.7979626486 2
38.003502627 37.8607809847 4
63.5726795096 64.1765704584 8
56.0420315236 55.857385399 7
47.1103327496 47.7079796265 2
54.11558669 54.6689303905 2
26.0945709282 36.1629881154 4
52.7145359019 50.2546689304 3
71.1033274956 46.6893039049 8
66.5499124343 48.0475382003 4
61.4711033275 38.7096774194 2
32.2241681261 40.2376910017 7
58.6690017513 66.2139219015 5
45.534150613 63.1578947368 5
46.584938704 53.480475382 5
78.2837127846 34.1256366723 4
0.0 56.3667232598 6
52.5394045534 36.6723259762 5
68.826619965 100.0 3
40.6304728546 51.103565365 3
41.1558669002 58.064516129 7
46.9352014011 51.7826825127 9
43.7828371278 37.5212224109 7
57.2679509632 29.0322580645 5
38.003502627 88.6247877759 2
40.1050788091 87.4363327674 4
80.3852889667 53.9898132428 5
52.8896672504 24.9575551783 2
57.6182136602 41.4261460102 9
29.0718038529 48.5568760611 9
48.1611208406 54.1595925297 5
50.9632224168 46.8590831919 8
24.1681260946 44.142614601 6
60.4203152364 61.7996604414 6
50.2626970228 18.505942275 9
63.5726795096 53.1409168081 6
19.6147110333 34.80475382 9
53.415061296 34.6349745331 9
70.0525394046 30.7300509338 3
53.765323993 68.9303904924 8
51.6637478109 56.5365025467 4
55.5166374781 32.59762309 7
41.8563922942 46.519524618 8
49.2119089317 38.8794567063 7
51.4886164623 42.1052631579 2
87.0402802102 51.7826825127 9
50.9632224168 68.5908319185 2
62.6970227671 53.3106960951 8
83.7127845884 67.40237691 2
30.472854641 46.8590831919 6
63.0472854641 61.2903225806 9
95.4465849387 41.0865874363 8
66.3747810858 48.0475382003 7
52.8896672504 56.8760611205 4
59.7197898424 48.5568760611 9
47.6357267951 82.0033955857 4
49.7373029772 65.7045840407 7
