263
61.1584327087 53.3333333333 22 0 0 4 9 10 11 12 13 15 18 21 27 31 32 34 35 39 39 42 43 43 47 0 119 135 174 183 222 293 354 379 416 426 514 707 735 807 831 838 858 860 890 896 902
37.3083475298 38.865248227 22 0 3 3 9 9 10 15 16 17 18 21 21 26 26 27 31 33 34 42 44 46 48 0 105 137 215 227 278 358 444 445 463 495 511 582 594 595 611 632 698 862 911 924 990
75.6388415673 20.2836879433 22 0 0 2 2 9 14 15 15 15 21 21 22 22 25 26 33 34 34 36 37 38 46 0 111 130 198 212 288 359 441 448 448 473 504 555 568 597 621 857 902 924 924 954 997
49.2333901193 49.6453900709 22 0 0 9 11 13 15 18 21 24 27 29 32 35 36 39 40 42 42 44 47 49 49 0 118 133 137 204 360 371 491 576 605 613 632 677 688 711 716 721 840 840 893 895 915
40.7155025554 73.1914893617 22 0 3 7 8 8 9 10 14 29 34 35 36 37 38 38 38 39 41 45 45 47 49 0 169 209 211 275 473 480 544 559 569 595 598 698 717 726 763 781 802 834 879 926 988
40.0340715503 56.4539007092 22 0 7 8 10 11 14 15 17 19 19 20 25 30 35 36 38 43 44 45 45 49 49 0 151 157 169 195 257 271 286 311 352 413 430 534 691 712 714 730 816 840 852 971 984
68.9948892675 47.9432624113 22 0 5 6 10 10 12 15 17 19 21 23 24 31 33 34 40 42 42 43 43 45 45 0 103 140 203 227 309 391 394 530 532 538 548 602 710 752 758 817 837 870 888 908 914
59.1141396934 41.9858156028 22 0 1 1 4 12 13 15 16 16 18 19 21 24 24 28 30 35 36 39 40 48 49 0 125 166 191 224 272 284 429 462 524 535 552 711 724 736 749 824 865 925 937 973 979
70.6984667802 36.170212766 22 0 2 2 3 3 7 13 13 13 17 18 28 31 33 34 34 34 40 41 41 42 46 0 0 156 198 263 318 326 421 424 427 434 436 443 468 481 498 646 717 754 760 795 881
53.4923339012 30.6382978723 22 0 5 7 7 8 12 13 13 14 16 25 27 28 29 31 31 35 36 40 40 45 47 0 171 197 260 297 336 367 386 532 537 600 715 737 781 817 817 820 848 862 886 902 939
40.2044293015 37.304964539 22 0 0 1 2 12 14 16 17 17 20 21 30 31 34 35 35 36 42 45 46 46 46 0 0 108 144 145 164 276 312 323 351 449 498 556 621 647 748 758 776 934 956 985 998
93.1856899489 38.5815602837 22 0 0 1 5 6 6 13 15 17 21 21 22 24 27 30 30 32 34 40 44 44 46 0 158 178 208 239 292 421 430 433 459 463 586 644 644 675 752 806 822 841 918 922 939
41.9080068143 66.8085106383 22 0 1 3 3 6 8 10 20 21 23 28 29 34 37 37 38 39 47 47 48 48 49 0 105 184 262 420 427 450 497 504 512 531 533 599 604 616 633 644 686 708 731 775 934
65.4173764906 67.3758865248 22 0 0 1 5 5 9 10 17 20 21 23 25 27 34 34 35 40 40 45 46 48 48 0 159 238 279 285 288 290 336 360 385 393 471 592 606 649 654 695 708 790 816 853 936
49.4037478705 56.4539007092 22 0 0 0 2 2 3 9 13 16 17 22 24 24 28 30 30 30 30 37 39 41 49 0 0 247 293 423 469 569 578 596 600 620 647 658 761 782 809 811 935 940 954 964 969
48.7223168654 43.5460992908 22 0 1 2 2 3 15 15 16 16 18 21 23 26 29 30 30 31 32 39 43 45 46 0 0 204 232 342 360 374 410 432 475 503 535 548 619 637 768 792 824 869 948 982 995
68.9948892675 49.6453900709 22 0 0 3 3 8 12 12 13 18 20 22 22 24 27 28 28 37 38 42 42 44 48 0 132 207 265 267 286 372 445 456 465 483 511 520 738 739 769 813 859 883 891 962 995
27.0868824532 60.5673758865 22 0 6 7 8 11 14 15 16 17 20 24 26 27 27 28 30 36 44 44 45 47 49 0 130 133 150 160 191 204 295 297 355 456 468 489 494 608 645 682 698 707 720 782 899
56.5587734242 42.1276595745 22 0 2 3 3 4 6 7 9 16 18 23 25 25 25 30 31 36 45 46 46 47 48 0 147 147 155 208 257 332 389 418 508 541 556 559 642 663 688 761 817 901 915 951 988
60.4770017036 38.5815602837 22 0 0 1 12 13 18 19 20 21 24 26 28 29 33 36 36 39 44 45 45 46 48 0 0 135 191 228 230 289 345 358 386 429 490 510 682 706 716 789 895 914 938 952 989
70.0170357751 70.3546099291 22 0 0 1 5 6 6 7 8 12 12 22 23 25 25 34 36 36 37 39 40 43 49 0 0 123 142 262 270 442 532 571 598 640 707 737 783 812 835 843 870 886 894 899 915
68.9948892675 50.9219858156 22 0 2 3 5 6 7 13 18 19 21 23 24 28 32 33 34 37 40 40 41 44 49 0 114 144 159 172 283 359 387 398 484 552 556 584 647 657 676 711 873 923 930 934 954
42.5894378194 49.5035460993 22 0 3 10 10 14 18 18 20 23 23 24 25 26 28 28 30 33 33 35 40 40 41 0 0 107 126 165 183 184 224 235 286 292 397 445 568 570 642 726 764 769 824 902 964
55.195911414 46.6666666667 22 0 2 4 4 6 6 12 15 19 20 21 22 23 27 34 35 36 39 44 44 45 47 0 153 212 252 267 374 390 481 548 634 666 699 733 741 743 764 786 820 828 852 876 880
43.9522998296 41.7021276596 22 0 5 7 7 9 11 11 12 15 17 18 25 25 26 27 30 34 39 39 43 45 48 0 128 128 190 249 257 377 406 410 417 457 463 510 523 627 750 777 809 810 860 939 944
52.2998296422 40.4255319149 22 0 4 7 7 7 7 16 19 19 22 23 25 27 27 30 37 39 42 42 43 46 49 0 144 213 222 240 250 318 319 322 325 454 514 530 723 790 792 795 848 925 959 964 993
72.7427597956 67.6595744681 22 0 0 0 7 7 10 12 12 16 18 21 23 25 27 29 33 36 37 38 39 47 48 0 0 253 265 289 289 296 331 374 510 516 519 551 643 724 826 832 834 929 942 953 964
29.471890971 32.1985815603 22 0 1 3 4 9 10 11 13 14 17 17 17 21 29 29 31 32 33 40 43 48 49 0 0 182 203 295 339 374 393 411 546 635 665 693 700 719 736 746 767 829 833 839 995
66.269165247 38.5815602837 22 0 0 1 3 11 13 14 14 15 20 23 25 27 33 34 34 37 42 42 45 48 49 0 147 168 178 182 373 442 457 459 460 525 543 659 671 686 770 773 776 907 907 933 937
43.7819420784 60.8510638298 22 0 1 6 8 8 8 13 18 19 20 22 25 28 30 31 31 36 40 40 41 43 48 0 114 237 244 275 292 322 389 534 552 600 609 635 658 706 816 847 851 855 877 884 965
69.1652470187 30.4964539007 22 0 0 0 6 11 14 15 16 19 20 21 23 23 31 33 33 34 39 43 44 46 49 0 0 105 140 169 172 220 326 356 390 547 582 632 658 684 684 726 746 791 942 960 990
41.5672913118 17.4468085106 22 0 0 1 5 5 6 11 11 12 12 14 15 15 19 21 33 35 36 41 45 46 49 0 109 121 121 170 183 195 210 531 556 560 572 581 589 591 592 652 657 662 668 709 920
46.5076660988 40.1418439716 22 0 1 2 4 6 6 11 19 24 25 26 27 32 38 41 42 42 43 44 45 47 49 0 126 132 140 149 178 263 303 396 446 492 528 590 703 705 740 775 833 884 903 985 992
52.6405451448 31.4893617021 22 0 1 7 10 13 14 14 14 19 21 21 23 26 26 28 28 29 31 34 38 38 39 0 109 187 260 267 283 284 285 306 339 360 481 561 565 597 694 753 776 838 937 959 969
44.4633730835 49.9290780142 22 0 1 2 3 6 12 16 19 20 20 21 22 23 30 32 33 33 37 37 40 44 46 0 136 139 235 239 282 325 333 419 419 450 498 557 622 672 765 835 845 895 913 954 964
89.0971039182 38.2978723404 22 0 3 6 7 8 12 18 18 22 24 31 33 35 39 40 40 42 42 43 44 45 45 0 159 196 307 313 316 417 418 529 540 579 598 619 655 675 741 813 845 857 861 874 990
35.7751277683 58.0141843972 22 0 0 6 8 8 15 16 19 19 20 25 26 27 28 37 37 38 40 42 43 44 47 0 142 328 333 336 403 430 449 456 492 506 556 561 588 593 607 636 697 814 933 941 951
47.0187393526 36.170212766 22 0 0 5 11 12 13 14 15 21 22 27 27 28 29 29 30 32 32 36 37 44 47 0 160 168 198 233 291 345 379 435 443 544 562 580 626 684 686 761 779 784 787 890 903
54.6848381601 44.2553191489 22 0 0 1 1 4 5 14 15 16 19 22 25 25 30 30 30 31 35 38 39 46 46 0 127 202 263 330 398 431 511 550 576 695 721 726 731 750 789 796 860 934 954 966 980
72.0613287905 44.9645390071 22 0 2 4 5 5 8 8 10 10 12 16 20 27 27 27 29 32 33 43 45 49 49 0 155 176 180 181 203 255 349 358 363 363 398 404 495 602 667 715 849 850 897 926 997
40.2044293015 31.3475177305 22 0 4 12 14 14 15 17 26 30 32 35 37 38 40 41 41 42 42 42 42 46 49 0 148 151 154 247 311 379 409 435 510 530 532 560 590 667 690 702 751 814 822 887 970
54.8551959114 39.8581560284 22 0 0 3 3 3 6 13 13 13 21 26 27 27 28 30 31 36 37 39 41 41 48 0 0 102 181 294 296 411 439 443 444 455 480 481 551 600 627 675 735 789 791 894 955
57.069846678 25.6737588652 22 0 4 5 10 14 15 20 25 25 25 27 29 31 35 36 38 41 42 45 46 47 49 0 0 108 142 230 274 350 396 412 427 442 506 629 663 732 780 824 848 896 951 955 960
40.3747870528 26.6666666667 22 0 1 1 4 9 9 10 12 12 13 15 17 27 33 36 37 40 41 43 43 43 48 0 158 209 251 282 394 451 517 591 598 667 670 680 740 770 794 808 834 905 961 973 980
43.1005110733 53.6170212766 22 0 0 0 6 7 8 9 14 14 17 19 24 26 29 33 33 34 35 39 42 45 48 0 126 149 152 241 339 366 402 418 517 570 591 640 668 754 771 793 817 849 897 936 980
63.3730834753 47.2340425532 22 0 1 4 9 11 17 18 19 22 22 25 25 27 28 28 31 33 34 38 39 47 49 0 0 118 131 155 194 319 345 375 376 399 429 494 538 623 641 693 718 789 800 862 924
34.9233390119 46.2411347518 22 0 0 2 3 6 8 11 14 22 23 25 26 28 29 34 36 37 40 40 41 42 44 0 122 130 158 160 167 207 233 346 368 388 417 461 595 673 684 776 812 833 959 961 984
37.9897785349 26.8085106383 22 0 0 1 4 5 5 8 9 10 14 16 23 26 30 34 37 37 41 44 45 48 49 0 135 180 234 245 280 296 385 439 463 581 678 715 754 773 788 796 846 860 873 926 934
57.9216354344 37.1631205674 22 0 4 8 10 14 16 17 18 21 25 25 27 29 35 39 41 43 44 46 47 48 49 0 0 100 144 170 233 246 276 279 311 353 498 507 553 683 761 808 829 861 869 902 994
35.9454855196 65.6737588652 22 0 1 2 4 5 8 11 16 16 22 26 29 31 32 33 35 36 38 38 39 47 48 0 169 176 216 266 272 272 289 418 452 551 585 625 645 672 673 762 768 798 818 944 959
52.9812606474 51.914893617 22 0 5 5 8 8 9 9 10 10 12 13 14 25 34 34 35 35 36 40 43 46 48 0 159 160 255 263 268 282 288 309 398 453 468 639 659 687 762 832 835 846 874 888 914
43.1005110733 36.5957446809 22 0 5 7 11 13 14 15 15 16 16 18 18 21 23 29 37 41 43 43 44 46 49 0 0 107 120 142 242 266 271 378 381 389 394 505 521 532 563 583 700 722 760 803 938
17.5468483816 41.8439716312 22 0 1 3 9 11 11 11 15 17 21 22 23 26 28 29 31 36 36 39 45 46 49 0 197 198 311 402 407 433 452 466 473 476 529 539 647 652 710 770 799 832 836 907 942
63.5434412266 53.1914893617 22 0 0 2 2 2 7 9 12 16 20 22 24 28 29 32 33 34 36 43 47 47 48 0 105 110 179 217 246 332 353 375 389 423 428 459 491 586 588 664 691 863 867 975 992
83.1345826235 48.7943262411 22 0 3 4 11 11 16 16 18 22 25 25 26 27 30 31 33 34 36 38 47 47 49 0 109 181 282 382 404 448 448 548 633 638 659 716 748 749 793 795 851 860 894 902 994
37.1379897785 51.914893617 22 0 4 5 8 11 14 15 15 15 17 21 22 25 25 34 34 35 39 41 42 47 48 0 101 106 130 233 289 340 355 398 405 524 536 578 591 621 756 756 773 775 793 793 808
68.6541737649 27.0921985816 22 0 0 1 5 6 7 7 16 16 18 22 26 26 30 33 35 36 37 37 40 42 47 0 176 295 326 330 369 370 402 422 454 476 505 613 655 726 732 814 863 871 963 971 987
63.0323679727 35.6028368794 22 0 0 8 8 8 9 12 12 17 18 18 20 21 26 26 26 31 36 36 39 43 44 0 128 160 166 266 275 363 365 369 414 503 512 517 568 569 598 633 764 767 774 870 955
64.0545144804 72.7659574468 22 0 1 2 2 4 4 9 9 10 10 14 14 15 21 27 31 32 35 36 36 41 49 0 125 131 139 145 186 201 427 431 432 458 484 496 624 640 742 772 799 825 841 854 908
43.6115843271 69.9290780142 22 0 1 2 3 6 11 14 15 17 17 18 25 26 30 32 34 35 39 41 43 47 49 0 0 144 147 187 204 255 371 396 417 536 553 576 577 593 754 767 769 796 821 924 993
37.3083475298 34.7517730496 22 0 1 2 2 5 6 10 14 16 16 18 21 22 22 30 32 35 36 39 41 41 46 0 0 287 321 326 385 396 424 455 466 582 610 629 651 694 712 804 806 861 915 917 930
50.5962521295 36.7375886525 22 0 1 8 8 13 13 16 18 22 23 26 34 37 37 38 38 41 42 43 43 46 47 0 115 148 205 211 222 235 282 333 385 454 495 500 546 626 638 672 694 740 837 941 945
58.0919931857 42.2695035461 22 0 8 11 13 15 15 16 18 19 24 25 27 30 30 33 34 34 40 42 43 47 49 0 103 106 117 184 228 274 300 367 383 384 411 426 427 454 480 481 571 589 804 836 866
67.8023850085 36.4539007092 22 0 5 5 5 7 9 12 14 15 18 19 20 24 24 26 28 31 34 38 41 41 48 0 105 128 243 247 275 285 332 340 348 411 462 526 556 662 668 674 696 750 847 849 880
61.8398637138 53.9007092199 22 0 7 8 9 9 13 15 23 26 27 29 30 30 31 32 38 38 39 45 46 48 48 0 105 170 228 270 279 334 351 415 423 503 578 583 607 620 632 647 660 708 786 869 882
70.6984667802 51.4893617021 22 0 4 4 12 12 12 18 20 26 26 27 29 35 36 37 40 40 42 42 45 46 47 0 137 165 201 258 267 416 428 440 463 529 589 591 749 767 776 783 799 802 821 883 906
36.6269165247 39.5744680851 22 0 0 6 13 17 17 20 24 26 29 33 35 38 38 43 43 43 45 46 46 47 49 0 118 232 327 400 407 519 564 598 618 642 642 652 718 725 743 744 833 857 869 878 967
65.4173764906 62.9787234043 22 0 0 1 9 10 11 11 15 17 19 20 29 33 34 37 39 40 41 42 42 42 46 0 0 108 203 272 329 365 380 433 489 573 596 624 643 702 744 747 783 787 870 949 999
43.9522998296 64.1134751773 22 0 0 3 5 6 10 11 11 14 16 16 17 19 19 24 25 26 30 39 39 39 43 0 0 100 129 303 421 433 560 597 604 624 681 723 775 782 838 847 872 919 943 972 988
46.3373083475 36.5957446809 22 0 8 8 10 18 18 21 21 22 27 28 32 33 34 38 39 43 44 45 46 49 49 0 179 261 313 349 371 393 433 438 597 631 632 645 722 792 799 847 864 896 920 951 963
18.5689948893 38.2978723404 22 0 1 2 4 5 9 9 11 20 21 25 26 29 30 41 43 44 45 45 46 47 49 0 0 131 156 195 235 280 309 316 323 332 400 436 613 686 695 696 762 800 810 888 893
64.395229983 32.6241134752 22 0 0 2 10 13 15 19 21 23 28 32 32 32 38 41 42 43 47 47 48 49 49 0 0 152 177 349 389 413 441 503 553 618 619 626 711 764 813 875 876 896 921 983 985
64.0545144804 22.2695035461 22 0 0 2 4 4 4 7 10 16 17 23 24 25 27 32 32 33 33 35 35 36 48 0 108 112 121 125 377 384 418 448 509 551 643 661 671 694 794 797 800 801 821 964 987
59.2844974446 27.2340425532 22 0 1 1 1 3 6 11 11 14 15 16 20 22 22 23 25 27 32 36 40 46 46 0 0 111 134 140 177 193 213 252 309 388 398 400 445 466 526 563 699 740 745 748 863
38.1601362862 65.9574468085 22 0 6 6 9 9 10 10 13 13 14 15 17 19 20 22 27 32 34 38 39 40 43 0 119 120 126 234 405 475 477 486 569 613 649 658 745 766 780 807 822 916 954 965 981
29.3015332198 57.4468085106 22 0 3 5 8 8 8 9 11 11 15 18 18 25 25 25 27 30 30 33 39 43 47 0 102 117 159 197 201 206 303 313 386 442 443 640 713 806 837 860 879 892 921 927 965
49.7444633731 29.3617021277 22 0 0 6 8 13 14 15 17 19 23 27 27 33 34 35 39 42 46 46 46 47 48 0 0 135 146 181 237 258 280 331 374 468 497 501 578 604 666 768 768 775 850 866 869
61.32879046 24.2553191489 22 0 13 14 16 16 16 22 23 26 27 31 32 34 37 37 39 40 40 43 44 45 49 0 116 188 192 220 307 395 446 467 599 659 667 692 807 855 857 884 916 932 939 940 951
45.996592845 58.2978723404 22 0 1 3 5 6 6 8 11 17 20 21 21 21 23 24 28 28 35 38 41 41 46 0 174 189 276 286 334 374 439 461 494 529 566 601 637 676 682 700 813 904 921 970 996
66.0988074957 31.4893617021 22 0 0 1 3 4 5 6 9 13 14 20 20 22 30 30 37 41 43 43 46 47 49 0 107 125 183 237 251 272 460 531 549 571 588 594 609 612 625 811 865 914 936 941 952
56.5587734242 46.0992907801 22 0 3 9 9 11 13 14 18 19 21 22 22 24 25 25 26 27 28 32 34 34 35 0 107 191 201 248 318 321 417 426 445 450 459 482 521 557 594 683 739 834 860 871 985
54.1737649063 61.2765957447 22 0 1 5 9 11 11 18 19 22 23 23 31 31 32 32 35 37 39 39 47 49 49 0 142 164 217 223 230 240 304 310 389 530 546 605 617 702 702 787 882 907 914 916 981
20.1022146508 55.0354609929 22 0 2 4 4 7 13 17 18 22 22 23 25 25 27 30 31 37 37 39 39 42 46 0 199 207 237 239 266 318 357 363 398 463 484 498 507 587 609 623 823 949 960 963 988
51.7887563884 81.134751773 22 0 0 0 5 18 18 18 19 20 24 26 30 31 34 37 39 40 46 47 48 49 49 0 105 164 213 265 288 295 360 427 431 505 507 575 589 675 761 787 901 922 937 970 972
24.8722316865 40.4255319149 22 0 1 9 11 11 11 15 17 21 27 27 28 32 35 38 39 41 42 44 45 46 47 0 374 375 386 547 551 584 617 643 689 708 711 714 722 723 833 839 892 894 894 959 970
47.5298126065 43.1205673759 22 0 1 3 7 9 13 13 14 15 16 18 20 20 25 26 32 43 44 44 48 49 49 0 173 279 287 340 402 423 438 454 507 557 600 609 620 623 832 873 884 918 927 941 979
44.4633730835 40.5673758865 22 0 1 4 7 9 14 21 22 25 26 30 31 33 35 35 36 38 38 40 45 49 49 0 108 108 175 208 222 235 455 524 529 587 591 647 731 773 826 840 873 938 981 984 993
50.5962521295 33.6170212766 22 0 3 9 9 11 17 18 22 32 35 36 36 37 38 38 41 41 42 43 46 47 47 0 105 112 114 128 257 360 371 405 501 522 531 550 595 639 693 696 761 796 829 847 903
60.136286201 44.6808510638 22 0 1 4 5 6 6 16 16 16 19 20 24 29 30 35 35 37 39 41 45 47 48 0 107 108 148 160 195 207 277 289 293 413 459 495 532 557 679 697 802 867 884 896 943
43.6115843271 54.7517730496 22 0 1 12 13 14 16 16 20 21 25 28 29 33 36 38 41 42 44 47 47 47 49 0 148 169 247 271 290 316 329 392 697 710 755 764 823 858 879 889 940 959 967 995 999
78.3645655877 53.475177305 22 0 0 0 2 3 5 9 12 14 14 14 15 17 32 35 36 36 44 47 47 48 49 0 110 116 172 175 240 295 416 457 462 487 513 527 552 586 645 797 827 852 932 969 969
47.870528109 54.8936170213 22 0 2 4 9 15 23 24 26 27 30 30 30 36 37 43 43 44 46 46 47 49 49 0 0 139 152 165 176 201 251 259 437 446 449 450 454 600 608 651 670 681 688 820 950
64.395229983 41.7021276596 22 0 2 4 6 6 8 9 15 15 19 19 32 33 34 34 36 46 47 47 47 48 49 0 102 113 147 166 222 240 285 330 408 411 424 535 547 645 681 724 743 850 881 947 976
62.6916524702 54.609929078 22 0 5 19 19 19 20 25 26 29 29 30 31 31 35 35 36 40 40 41 41 42 44 0 0 231 267 318 332 371 374 374 379 430 480 568 681 687 704 711 769 783 811 826 836
80.4088586031 52.0567375887 22 0 5 9 10 19 20 20 21 21 24 30 33 34 35 39 40 41 41 42 45 47 48 0 169 194 220 267 313 326 366 412 428 468 608 676 688 712 724 841 861 909 936 953 985
33.730834753 48.085106383 22 0 1 4 4 4 10 10 16 22 26 29 29 30 31 31 33 34 35 35 38 40 47 0 153 260 286 314 322 326 420 442 551 557 568 569 596 597 606 634 670 692 879 952 953
33.0494037479 43.5460992908 22 0 0 1 2 3 5 11 16 20 20 23 23 24 26 26 31 33 39 39 40 40 46 0 145 243 308 311 328 441 502 523 570 653 656 717 794 822 825 841 864 877 885 897 971
60.4770017036 28.6524822695 22 0 10 11 13 13 13 15 18 22 22 23 24 24 26 27 28 30 32 32 40 42 49 0 0 105 118 142 214 217 259 322 415 492 493 503 525 597 733 765 765 767 854 900 946
67.461669506 8.22695035461 22 0 3 8 10 11 11 11 12 17 18 19 21 26 27 29 30 31 35 39 39 41 46 0 0 178 219 267 301 343 376 377 457 467 497 498 516 775 790 805 814 826 833 902 986
57.2402044293 53.3333333333 22 0 11 11 11 11 12 15 16 17 17 17 19 20 29 30 33 35 38 39 46 48 49 0 191 302 330 477 495 497 506 510 519 557 566 568 578 665 684 690 876 906 911 923 947
54.003407155 38.4397163121 22 0 1 14 14 16 16 19 19 22 22 27 27 29 29 35 40 42 42 44 47 47 49 0 268 270 295 319 334 371 384 429 459 528 529 576 645 675 696 750 777 823 841 865 942
98.8074957411 50.9219858156 22 0 1 4 10 12 13 14 18 21 22 26 28 32 35 38 38 42 42 43 44 45 47 0 0 100 154 193 260 315 340 355 427 506 573 578 628 633 637 652 740 760 819 925 975
55.0255536627 35.7446808511 22 0 0 0 1 3 11 12 15 19 21 22 22 23 24 27 31 32 36 40 41 42 43 0 0 115 178 211 307 338 384 388 411 435 449 493 608 631 757 761 788 885 914 924 974
63.202725724 56.7375886525 22 0 10 11 11 12 13 16 18 20 24 24 26 27 28 33 33 36 37 38 39 45 49 0 109 141 162 210 268 302 316 322 332 566 596 626 639 690 711 715 718 819 927 940 979
70.528109029 63.5460992908 22 0 1 4 5 7 9 10 11 12 19 22 23 27 28 29 29 30 36 36 41 46 48 0 109 116 141 156 157 167 235 348 364 423 496 552 586 614 638 673 696 703 782 797 916
63.7137989779 60.7092198582 22 0 0 8 8 9 16 21 22 23 28 33 33 34 34 36 38 39 43 45 47 49 49 0 144 188 250 261 276 316 331 355 377 383 432 468 490 552 654 713 759 832 852 928 936
37.9897785349 61.7021276596 22 0 3 5 5 7 8 8 12 13 21 21 22 22 32 34 40 41 41 41 43 48 49 0 100 109 147 256 299 323 355 363 407 527 528 532 572 582 586 673 709 848 918 921 939
39.1822827939 21.9858156028 22 0 0 3 7 9 18 20 20 23 28 30 31 36 38 39 39 41 42 44 47 47 48 0 138 139 196 239 282 294 304 391 392 475 497 578 620 626 646 693 706 764 832 944 985
55.3662691652 34.4680851064 22 0 0 1 2 2 4 4 5 12 12 20 21 25 29 35 36 40 42 44 45 47 48 0 125 159 164 209 221 250 316 348 369 447 526 541 542 560 593 812 814 874 930 946 974
60.3066439523 8.93617021277 22 0 2 2 2 9 10 11 12 19 29 30 34 35 36 37 40 40 40 41 42 47 49 0 148 210 240 253 344 428 442 544 556 563 602 618 619 644 652 680 777 821 952 961 993
37.6490630324 69.5035460993 22 0 0 0 1 2 6 6 13 13 16 19 20 21 27 28 30 33 38 41 43 44 47 0 151 157 276 342 385 389 415 466 492 494 561 575 613 692 745 786 811 822 831 934 991
47.3594548552 45.5319148936 22 0 0 1 5 6 8 9 10 12 14 24 27 32 36 40 40 40 43 43 44 45 46 0 0 199 220 230 368 370 385 391 430 467 492 529 541 546 608 737 743 761 814 835 994
63.0323679727 57.4468085106 22 0 0 5 7 7 8 13 15 15 16 17 20 20 21 27 28 33 35 36 38 39 40 0 142 179 200 223 226 229 281 306 424 430 517 587 589 607 653 719 723 849 860 941 980
54.3441226576 41.134751773 22 0 0 2 4 5 8 10 15 21 24 26 26 30 31 32 34 38 39 40 44 46 49 0 111 138 154 198 233 314 333 339 366 370 393 458 492 494 501 701 736 751 865 881 971
44.1226575809 100.0 22 0 1 8 9 10 11 14 16 17 19 19 23 23 28 29 30 32 32 32 33 40 49 0 0 120 199 209 247 280 401 438 452 455 479 489 517 618 664 693 715 825 836 850 893
41.737649063 51.6312056738 22 0 0 2 2 4 7 15 17 18 19 19 22 25 25 30 31 33 35 43 46 48 48 0 119 142 187 241 293 297 388 424 437 445 488 502 506 533 580 680 716 735 765 796 810
71.2095400341 60.5673758865 22 0 0 4 7 11 11 13 15 15 15 19 20 21 24 26 31 34 39 45 48 49 49 0 201 215 306 378 390 396 474 482 488 515 538 565 585 631 661 681 801 815 827 845 880
34.7529812606 17.0212765957 22 0 0 0 2 6 7 7 10 11 13 15 18 27 27 28 29 31 32 33 34 39 47 0 103 123 144 155 190 304 307 350 352 437 509 577 614 740 751 850 879 881 952 970 995
59.2844974446 52.6241134752 22 0 3 5 5 8 9 11 11 13 14 14 17 18 20 20 27 32 32 36 41 43 43 0 0 157 243 252 288 343 368 421 435 438 465 512 630 772 830 869 882 975 988 998 999
32.0272572402 45.1063829787 22 0 2 4 6 8 10 16 17 23 25 26 27 28 28 30 32 36 36 38 39 40 42 0 0 144 151 200 246 312 347 389 393 446 463 468 475 629 726 739 857 910 927 937 978
68.4838160136 74.8936170213 22 0 3 5 8 10 12 13 21 22 25 29 29 31 32 32 33 33 40 41 42 43 47 0 102 132 140 172 186 251 362 383 442 443 479 483 530 595 613 620 750 777 798 801 875
44.804088586 22.9787234043 22 0 3 4 8 10 12 17 18 20 21 21 25 26 28 33 33 35 37 39 41 48 48 0 150 153 194 229 264 298 327 378 434 516 518 566 589 604 641 674 686 687 698 801 921
36.2862010221 52.1985815603 22 0 1 6 8 9 11 13 15 16 18 21 24 26 28 31 31 33 42 43 44 46 49 0 0 169 179 312 460 510 539 553 576 587 614 643 643 666 712 743 779 826 890 913 971
56.0477001704 21.4184397163 22 0 2 4 4 9 16 17 19 20 21 24 25 26 27 27 32 34 37 39 43 45 48 0 0 198 230 277 332 369 388 480 497 569 574 624 798 804 870 877 928 933 953 984 998
38.1601362862 38.0141843972 22 0 1 1 2 4 5 7 16 18 20 23 25 28 36 38 42 42 43 46 46 49 49 0 0 100 190 224 333 393 430 465 583 588 649 660 660 740 777 821 873 953 953 969 978
40.5451448041 29.3617021277 22 0 2 3 4 10 16 19 21 22 26 35 36 36 37 37 38 42 44 44 45 45 46 0 128 138 225 231 257 276 306 344 358 392 443 595 687 698 796 808 880 922 929 970 990
61.32879046 43.9716312057 22 0 4 4 6 11 11 13 19 20 23 24 26 28 28 31 36 37 38 42 42 43 47 0 186 192 245 304 331 369 374 437 466 483 495 533 624 686 687 749 760 778 857 936 998
23.5093696763 32.4822695035 22 0 0 1 1 4 9 10 12 13 15 20 23 26 26 27 27 28 34 34 46 47 49 0 0 109 115 183 185 290 313 349 431 501 510 517 526 536 635 646 734 776 789 795 853
35.604770017 0.0 22 0 1 6 7 8 8 9 11 12 16 21 30 35 36 39 40 40 43 45 47 48 48 0 102 147 205 215 216 251 330 332 407 457 465 621 694 720 732 744 770 784 866 971 996
67.9727427598 38.4397163121 22 0 2 6 8 10 11 14 14 15 16 18 21 21 27 28 33 34 41 42 45 47 49 0 105 163 215 271 279 287 308 383 470 598 613 694 722 766 797 853 864 869 902 913 958
63.3730834753 51.7730496454 22 0 4 5 7 9 9 12 12 23 26 28 28 31 32 33 37 40 41 42 44 46 48 0 190 191 192 209 358 364 412 427 428 438 449 516 594 611 612 620 694 846 865 884 996
59.4548551959 59.1489361702 22 0 5 9 11 11 12 15 18 22 24 24 28 29 33 34 37 37 38 40 44 48 49 0 0 124 129 172 174 189 276 342 362 422 445 469 524 545 576 651 681 816 860 861 993
35.9454855196 45.8156028369 22 0 2 2 5 8 10 23 23 24 28 29 29 32 34 35 36 37 38 39 47 48 48 0 0 171 184 251 282 306 427 458 460 482 491 545 566 615 626 630 769 833 867 908 982
73.594548552 41.9858156028 22 0 2 9 12 17 18 19 26 27 27 30 32 32 33 36 37 37 40 43 45 46 46 0 109 114 168 261 284 302 456 465 468 501 630 716 755 796 814 820 831 855 856 967 975
73.9352640545 49.3617021277 22 0 3 7 7 10 13 15 19 20 21 24 28 29 31 31 32 32 35 39 39 39 41 0 143 196 232 347 353 405 486 499 517 566 574 594 649 693 703 738 834 865 920 928 952
50.2555366269 35.0354609929 22 0 1 2 3 5 6 8 9 10 11 11 15 16 22 22 33 39 40 44 44 46 48 0 0 142 145 182 204 260 288 394 571 625 634 688 717 763 898 913 916 937 944 970 996
63.202725724 52.9078014184 22 0 1 5 9 14 18 22 23 24 25 26 27 27 29 29 33 35 36 39 45 45 48 0 113 169 230 231 242 302 313 317 332 414 456 461 509 536 713 731 780 820 823 851 907
50.0851788756 44.2553191489 22 0 2 12 12 14 16 17 18 19 20 20 22 30 31 34 34 35 38 40 42 48 48 0 0 118 172 275 276 280 416 419 451 454 487 502 526 649 655 694 700 817 835 870 913
85.3492333901 46.524822695 22 0 0 1 7 11 12 12 14 15 18 19 21 25 28 31 32 35 39 40 43 44 48 0 115 164 292 341 349 380 398 443 450 453 499 707 725 775 831 906 946 953 974 974 982
29.1311754685 41.134751773 22 0 1 5 6 6 8 10 11 14 14 14 16 18 18 20 25 26 31 34 39 40 44 0 0 148 234 290 290 351 461 527 534 621 640 664 668 711 740 832 840 855 892 897 923
17.206132879 45.5319148936 22 0 0 1 3 6 7 9 13 15 28 30 31 36 37 40 43 44 45 49 49 49 49 0 0 106 106 127 174 179 181 182 291 393 486 494 592 650 771 776 826 877 918 922 953
61.6695059625 52.6241134752 22 0 2 2 9 9 12 13 15 16 16 20 21 23 27 28 29 30 31 40 40 43 46 0 0 108 173 186 196 200 281 381 475 588 607 660 690 765 781 825 847 874 940 974 997
25.5536626917 78.1560283688 22 0 5 9 9 13 13 14 17 23 24 24 31 32 33 35 36 37 40 42 42 45 47 0 130 164 191 198 261 344 383 386 410 410 430 475 497 622 773 777 804 804 817 873 944
37.8194207836 61.8439716312 22 0 2 2 3 5 14 17 17 28 28 31 32 34 35 38 40 40 41 44 44 46 49 0 111 231 260 284 289 300 361 381 424 471 496 559 634 641 737 759 766 834 838 869 895
61.8398637138 44.3971631206 22 0 0 1 2 2 4 5 9 12 21 21 22 26 30 35 39 41 41 43 45 47 48 0 159 179 223 227 271 275 402 429 438 451 493 513 619 622 652 665 711 721 878 903 914
53.3219761499 46.8085106383 22 0 2 10 12 13 14 15 16 19 20 23 27 27 37 39 40 42 43 45 45 49 49 0 108 153 163 224 232 246 287 314 434 462 470 533 564 566 687 720 744 762 857 935 950
75.2981260647 54.7517730496 22 0 0 4 4 5 6 6 8 16 19 20 24 25 30 30 31 36 38 39 40 41 49 0 142 155 168 213 257 263 377 384 407 438 453 529 536 553 652 797 846 862 864 933 935
78.1942078365 29.3617021277 22 0 0 4 10 15 16 18 21 24 26 29 32 33 35 36 39 41 42 45 47 49 49 0 162 181 192 209 305 360 363 386 453 471 486 562 636 641 648 651 651 774 860 873 883
24.8722316865 60.1418439716 22 0 1 2 5 7 9 11 12 12 13 14 24 25 25 26 27 29 32 32 36 38 45 0 0 100 119 145 186 235 357 402 440 473 554 562 590 608 653 677 720 841 851 911 933
21.9761499148 64.1134751773 22 0 5 5 6 8 10 11 13 14 16 17 18 19 20 22 26 27 27 31 32 48 49 0 0 127 258 290 328 351 396 410 440 464 509 511 514 626 635 646 716 774 839 876 988
61.8398637138 55.1773049645 22 0 0 3 18 18 22 22 27 27 28 28 30 34 36 36 38 43 43 45 46 47 48 0 100 201 205 211 215 381 397 461 555 624 664 697 728 732 745 752 792 798 889 898 934
50.0851788756 25.6737588652 22 0 0 5 6 13 19 24 24 26 26 27 29 29 31 32 35 39 41 41 44 44 46 0 125 211 335 370 418 451 482 483 529 547 566 675 676 696 740 791 834 842 879 953 980
58.6030664395 68.9361702128 22 0 0 1 1 3 4 11 16 18 19 22 34 35 35 35 39 41 43 44 45 45 49 0 207 213 260 277 308 327 361 362 379 394 471 511 515 645 690 703 726 831 884 975 978
47.0187393526 44.9645390071 22 0 1 1 2 3 5 6 7 8 12 22 24 24 27 32 36 39 41 41 47 48 48 0 0 134 148 224 264 277 408 447 473 479 515 515 606 618 649 706 740 758 780 797 823
40.2044293015 27.9432624113 22 0 1 3 8 13 17 23 23 26 29 30 30 31 32 32 32 34 35 39 40 41 41 0 146 206 214 219 227 308 334 346 376 428 512 517 576 639 784 794 845 850 894 898 945
49.9148211244 51.7730496454 22 0 3 6 9 9 11 12 12 12 15 16 19 20 22 22 28 30 31 33 35 41 46 0 0 163 175 209 268 295 404 448 514 534 560 615 628 630 653 659 718 789 844 864 968
37.3083475298 68.6524822695 22 0 5 7 9 12 13 13 14 18 19 22 24 27 29 30 33 36 38 43 46 48 49 0 0 100 145 164 177 387 393 439 441 481 512 565 578 600 604 622 655 657 789 903 943
40.3747870528 56.7375886525 22 0 0 4 4 4 10 10 15 18 19 20 24 25 31 31 37 38 41 41 42 44 49 0 0 133 146 174 337 361 403 423 428 501 515 662 694 793 809 839 860 867 934 940 977
52.9812606474 68.5106382979 22 0 0 1 6 6 10 12 12 16 22 22 25 29 29 29 30 31 32 35 38 39 41 0 195 206 215 247 253 290 309 415 507 580 664 669 709 775 783 837 856 961 978 981 997
22.8279386712 57.304964539 22 0 2 2 2 4 6 6 9 16 17 18 19 19 21 22 28 30 35 39 41 44 47 0 110 134 219 233 234 234 280 323 412 428 479 485 504 567 596 621 632 674 932 944 992
6.64395229983 29.3617021277 22 0 0 1 9 10 23 24 25 30 34 37 37 38 38 39 40 40 40 41 47 47 49 0 0 134 172 191 221 238 277 373 416 441 459 465 497 506 512 553 555 608 653 705 875
19.0800681431 45.8156028369 22 0 5 5 8 8 10 12 14 15 17 18 20 23 26 30 34 37 41 43 46 46 48 0 0 172 183 288 309 335 366 538 572 577 585 616 658 729 739 802 845 851 861 911 978
51.4480408859 42.695035461 22 0 0 1 1 3 4 8 13 14 15 17 22 22 22 26 26 28 32 34 37 41 45 0 114 128 186 208 343 369 370 434 438 441 471 580 587 632 656 658 690 718 769 780 934
57.7512776831 32.1985815603 22 0 3 4 7 8 10 10 17 21 21 25 26 26 28 30 34 36 38 38 40 46 49 0 163 163 253 262 314 355 424 445 462 533 536 570 620 722 764 802 802 820 867 883 906
41.9080068143 50.9219858156 22 0 3 5 5 6 7 9 9 12 16 18 18 20 20 24 27 27 32 34 37 43 45 0 110 175 229 261 314 366 382 424 570 576 681 705 750 759 763 824 847 859 882 887 966
50.936967632 26.9503546099 22 0 1 2 3 5 13 14 16 16 22 25 29 32 33 34 35 36 38 39 43 44 49 0 0 136 168 175 254 254 374 375 455 477 514 542 753 778 782 815 830 842 885 905 909
34.5826235094 45.2482269504 22 0 0 6 9 9 10 11 11 12 14 15 19 21 22 23 26 28 34 35 38 39 49 0 0 141 150 177 191 227 265 274 288 312 413 462 528 645 652 667 735 750 762 789 885
65.0766609881 41.8439716312 22 0 4 6 8 13 15 18 20 20 25 29 30 33 33 34 35 37 40 43 43 44 47 0 164 445 445 452 483 484 561 584 590 598 724 780 791 798 798 897 904 907 929 996 997
41.3969335605 65.9574468085 22 0 2 2 4 5 11 14 15 16 20 23 25 25 28 29 29 29 33 34 36 41 44 0 126 138 152 270 340 370 457 479 487 512 516 523 524 526 636 652 654 667 731 758 940
64.0545144804 39.8581560284 22 0 1 1 6 14 17 19 19 21 26 27 28 29 30 31 35 35 36 41 45 47 49 0 202 211 312 358 383 403 410 416 452 511 520 553 635 638 660 697 705 854 858 911 956
34.4122657581 41.4184397163 22 0 2 4 5 8 9 12 15 16 16 19 23 24 25 27 27 27 31 45 46 47 49 0 141 146 170 224 233 273 309 314 404 428 438 483 498 518 544 598 599 729 735 739 838
47.7001703578 50.780141844 22 0 1 3 6 10 12 12 17 18 25 27 29 30 38 42 42 43 44 45 46 46 49 0 0 213 228 279 379 380 425 426 482 556 580 600 635 657 698 735 768 794 899 922 926
32.538330494 48.9361702128 22 0 3 5 6 11 18 18 21 24 26 30 31 37 38 38 38 41 42 45 46 47 49 0 147 179 289 301 365 383 397 447 497 537 570 581 679 709 767 796 913 922 926 928 953
39.6933560477 32.6241134752 22 0 0 5 7 7 12 14 15 20 22 23 25 32 35 36 41 41 43 45 46 47 48 0 136 178 189 231 320 328 373 390 396 431 462 485 517 562 575 582 634 695 747 815 888
44.6337308348 53.6170212766 22 0 0 0 1 5 8 10 13 13 18 27 28 32 32 38 40 42 42 46 46 48 48 0 147 165 205 242 281 295 357 383 454 477 490 529 580 746 750 781 829 873 901 935 998
53.8330494037 41.9858156028 22 0 1 12 13 15 15 16 16 18 24 27 27 31 32 32 36 40 41 41 43 46 49 0 177 178 181 217 239 254 262 316 343 345 390 478 525 604 620 796 835 856 858 944 988
72.7427597956 44.3971631206 22 0 1 4 12 15 15 20 21 24 26 27 30 31 31 32 34 35 35 38 45 46 49 0 112 326 329 348 359 366 385 407 409 422 472 521 696 712 768 798 807 834 892 896 950
49.063032368 37.1631205674 22 0 2 3 7 7 20 25 30 36 36 39 40 40 40 41 43 45 46 46 47 47 48 0 145 153 196 265 266 367 394 459 459 553 627 648 698 711 747 821 830 891 946 949 999
35.7751277683 39.1489361702 22 0 1 3 5 7 7 8 9 13 17 17 19 21 22 24 28 39 40 41 46 47 49 0 100 196 267 274 303 353 377 412 471 541 561 602 668 669 679 732 825 867 924 958 998
55.3662691652 45.5319148936 22 0 1 2 9 12 15 16 17 22 24 26 28 31 33 33 34 35 35 45 48 48 49 0 0 136 147 148 270 291 294 296 376 435 437 522 547 694 698 712 754 812 856 934 949
63.7137989779 50.780141844 22 0 1 3 3 8 9 11 12 12 13 14 19 19 29 33 33 35 38 45 47 47 49 0 0 174 182 193 236 318 518 545 642 655 662 681 710 716 811 872 894 905 912 923 968
59.4548551959 46.8085106383 22 0 1 1 2 8 12 13 15 20 21 21 24 26 26 30 31 37 37 40 40 40 49 0 165 225 272 285 308 370 372 394 407 439 454 473 541 684 692 741 850 855 880 941 960
42.7597955707 61.8439716312 22 0 0 0 1 6 6 7 7 12 13 15 19 20 24 24 24 29 30 43 43 44 46 0 0 160 248 254 296 330 397 466 552 633 643 720 764 766 811 820 828 870 894 923 980
56.5587734242 47.6595744681 22 0 1 2 4 5 6 9 10 11 14 15 19 20 31 33 35 36 37 42 43 43 46 0 132 136 160 166 218 218 276 297 324 362 395 447 457 583 680 736 751 766 785 853 917
94.5485519591 40.1418439716 22 0 4 5 7 8 13 14 16 18 22 22 25 27 32 33 35 40 40 41 41 45 47 0 102 103 132 133 173 240 255 271 280 285 308 376 479 537 594 701 712 789 836 921 964
52.8109028961 38.7234042553 22 0 0 7 8 8 9 11 13 17 17 19 23 29 35 35 36 38 38 43 44 46 47 0 106 159 199 254 285 310 325 369 440 444 466 488 571 598 607 622 626 658 785 812 992
62.6916524702 47.2340425532 22 0 3 7 8 15 18 18 19 23 30 34 34 36 38 41 41 42 45 46 46 47 48 0 116 131 155 156 213 293 319 380 418 441 456 466 533 588 614 656 682 728 902 933 963
77.1720613288 38.865248227 22 0 2 11 12 13 19 20 20 23 26 26 26 31 32 33 34 35 36 38 38 41 46 0 102 109 152 204 217 223 232 275 302 312 368 474 548 602 631 644 778 811 903 915 981
45.996592845 36.5957446809 22 0 6 9 12 16 20 22 22 23 28 30 30 30 32 35 38 39 45 45 47 47 49 0 0 200 204 272 279 297 368 377 436 455 661 705 753 761 763 783 804 830 853 890 994
73.594548552 47.9432624113 22 0 0 0 0 6 6 16 17 18 19 20 25 28 32 39 40 40 46 46 46 47 48 0 119 119 141 225 236 248 252 309 316 379 381 383 437 456 522 581 742 879 886 905 924
56.3884156729 39.0070921986 22 0 2 11 13 13 17 17 22 22 26 26 29 30 30 32 33 33 35 40 42 45 46 0 0 238 315 319 333 371 379 394 534 691 724 738 754 767 780 833 857 879 903 918 943
63.0323679727 52.9078014184 22 0 0 5 11 11 11 11 12 16 18 18 19 21 24 25 25 27 29 32 38 45 46 0 136 162 235 272 306 366 426 452 499 551 553 572 594 619 660 719 839 901 920 926 947
67.8023850085 49.0780141844 22 0 0 1 2 3 7 9 10 11 12 17 20 25 29 32 33 34 43 45 46 46 49 0 0 203 219 241 267 274 436 448 452 528 584 632 647 684 717 743 849 878 891 919 960
30.66439523 38.2978723404 22 0 2 4 6 8 10 15 22 26 31 33 33 34 35 36 37 37 40 44 44 49 49 0 202 382 425 449 565 578 589 624 631 760 798 834 836 867 888 908 912 913 921 942 969
49.2333901193 57.1631205674 22 0 2 3 4 7 16 18 25 26 30 30 31 35 36 39 40 42 42 43 44 47 47 0 150 155 189 282 304 383 389 403 414 425 436 488 497 516 627 642 691 778 966 974 985
39.863713799 45.8156028369 22 0 3 3 9 13 14 17 19 24 26 27 28 29 29 30 33 35 35 41 42 44 46 0 0 142 175 180 201 232 243 380 526 527 587 612 623 630 659 686 719 773 833 976 998
46.5076660988 48.3687943262 22 0 0 1 2 4 4 9 10 10 14 16 18 27 30 32 36 39 41 44 46 46 48 0 106 131 147 164 178 200 292 302 305 320 416 471 485 493 512 632 645 739 841 953 964
58.262350937 32.7659574468 22 0 1 12 13 15 17 17 17 18 20 22 23 24 26 28 32 33 35 40 43 47 48 0 101 102 189 447 500 504 538 601 603 609 675 690 691 748 786 794 866 877 905 917 952
37.4787052811 49.3617021277 22 0 2 6 7 9 12 13 18 24 27 36 38 38 39 39 40 40 42 44 47 47 49 0 108 190 195 220 221 238 278 279 294 349 493 493 544 562 571 592 626 639 668 773 820
37.4787052811 57.0212765957 22 0 0 5 9 10 11 12 12 14 21 23 26 27 31 33 35 37 38 39 42 43 49 0 0 126 129 135 150 155 355 452 477 485 612 613 619 619 664 718 743 764 804 942 949
56.7291311755 35.1773049645 22 0 4 4 7 7 12 12 16 17 20 24 25 30 32 34 42 43 44 47 47 48 48 0 148 204 276 279 312 345 410 444 449 481 505 734 768 789 853 913 932 939 946 964 985
74.2759795571 28.9361702128 22 0 1 3 4 11 14 16 19 20 20 20 22 23 27 37 37 40 41 43 45 46 49 0 0 158 162 189 199 284 319 334 518 537 570 614 628 681 716 800 885 888 934 938 988
44.804088586 51.3475177305 22 0 0 1 3 3 9 9 10 11 12 14 18 18 21 24 34 40 43 44 46 46 48 0 133 174 209 212 212 269 331 377 525 548 580 586 610 625 655 696 732 785 793 850 913
39.1822827939 46.2411347518 22 0 0 4 5 7 8 12 13 15 17 17 17 19 19 26 30 35 37 37 38 38 44 0 117 142 208 210 220 231 258 351 435 557 577 608 656 672 693 699 702 704 754 796 927
69.33560477 42.8368794326 22 0 2 3 5 6 13 16 21 21 22 22 27 27 27 28 28 29 30 33 42 45 46 0 0 204 243 287 300 336 341 360 417 452 518 525 642 642 770 799 861 861 877 909 915
58.7734241908 54.1843971631 22 0 3 6 6 10 10 13 16 17 22 30 31 34 38 40 41 41 45 46 47 49 49 0 0 173 218 286 308 310 313 316 366 443 524 526 540 647 679 702 760 808 836 859 935
78.3645655877 57.0212765957 22 0 3 4 4 5 6 8 8 8 10 10 11 13 15 20 21 25 30 34 40 44 49 0 107 174 178 283 472 546 630 647 694 710 726 732 740 768 780 805 842 855 865 907 946
66.7802385009 44.1134751773 22 0 1 2 3 4 6 6 13 13 13 14 15 17 23 25 27 30 31 39 42 43 49 0 202 246 380 390 391 404 413 445 473 501 556 605 606 622 628 663 746 802 820 839 859
24.7018739353 60.4255319149 22 0 0 0 4 8 15 15 17 18 23 25 27 28 33 35 35 35 40 43 45 46 48 0 0 116 224 295 394 428 499 553 575 671 676 709 743 785 791 794 808 811 835 931 964
58.262350937 52.6241134752 22 0 0 6 7 8 11 13 17 17 22 30 32 34 36 36 44 46 48 49 49 49 49 0 0 136 217 260 361 517 534 541 545 617 744 795 853 861 864 872 900 909 941 958 977
66.9505962521 47.0921985816 22 0 3 8 10 11 11 12 13 19 19 19 24 27 29 30 39 39 41 43 44 49 49 0 0 236 241 253 322 353 370 380 461 578 580 632 644 669 707 770 811 848 962 980 996
15.8432708688 21.8439716312 22 0 4 5 6 8 9 10 10 13 14 17 21 26 30 34 35 35 40 42 44 45 49 0 192 213 217 355 360 460 464 465 497 523 529 556 581 614 672 702 834 864 922 943 985
75.8091993186 51.2056737589 22 0 3 4 5 10 13 14 14 15 17 18 22 23 24 27 35 36 36 40 43 46 48 0 184 256 270 284 292 310 324 385 410 479 493 616 656 662 673 691 805 830 933 953 955
52.2998296422 50.4964539007 22 0 6 15 15 16 18 18 18 22 23 24 31 33 34 34 35 36 38 41 46 48 49 0 189 201 321 406 418 455 500 526 541 595 615 678 680 691 712 715 721 827 902 924 944
30.1533219761 45.1063829787 22 0 3 3 7 9 10 13 15 19 21 22 23 24 32 33 36 37 40 40 41 44 46 0 0 111 114 168 168 180 187 261 286 453 460 516 566 576 619 635 640 674 791 857 909
27.9386712095 38.7234042553 22 0 0 0 1 4 6 11 19 21 21 26 27 28 29 32 36 36 41 43 43 45 48 0 131 167 206 263 301 341 428 431 534 613 643 646 744 761 825 834 861 873 899 976 998
60.9880749574 55.6028368794 22 0 2 5 8 8 9 12 12 15 20 22 23 23 25 27 31 34 36 37 39 49 49 0 123 211 266 300 329 352 419 434 521 616 650 691 745 777 779 812 819 833 851 907 931
66.269165247 48.5106382979 22 0 4 4 10 20 22 31 33 33 33 33 34 36 36 41 42 42 45 45 46 48 48 0 0 170 255 299 334 361 376 421 570 638 677 704 750 835 847 907 955 978 993 995 999
34.5826235094 49.5035460993 22 0 0 2 7 11 14 16 17 17 18 18 19 20 21 24 26 26 28 31 38 40 45 0 0 146 275 346 357 418 527 621 630 667 716 727 752 757 862 866 893 911 925 955 991
51.4480408859 49.3617021277 22 0 0 2 3 5 6 6 6 7 12 12 13 16 16 22 26 34 37 37 40 46 47 0 218 231 251 336 348 353 389 414 419 427 430 434 449 536 538 566 709 731 773 819 940
77.6831345826 65.8156028369 22 0 0 2 7 9 10 10 10 10 11 18 28 29 33 36 41 41 41 41 42 47 48 0 118 158 201 248 295 376 384 393 423 512 521 530 541 551 734 739 796 870 870 876 977
72.7427597956 25.9574468085 22 0 0 2 3 4 5 6 6 9 9 15 15 17 20 36 37 38 38 45 46 47 48 0 0 125 153 201 220 249 315 329 379 400 423 425 464 597 694 790 807 838 952 957 960
55.0255536627 36.170212766 22 0 0 6 12 15 16 16 22 24 25 26 27 27 28 29 34 36 38 39 44 45 46 0 144 182 217 224 284 405 417 477 497 555 576 580 639 681 724 791 796 810 833 837 848
16.6950596252 56.5957446809 22 0 1 8 11 16 17 19 19 20 31 32 33 34 38 40 43 44 44 44 45 46 49 0 240 263 291 293 397 420 479 542 544 618 695 737 758 787 853 869 883 934 965 981 985
39.1822827939 20.7092198582 22 0 4 5 6 16 18 19 19 23 23 24 25 28 29 31 35 37 38 41 42 45 49 0 0 105 106 116 159 250 316 337 437 442 487 525 538 572 580 638 645 677 729 767 790
50.936967632 25.2482269504 22 0 3 6 6 9 9 15 21 23 24 26 27 29 29 33 33 36 38 38 41 43 48 0 209 217 245 258 291 332 420 433 500 506 534 550 730 761 812 840 872 927 937 937 968
54.003407155 29.7872340426 22 0 5 6 8 8 13 14 14 17 19 24 26 28 29 31 35 38 38 44 48 49 49 0 134 190 195 275 316 349 414 439 485 526 585 651 672 733 735 736 751 787 820 861 953
49.5741056218 23.2624113475 22 0 0 1 2 2 5 6 12 15 21 23 24 24 25 27 31 33 34 39 40 45 46 0 0 109 191 202 221 226 258 274 404 420 425 425 447 593 672 693 775 865 880 910 962
63.8841567291 19.8581560284 22 0 1 1 5 7 12 16 20 20 20 24 24 24 26 27 30 31 33 34 36 38 42 0 162 195 203 284 319 395 405 422 441 443 525 554 555 563 609 642 738 792 804 879 938
60.136286201 28.6524822695 22 0 2 6 9 13 16 17 19 21 22 23 23 32 33 35 40 42 43 46 48 49 49 0 150 168 184 209 215 364 457 470 477 533 551 578 691 705 839 852 920 935 949 968 982
67.1209540034 61.2765957447 22 0 2 5 6 6 7 14 17 17 17 18 23 26 29 34 36 37 43 43 43 48 49 0 225 247 271 308 338 370 382 415 417 455 484 542 554 586 614 620 663 842 868 963 976
47.0187393526 38.5815602837 22 0 1 2 3 10 12 14 15 15 17 17 20 23 25 29 30 33 39 40 41 45 48 0 151 152 286 310 321 368 405 494 519 582 665 769 776 866 933 943 969 979 986 986 997
100.0 57.5886524823 22 0 2 7 8 10 14 15 16 18 21 21 25 27 28 31 31 32 32 34 34 35 36 0 143 258 338 405 461 492 504 508 580 603 633 681 684 718 730 768 782 834 839 852 854
54.3441226576 45.9574468085 22 0 1 6 9 11 16 19 23 25 25 25 26 26 30 31 31 35 41 43 46 47 48 0 134 199 208 234 248 347 371 393 399 415 509 512 518 539 541 677 707 849 852 871 899
31.5161839864 43.1205673759 22 0 0 0 1 5 9 11 13 14 16 17 19 21 29 30 31 36 39 40 41 44 45 0 113 152 164 293 296 431 447 535 541 551 556 557 561 578 606 617 732 768 841 932 970
38.1601362862 54.609929078 22 0 0 0 1 5 7 8 11 12 13 13 17 18 25 31 37 39 43 47 48 49 49 0 133 222 233 267 278 286 319 402 412 428 443 448 475 586 590 598 669 707 795 813 898
73.2538330494 20.5673758865 22 0 2 8 9 12 13 13 15 18 24 26 27 28 29 29 33 36 37 39 41 43 49 0 0 125 135 168 171 224 242 318 339 372 418 485 521 545 548 560 616 619 798 956 972
61.8398637138 46.8085106383 22 0 2 2 5 10 12 12 15 16 17 18 26 27 34 37 39 40 42 44 45 48 49 0 102 140 147 201 210 263 512 561 577 592 616 656 661 735 801 846 887 889 953 971 985
57.2402044293 35.1773049645 22 0 6 11 11 11 13 14 21 21 25 26 29 31 31 32 35 40 40 45 46 47 49 0 117 243 264 306 385 389 508 573 574 660 688 690 718 765 798 803 863 898 968 972 992
62.8620102215 39.7163120567 22 0 7 7 8 9 11 11 15 24 28 29 31 32 33 36 38 39 42 44 44 49 49 0 134 237 258 266 408 421 443 475 597 600 604 604 698 764 769 770 879 933 933 941 986
47.3594548552 32.0567375887 22 0 3 6 7 8 10 22 26 26 31 32 34 34 38 40 42 43 44 45 46 47 47 0 102 159 208 264 277 279 295 410 446 454 460 479 597 642 658 719 729 802 812 824 904
32.8790459966 28.5106382979 22 0 1 4 6 7 10 10 11 13 16 18 18 21 23 26 26 27 30 34 45 46 48 0 120 156 182 266 288 356 362 450 459 460 570 572 584 611 647 715 737 866 925 949 986
64.9063032368 48.6524822695 22 0 3 5 6 11 15 19 22 24 25 25 26 29 33 34 34 42 43 44 47 48 48 0 150 200 203 204 214 236 282 336 368 405 498 542 661 713 760 817 870 883 902 961 970
44.804088586 36.170212766 22 0 1 3 7 8 9 10 11 18 19 23 32 38 39 39 40 43 44 45 46 46 47 0 0 152 207 327 333 357 359 449 453 485 516 595 602 613 648 677 692 747 844 932 992
52.8109028961 20.1418439716 22 0 3 3 6 9 9 11 12 17 20 22 26 31 31 33 36 38 40 42 42 43 43 0 0 114 169 197 214 333 351 456 488 500 532 587 709 743 787 814 844 859 868 984 993
40.7155025554 59.4326241135 22 0 4 5 5 5 7 8 9 13 14 19 21 23 26 28 33 40 43 43 47 48 49 0 0 179 273 293 308 450 555 568 608 658 663 673 698 711 753 782 815 884 885 891 935
60.4770017036 20.2836879433 22 0 5 7 7 11 15 20 21 21 23 24 24 27 29 33 34 39 45 45 46 47 48 0 106 137 154 168 171 256 377 414 488 583 596 602 646 698 708 735 857 909 911 913 935
87.9045996593 51.2056737589 22 0 1 4 5 9 9 11 14 16 18 24 25 28 34 39 40 40 42 43 44 45 47 0 0 124 137 195 206 225 256 305 317 322 520 590 692 712 768 797 823 854 866 898 959
57.5809199319 44.2553191489 22 0 0 3 9 14 15 16 17 18 21 22 26 28 28 28 29 32 32 35 38 39 40 0 178 310 330 370 403 426 428 543 545 556 603 620 641 672 679 681 701 704 780 933 950
28.7904599659 23.829787234 22 0 0 1 6 7 8 9 12 13 13 19 22 26 26 27 28 28 29 30 42 43 44 0 118 119 154 197 198 276 281 328 330 379 384 656 669 699 742 776 787 806 841 878 921
24.531516184 56.170212766 22 0 0 2 3 5 10 12 12 14 20 23 25 27 31 35 35 36 38 39 43 47 47 0 0 166 293 402 434 441 458 500 550 615 634 660 703 711 713 727 879 879 882 965 991
51.1073253833 29.7872340426 22 0 2 10 14 16 16 17 22 25 27 27 31 38 38 39 40 41 42 42 45 46 48 0 116 141 202 274 355 384 417 433 443 532 554 640 684 723 727 743 749 897 937 956 978
65.5877342419 53.7588652482 22 0 3 5 12 14 15 17 18 23 24 24 24 26 28 28 29 30 32 36 38 42 45 0 119 144 170 178 180 193 197 219 225 342 360 395 400 657 678 885 946 972 976 978 985
56.3884156729 49.9290780142 22 0 3 4 4 7 8 9 9 14 14 15 15 16 22 28 32 33 34 40 40 42 47 0 206 214 273 321 370 413 477 487 614 672 694 694 771 801 883 907 913 963 973 980 996
38.3304940375 43.2624113475 22 0 0 0 3 7 10 12 13 14 14 15 16 17 20 27 29 30 30 30 30 31 47 0 192 254 258 269 436 474 567 587 587 589 609 719 763 812 821 828 903 961 973 983 986
0.0 52.6241134752 22 0 3 7 11 11 12 22 22 26 26 27 28 30 36 39 41 41 44 46 47 47 49 0 162 196 201 217 279 375 392 433 436 444 619 669 686 712 727 741 747 754 914 949 982
84.8381601363 40.8510638298 22 0 1 6 7 16 19 20 20 23 24 25 26 29 32 33 34 34 37 39 41 42 48 0 192 222 238 290 344 350 353 365 476 479 542 649 724 776 806 828 839 841 858 920 940
34.7529812606 44.5390070922 22 0 2 3 3 3 4 5 7 11 11 12 20 23 25 27 29 31 32 35 39 44 47 0 138 209 215 232 236 447 450 459 502 528 541 550 555 578 595 610 660 664 747 858 991
31.5161839864 27.0921985816 22 0 1 9 11 19 21 25 28 28 28 32 33 33 35 41 42 44 45 46 48 48 48 0 112 181 219 259 267 282 310 326 412 475 529 571 572 607 624 642 671 724 736 777 914
38.8415672913 42.9787234043 22 0 5 7 7 8 8 12 15 15 16 22 24 26 28 34 35 38 39 41 45 46 47 0 123 134 147 168 170 329 346 358 364 492 529 541 549 576 659 701 784 841 906 937 943
35.0936967632 62.9787234043 22 0 2 2 16 16 19 20 21 22 26 26 28 29 34 34 34 36 38 41 43 45 48 0 204 210 216 403 453 541 624 633 673 695 772 797 811 813 818 827 834 882 935 969 989
67.1209540034 45.2482269504 22 0 8 11 12 17 22 23 25 25 27 28 34 37 38 40 43 44 46 46 47 47 49 0 158 187 203 209 304 340 371 374 406 409 417 520 544 625 631 635 656 659 710 876 917
55.7069846678 15.1773049645 22 0 2 8 12 17 18 18 20 23 25 26 28 30 34 40 44 44 44 48 49 49 49 0 155 163 215 233 273 301 366 405 520 578 579 579 627 639 704 777 808 808 923 929 994
319
87.1428571429 44.8905109489 6
50.0 40.1459854015 9
37.7551020408 64.0510948905 8
80.0 10.0364963504 9
31.0204081633 25.0 5
48.7755102041 31.3868613139 6
31.8367346939 52.7372262774 1
28.9795918367 65.5109489051 2
42.2448979592 62.5912408759 6
67.3469387755 53.102189781 2
62.6530612245 84.6715328467 4
59.5918367347 41.6058394161 5
44.4897959184 76.2773722628 9
42.4489795918 54.5620437956 9
87.3469387755 33.3941605839 3
52.8571428571 33.0291970803 2
27.3469387755 38.503649635 2
74.4897959184 82.8467153285 7
51.0204081633 16.7883211679 5
34.4897959184 62.0437956204 7
32.0408163265 39.2335766423 5
32.0408163265 20.2554744526 5
34.693877551 44.5255474453 3
35.9183673469 19.1605839416 9
28.1632653061 49.8175182482 2
62.4489795918 49.8175182482 1
46.7346938776 34.8540145985 7
12.8571428571 36.8613138686 9
31.0204081633 51.8248175182 5
36.9387755102 29.9270072993 3
69.1836734694 76.0948905109 9
65.5102040816 67.8832116788 4
39.5918367347 27.7372262774 8
39.5918367347 66.4233576642 2
63.0612244898 0.0 3
36.7346938776 72.9927007299 1
58.5714285714 41.7883211679 9
37.3469387755 51.2773722628 3
27.1428571429 35.2189781022 8
1.83673469388 59.6715328467 1
40.0 34.1240875912 6
64.4897959184 16.7883211679 7
46.1224489796 56.0218978102 9
46.5306122449 50.5474452555 2
36.5306122449 80.2919708029 6
0.0 62.7737226277 1
27.7551020408 8.02919708029 2
57.3469387755 57.1167883212 2
45.5102040816 58.2116788321 5
25.5102040816 39.0510948905 6
84.4897959184 23.3576642336 4
34.4897959184 64.4160583942 7
49.5918367347 37.5912408759 4
38.7755102041 95.802919708 9
23.0612244898 56.9343065693 9
10.4081632653 62.7737226277 6
38.7755102041 31.3868613139 2
18.7755102041 19.7080291971 9
31.8367346939 60.7664233577 9
58.7755102041 56.5693430657 1
77.7551020408 46.7153284672 4
76.3265306122 54.5620437956 6
37.5510204082 75.5474452555 6
34.8979591837 58.3941605839 2
61.0204081633 48.9051094891 2
44.0816326531 41.0583941606 1
26.3265306122 50.3649635036 4
70.0 59.1240875912 4
53.4693877551 45.6204379562 2
24.693877551 7.29927007299 2
58.3673469388 54.7445255474 5
31.0204081633 37.5912408759 9
43.4693877551 56.5693430657 2
28.7755102041 66.2408759124 3
37.9591836735 28.102189781 8
24.693877551 45.0729927007 2
42.8571428571 52.9197080292 3
25.5102040816 40.1459854015 2
67.7551020408 28.4671532847 5
53.2653061224 42.3357664234 4
12.4489795918 42.700729927 5
55.1020408163 16.4233576642 6
41.2244897959 27.9197080292 1
51.2244897959 78.4671532847 2
56.1224489796 43.4306569343 4
22.8571428571 40.5109489051 8
65.306122449 62.2262773723 4
57.9591836735 42.5182481752 5
80.4081632653 21.897810219 1
79.1836734694 37.5912408759 3
17.1428571429 38.1386861314 8
47.3469387755 48.7226277372 1
23.2653061224 59.3065693431 4
71.2244897959 30.6569343066 3
43.4693877551 25.0 6
38.5714285714 37.9562043796 1
68.3673469388 52.0072992701 9
64.4897959184 29.9270072993 3
77.1428571429 32.8467153285 7
31.4285714286 4.74452554745 7
32.2448979592 19.7080291971 4
44.4897959184 50.5474452555 3
56.1224489796 33.3941605839 3
51.8367346939 49.8175182482 2
69.387755102 48.9051094891 2
53.2653061224 36.496350365 3
63.2653061224 51.6423357664 7
76.7346938776 87.9562043796 1
23.6734693878 56.3868613139 8
38.5714285714 39.7810218978 9
41.0204081633 29.5620437956 7
43.4693877551 51.6423357664 6
40.2040816327 26.4598540146 2
16.5306122449 35.9489051095 8
62.4489795918 65.6934306569 9
30.8163265306 46.897810219 8
52.0408163265 56.3868613139 6
69.7959183673 71.3503649635 6
71.2244897959 15.1459854015 1
54.0816326531 44.5255474453 8
48.7755102041 32.4817518248 7
58.1632653061 29.7445255474 3
37.9591836735 68.795620438 6
79.7959183673 44.7080291971 6
79.5918367347 72.9927007299 4
43.2653061224 27.7372262774 8
55.7142857143 51.2773722628 6
47.3469387755 59.3065693431 1
41.2244897959 67.700729927 9
28.3673469388 29.7445255474 7
68.3673469388 72.0802919708 1
61.0204081633 64.9635036496 1
92.6530612245 32.299270073 8
38.5714285714 54.3795620438 5
66.5306122449 71.5328467153 6
46.9387755102 55.1094890511 7
60.2040816327 41.0583941606 2
25.5102040816 52.0072992701 4
41.0204081633 41.4233576642 2
24.2857142857 84.6715328467 8
46.1224489796 39.9635036496 3
68.1632653061 63.1386861314 6
33.4693877551 31.3868613139 2
29.5918367347 54.3795620438 4
55.5102040816 45.9854014599 3
23.6734693878 53.8321167883 7
23.0612244898 47.0802919708 6
43.8775510204 46.3503649635 8
68.3673469388 100.0 8
32.4489795918 49.4525547445 5
7.55102040816 65.3284671533 6
68.3673469388 54.197080292 4
76.1224489796 40.5109489051 3
86.7346938776 46.1678832117 4
48.9795918367 64.7810218978 6
44.4897959184 42.5182481752 4
41.4285714286 51.4598540146 8
49.387755102 81.7518248175 4
46.3265306122 45.9854014599 4
24.0816326531 63.3211678832 3
30.0 36.1313868613 7
50.2040816327 65.5109489051 6
30.2040816327 29.3795620438 6
34.2857142857 54.9270072993 1
33.2653061224 50.7299270073 5
67.5510204082 34.8540145985 1
43.4693877551 12.9562043796 1
84.693877551 54.0145985401 3
37.5510204082 37.4087591241 2
65.5102040816 66.2408759124 8
46.3265306122 11.3138686131 1
42.6530612245 37.9562043796 3
38.9795918367 47.0802919708 6
63.0612244898 42.8832116788 7
75.1020408163 58.9416058394 6
66.9387755102 54.5620437956 2
37.7551020408 32.1167883212 2
62.0408163265 18.0656934307 6
70.612244898 36.3138686131 4
40.612244898 31.0218978102 2
51.0204081633 38.503649635 6
54.2857142857 41.9708029197 9
44.8979591837 48.9051094891 3
47.7551020408 66.4233576642 9
49.1836734694 78.6496350365 6
50.8163265306 39.7810218978 7
38.7755102041 23.7226277372 7
36.7346938776 67.700729927 1
57.9591836735 45.9854014599 6
24.4897959184 30.4744525547 9
66.7346938776 47.8102189781 6
42.4489795918 43.4306569343 8
57.9591836735 33.5766423358 5
40.0 20.6204379562 2
51.4285714286 38.8686131387 9
59.1836734694 54.197080292 6
46.7346938776 41.6058394161 2
52.4489795918 50.9124087591 4
48.7755102041 51.8248175182 9
47.9591836735 58.5766423358 6
72.2448979592 56.9343065693 5
36.5306122449 61.6788321168 4
28.1632653061 65.8759124088 1
44.8979591837 59.4890510949 5
37.5510204082 52.0072992701 5
2.65306122449 59.6715328467 1
61.0204081633 36.1313868613 6
41.6326530612 24.4525547445 9
20.612244898 42.8832116788 3
73.2653061224 67.3357664234 8
17.5510204082 38.6861313869 8
32.2448979592 42.3357664234 9
80.2040816327 51.4598540146 6
5.51020408163 60.401459854 8
67.9591836735 62.2262773723 3
37.7551020408 57.6642335766 3
50.4081632653 60.401459854 6
18.3673469388 31.0218978102 3
43.8775510204 26.2773722628 1
56.1224489796 55.8394160584 6
35.9183673469 59.1240875912 6
61.4285714286 45.6204379562 7
62.6530612245 56.7518248175 3
41.0204081633 37.9562043796 3
39.1836734694 32.8467153285 1
19.387755102 32.8467153285 9
72.6530612245 46.7153284672 5
40.4081632653 41.2408759124 4
50.2040816327 60.401459854 5
38.3673469388 44.5255474453 4
41.8367346939 95.802919708 1
54.693877551 38.6861313869 3
55.5102040816 81.3868613139 5
60.2040816327 23.9051094891 9
82.2448979592 67.8832116788 1
48.1632653061 46.897810219 9
65.7142857143 46.1678832117 9
44.2857142857 35.401459854 6
30.2040816327 56.3868613139 2
73.0612244898 27.7372262774 7
33.8775510204 68.795620438 5
58.5714285714 22.0802919708 9
32.0408163265 71.7153284672 2
53.4693877551 45.9854014599 4
65.1020408163 65.6934306569 8
40.4081632653 39.0510948905 1
65.306122449 62.2262773723 3
87.9591836735 64.4160583942 7
34.4897959184 18.2481751825 4
51.4285714286 45.802919708 1
49.5918367347 64.4160583942 4
51.2244897959 5.65693430657 1
25.306122449 42.700729927 5
86.9387755102 52.5547445255 5
58.5714285714 53.2846715328 2
53.4693877551 26.4598540146 5
34.8979591837 42.700729927 4
67.3469387755 18.6131386861 9
95.5102040816 22.9927007299 4
57.7551020408 75.3649635036 7
62.0408163265 41.4233576642 6
47.7551020408 67.8832116788 3
84.693877551 69.3430656934 2
25.306122449 42.1532846715 6
16.7346938776 50.3649635036 2
40.8163265306 53.102189781 5
41.2244897959 39.2335766423 2
44.693877551 29.3795620438 3
60.8163265306 37.7737226277 7
40.0 50.7299270073 8
55.9183673469 55.8394160584 9
14.2857142857 33.9416058394 7
28.9795918367 70.4379562044 8
36.9387755102 51.2773722628 7
13.2653061224 54.5620437956 4
30.4081632653 47.6277372263 3
71.6326530612 59.6715328467 7
10.4081632653 2.9197080292 7
61.6326530612 52.9197080292 1
15.5102040816 55.8394160584 3
34.2857142857 71.3503649635 9
90.2040816327 81.0218978102 8
47.9591836735 40.1459854015 8
50.8163265306 54.197080292 6
31.8367346939 2.1897810219 8
24.0816326531 43.4306569343 6
3.87755102041 39.7810218978 7
10.0 51.8248175182 3
14.693877551 66.2408759124 5
48.3673469388 37.2262773723 1
33.8775510204 73.3576642336 1
25.7142857143 40.8759124088 1
41.2244897959 46.3503649635 5
73.0612244898 45.4379562044 4
60.0 63.6861313869 9
46.9387755102 29.0145985401 5
57.3469387755 79.9270072993 9
77.1428571429 20.2554744526 8
31.2244897959 44.7080291971 5
46.1224489796 46.5328467153 3
80.612244898 62.9562043796 9
49.387755102 81.204379562 3
34.0816326531 79.9270072993 2
27.1428571429 22.2627737226 6
50.2040816327 25.0 3
75.306122449 64.0510948905 2
28.9795918367 45.2554744526 3
42.2448979592 24.6350364964 1
48.5714285714 45.4379562044 8
77.5510204082 41.9708029197 7
28.9795918367 66.4233576642 4
47.5510204082 58.3941605839 7
12.6530612245 66.9708029197 5
100.0 37.4087591241 3
45.306122449 75.5474452555 4
48.1632653061 52.5547445255 4
40.612244898 28.4671532847 7
31.2244897959 47.0802919708 9
56.7346938776 32.299270073 4
