56
47.8991596639 41.3865546218 11 0 2 6 8 14 18 30 33 37 39 47 0 359 450 621 631 665 748 756 809 844 939
25.4901960784 27.1008403361 11 0 6 12 15 18 23 24 25 46 49 49 0 181 212 248 351 520 703 710 786 856 989
74.7899159664 73.3193277311 11 0 0 5 12 14 18 27 33 35 36 43 0 129 340 499 523 671 830 885 902 940 981
75.6302521008 57.5630252101 11 0 5 9 10 13 14 21 25 29 33 49 0 0 105 125 256 453 594 599 650 949 972
89.0756302521 72.4789915966 11 0 2 6 7 9 11 12 27 30 32 44 0 0 264 300 352 354 415 721 818 872 979
68.6274509804 44.3277310924 11 0 4 7 9 16 31 38 38 39 40 41 0 133 363 412 494 625 654 872 899 949 980
63.025210084 41.3865546218 11 0 1 2 9 10 12 15 22 22 32 37 0 116 137 236 302 303 366 605 647 688 886
37.2549019608 0.0 11 0 4 6 8 9 16 16 17 34 35 40 0 108 204 231 238 309 377 399 434 613 705
52.6610644258 50.2100840336 11 0 0 8 9 10 18 28 31 31 39 43 0 302 377 386 468 529 551 585 713 825 981
21.568627451 40.756302521 11 0 12 14 18 20 31 34 35 42 45 47 0 122 126 345 404 464 501 784 812 816 878
54.3417366947 45.1680672269 11 0 1 3 5 7 17 19 23 31 46 47 0 134 136 165 374 381 391 479 510 552 659
52.6610644258 64.2857142857 11 0 0 3 8 13 26 28 30 33 38 41 0 191 592 605 699 709 753 784 934 938 985
60.7843137255 59.243697479 11 0 2 5 5 19 19 24 28 41 41 48 0 207 359 374 380 410 467 706 745 844 940
11.2044817927 60.0840336134 11 0 12 18 18 18 19 22 22 35 37 40 0 0 281 463 473 481 601 612 712 721 728
43.9775910364 75.6302521008 11 0 6 10 14 19 26 27 29 32 38 44 0 102 153 205 316 361 458 481 488 660 866
74.5098039216 46.4285714286 11 0 4 15 19 20 33 34 42 44 44 45 0 169 197 459 517 553 588 751 788 861 919
75.6302521008 65.9663865546 11 0 0 13 14 19 26 34 37 45 47 48 0 102 285 381 399 431 658 779 830 835 915
16.2464985994 60.9243697479 11 0 1 3 10 13 24 28 30 39 41 43 0 115 288 421 608 615 627 641 748 785 990
26.8907563025 50.2100840336 11 0 3 3 3 5 9 11 33 37 44 45 0 227 249 408 472 510 578 654 817 880 980
17.3669467787 21.6386554622 11 0 5 6 8 12 18 25 35 36 38 39 0 0 263 268 426 520 627 648 716 836 902
32.4929971989 43.9075630252 11 0 5 6 8 13 14 26 31 33 38 46 0 141 578 616 691 715 776 895 957 964 985
73.6694677871 81.512605042 11 0 2 6 6 14 18 18 21 30 33 45 0 267 313 362 409 455 482 542 588 658 764
41.4565826331 57.3529411765 11 0 7 10 13 17 17 19 26 38 38 40 0 100 296 297 352 447 551 580 710 742 982
53.781512605 49.7899159664 11 0 0 2 8 8 10 13 14 16 29 42 0 334 383 479 582 606 649 695 753 835 912
40.8963585434 29.2016806723 11 0 5 7 18 24 25 26 30 33 35 39 0 358 447 614 641 798 813 828 834 912 936
52.6610644258 42.0168067227 11 0 6 8 24 29 31 34 39 41 43 44 0 201 359 462 479 611 626 657 827 854 944
45.9383753501 18.487394958 11 0 5 15 18 18 21 24 30 35 36 48 0 0 108 165 421 632 633 795 825 943 959
19.8879551821 32.9831932773 11 0 0 4 8 8 9 24 30 31 38 46 0 0 314 337 343 431 688 721 930 953 979
88.5154061625 60.0840336134 11 0 4 10 18 23 23 29 31 38 42 43 0 0 256 312 334 437 458 479 636 827 948
22.4089635854 78.1512605042 11 0 8 10 13 19 22 33 37 43 47 48 0 271 357 383 399 543 576 686 758 779 810
31.0924369748 48.1092436975 11 0 1 15 23 26 27 35 41 41 44 49 0 0 164 193 235 295 381 435 538 728 817
43.137254902 65.5462184874 11 0 4 6 6 17 25 35 41 44 46 46 0 130 282 389 392 531 593 872 918 934 968
44.2577030812 45.1680672269 11 0 6 8 12 20 21 23 27 31 31 44 0 137 167 234 284 675 696 772 821 839 893
26.6106442577 68.9075630252 11 0 0 0 13 13 19 24 30 31 33 40 0 142 430 438 462 481 495 576 590 757 922
72.8291316527 45.7983193277 11 0 3 4 12 12 17 18 18 20 32 40 0 233 249 289 308 339 433 477 724 868 964
55.1820728291 45.1680672269 11 0 1 10 15 15 19 19 27 29 49 49 0 119 268 331 346 349 419 447 478 957 990
11.4845938375 58.4033613445 11 0 0 6 10 11 14 18 19 29 40 45 0 117 152 194 247 345 410 623 822 860 907
85.7142857143 83.1932773109 11 0 1 3 4 5 9 12 22 26 30 33 0 242 400 501 613 659 692 838 849 908 911
59.6638655462 100.0 11 0 10 13 17 20 22 23 29 32 38 44 0 0 320 456 491 641 685 823 870 890 916
41.1764705882 64.2857142857 11 0 5 15 15 15 21 26 29 31 35 39 0 0 204 269 330 586 752 806 892 988 996
35.0140056022 56.512605042 11 0 1 4 5 9 12 14 26 30 46 47 0 0 110 127 208 215 262 323 561 595 891
0.0 71.4285714286 11 0 2 2 3 7 8 10 11 16 37 47 0 0 124 155 373 466 693 707 831 926 934
39.2156862745 94.3277310924 11 0 2 7 25 37 41 43 43 44 48 49 0 104 427 457 467 469 477 545 591 717 972
36.6946778711 56.0924369748 11 0 9 15 15 17 18 21 22 24 40 44 0 177 342 356 365 401 563 640 726 938 995
96.918767507 60.0840336134 11 0 3 7 9 10 14 18 19 40 41 41 0 137 180 316 370 371 379 473 497 717 949
77.0308123249 55.4621848739 11 0 8 8 25 26 34 39 40 45 45 48 0 154 448 500 527 592 609 616 848 856 953
21.0084033613 74.1596638655 11 0 4 10 12 18 29 32 39 43 48 49 0 252 325 517 518 640 652 687 716 856 908
78.431372549 28.9915966387 11 0 5 16 26 28 32 39 41 44 45 46 0 123 218 345 539 585 604 822 834 971 972
47.3389355742 44.9579831933 11 0 7 8 10 11 15 21 24 38 49 49 0 0 405 405 540 652 691 829 830 869 880
27.731092437 59.243697479 11 0 0 1 3 5 6 13 16 17 19 23 0 214 267 347 376 395 472 500 602 688 728
51.8207282913 78.9915966387 11 0 3 4 6 11 16 19 22 38 43 46 0 139 256 267 288 379 664 838 845 893 970
11.4845938375 60.9243697479 11 0 3 4 6 8 13 18 22 30 35 42 0 174 175 182 221 254 255 452 620 763 838
17.9271708683 65.9663865546 11 0 0 24 26 28 32 36 38 39 40 46 0 172 198 333 396 427 648 657 725 795 959
56.3025210084 89.7058823529 11 0 1 10 19 20 28 29 30 33 35 42 0 0 100 137 166 525 665 674 777 896 979
37.2549019608 49.7899159664 11 0 4 7 8 8 12 22 25 32 33 42 0 131 132 186 236 320 551 628 866 905 947
100.0 70.7983193277 11 0 7 9 13 15 16 24 26 37 39 43 0 226 236 369 504 519 588 648 926 945 979
82
28.2511210762 41.9298245614 8
41.4798206278 32.2807017544 7
37.2197309417 61.0526315789 2
24.2152466368 46.4912280702 1
32.5112107623 56.8421052632 5
69.5067264574 81.7543859649 1
61.6591928251 36.1403508772 4
70.1793721973 20.701754386 4
100.0 52.1052631579 2
68.8340807175 35.2631578947 1
62.5560538117 46.6666666667 8
47.7578475336 31.5789473684 2
49.1031390135 37.3684210526 9
28.9237668161 64.2105263158 7
43.7219730942 21.0526315789 6
43.0493273543 30.350877193 3
1.79372197309 32.2807017544 7
53.8116591928 60.1754385965 3
46.4125560538 38.0701754386 7
26.6816143498 22.2807017544 3
80.0448430493 60.701754386 9
76.2331838565 46.3157894737 1
24.4394618834 30.0 1
4.03587443946 35.2631578947 3
50.6726457399 33.3333333333 8
36.7713004484 36.3157894737 3
49.5515695067 24.7368421053 7
32.735426009 100.0 8
37.2197309417 31.5789473684 5
29.5964125561 55.4385964912 1
75.33632287 21.0526315789 5
51.5695067265 48.2456140351 4
72.6457399103 28.0701754386 7
54.4843049327 61.5789473684 5
66.5919282511 64.3859649123 7
48.2062780269 24.2105263158 4
32.735426009 30.701754386 2
67.7130044843 18.2456140351 7
54.4843049327 48.2456140351 2
35.4260089686 34.7368421053 2
17.4887892377 17.5438596491 1
41.0313901345 33.3333333333 2
51.7937219731 32.9824561404 3
33.8565022422 59.298245614 1
53.8116591928 25.2631578947 2
67.0403587444 44.2105263158 1
70.8520179372 50.5263157895 4
72.869955157 30.8771929825 7
19.0582959641 11.0526315789 3
30.0448430493 55.0877192982 9
49.1031390135 67.1929824561 8
27.5784753363 19.8245614035 6
58.9686098655 46.6666666667 3
75.33632287 34.3859649123 5
84.5291479821 52.8070175439 8
70.8520179372 34.3859649123 7
80.9417040359 36.1403508772 8
47.7578475336 43.5087719298 5
79.8206278027 41.9298245614 1
58.9686098655 49.4736842105 6
56.5022421525 39.4736842105 7
66.5919282511 6.66666666667 8
42.600896861 33.5087719298 7
70.6278026906 1.75438596491 2
81.8385650224 22.4561403509 8
29.1479820628 48.9473684211 1
73.5426008969 0.0 4
73.5426008969 51.7543859649 5
0.0 38.9473684211 4
51.1210762332 22.8070175439 5
77.5784753363 43.3333333333 9
51.7937219731 36.3157894737 2
33.4080717489 17.7192982456 5
40.3587443946 35.6140350877 2
40.134529148 73.6842105263 5
63.2286995516 18.5964912281 9
43.2735426009 47.7192982456 6
56.9506726457 33.1578947368 5
45.5156950673 55.9649122807 8
94.1704035874 48.4210526316 7
48.4304932735 38.0701754386 7
38.7892376682 66.3157894737 3
