51
86.2694300518 45.8333333333 11 0 13 22 28 37 38 39 47 48 48 49 0 130 190 236 464 724 733 754 755 917 955
39.1191709845 50.7936507937 11 0 5 13 13 21 24 28 39 46 48 48 0 0 320 538 612 750 809 856 877 899 978
81.0880829016 48.4126984127 11 0 4 6 8 12 13 27 28 35 37 45 0 0 120 259 481 560 724 763 848 893 990
33.4196891192 93.0555555556 11 0 4 6 7 9 14 32 35 36 40 47 0 186 194 322 527 577 713 727 772 789 851
42.7461139896 57.3412698413 11 0 0 3 6 10 17 18 20 28 31 35 0 0 126 296 553 612 615 646 705 734 844
48.1865284974 39.4841269841 11 0 0 1 3 7 12 22 24 33 33 42 0 114 143 184 348 560 604 611 620 708 782
74.3523316062 56.5476190476 11 0 0 15 15 21 22 29 31 38 39 48 0 109 142 207 284 437 672 691 791 822 836
40.932642487 33.7301587302 11 0 1 1 3 3 15 27 36 39 39 47 0 162 340 364 546 572 604 681 888 901 994
36.5284974093 70.4365079365 11 0 5 8 9 11 20 25 37 39 49 49 0 236 283 528 541 665 681 688 824 927 967
21.2435233161 39.4841269841 11 0 10 11 12 17 18 22 28 33 38 42 0 249 386 462 464 569 651 706 847 952 983
62.9533678756 58.7301587302 11 0 5 5 14 16 19 37 41 42 44 44 0 158 251 402 424 512 538 719 753 830 969
43.0051813472 31.9444444444 11 0 7 22 23 29 35 39 40 46 47 48 0 0 196 207 364 422 425 593 688 748 791
47.1502590674 69.0476190476 11 0 2 5 18 21 21 26 28 35 35 38 0 136 244 301 385 389 546 570 709 777 828
92.7461139896 42.6587301587 11 0 4 8 14 16 16 16 26 32 33 35 0 0 143 270 339 516 609 639 666 756 829
74.3523316062 55.3571428571 11 0 4 11 15 18 21 28 28 37 45 45 0 165 228 367 674 750 761 786 803 858 940
27.7202072539 0.0 11 0 4 6 10 22 26 28 33 36 36 39 0 0 127 265 559 627 662 869 875 879 925
48.1865284974 41.8650793651 11 0 7 9 13 15 21 22 22 29 31 46 0 0 474 498 713 732 805 821 829 845 956
73.8341968912 72.0238095238 11 0 0 0 1 4 5 8 12 17 44 48 0 147 286 362 488 575 588 640 715 737 853
63.9896373057 30.9523809524 11 0 4 12 26 33 34 34 38 39 41 44 0 100 260 388 482 626 692 780 968 983 988
76.1658031088 43.0555555556 11 0 3 6 9 11 16 18 26 34 40 48 0 546 588 591 622 623 661 672 711 833 887
96.8911917098 53.1746031746 11 0 2 10 14 15 23 34 44 45 46 48 0 0 251 304 330 407 437 540 589 793 954
5.9585492228 38.6904761905 11 0 3 3 4 24 28 30 32 33 36 41 0 335 363 406 452 601 706 757 793 878 918
71.5025906736 64.4841269841 11 0 26 29 30 36 38 43 45 48 48 48 0 104 148 175 210 241 374 434 789 835 984
67.6165803109 32.9365079365 11 0 9 15 21 23 28 32 34 42 43 45 0 140 251 500 510 625 670 688 791 807 954
0.0 54.3650793651 11 0 2 9 10 18 26 33 35 36 43 44 0 142 201 250 335 412 509 588 648 710 846
61.3989637306 41.0714285714 11 0 3 5 7 10 11 29 32 38 41 43 0 0 249 314 367 438 590 613 710 855 966
100.0 32.3412698413 11 0 0 2 3 10 14 14 23 30 37 41 0 253 281 307 388 478 480 562 803 840 892
52.8497409326 51.5873015873 11 0 3 4 5 10 24 31 32 36 39 40 0 106 434 497 558 638 713 845 912 926 966
96.1139896373 26.3888888889 11 0 1 12 18 19 30 40 42 43 45 48 0 165 194 235 364 479 633 658 713 888 898
27.2020725389 60.3174603175 11 0 0 11 18 20 32 35 36 36 45 45 0 177 219 246 271 311 355 507 628 699 834
60.621761658 78.1746031746 11 0 5 8 11 12 19 29 31 31 32 33 0 182 183 268 326 332 430 575 637 835 893
64.5077720207 57.5396825397 11 0 12 16 17 20 21 24 29 33 49 49 0 101 297 368 499 532 548 670 709 758 985
29.274611399 46.626984127 11 0 2 3 6 6 14 16 17 25 28 35 0 149 175 271 272 290 501 594 627 946 973
30.0518134715 81.1507936508 11 0 2 12 16 22 27 32 34 35 44 47 0 110 117 235 250 347 390 673 679 802 920
27.4611398964 50.9920634921 11 0 1 3 9 11 29 38 38 40 42 48 0 184 272 281 290 297 374 458 503 818 849
70.725388601 75.5952380952 11 0 2 2 21 24 28 29 34 36 39 42 0 196 313 334 358 526 621 673 722 873 970
44.5595854922 13.4920634921 11 0 0 10 12 16 18 19 33 33 47 47 0 0 171 241 329 378 442 631 673 697 700
54.6632124352 27.9761904762 11 0 7 7 17 20 20 33 38 41 43 46 0 114 124 138 169 191 330 450 482 680 680
42.7461139896 84.7222222222 11 0 1 3 5 9 13 16 22 23 31 42 0 0 161 271 306 371 522 582 714 739 802
66.5803108808 100.0 11 0 5 12 16 21 22 32 33 35 38 40 0 0 121 384 387 440 502 522 551 722 887
40.932642487 93.0555555556 11 0 2 2 9 12 15 16 26 39 42 44 0 0 248 319 493 548 558 671 796 797 990
27.7202072539 41.4682539683 11 0 2 14 14 17 19 24 24 34 44 49 0 237 391 402 472 544 749 780 825 929 958
46.6321243523 19.0476190476 11 0 7 12 18 19 24 30 31 33 38 43 0 0 179 313 427 595 602 700 762 852 928
31.0880829016 69.6428571429 11 0 2 14 17 19 30 31 34 39 43 44 0 0 108 137 350 408 499 555 785 871 968
23.8341968912 55.5555555556 11 0 10 16 17 19 24 25 37 40 42 43 0 138 205 206 357 373 500 568 595 984 996
56.2176165803 80.1587301587 11 0 5 12 18 19 24 25 36 42 46 49 0 353 377 424 515 576 710 769 820 841 997
48.4455958549 54.3650793651 11 0 7 8 11 15 32 42 43 43 47 48 0 154 343 376 417 500 653 683 724 761 827
62.1761658031 38.8888888889 11 0 0 12 13 19 23 32 35 39 43 44 0 0 207 227 366 380 443 571 744 758 773
52.8497409326 34.5238095238 11 0 7 10 15 27 31 35 36 39 43 43 0 105 154 384 405 459 554 620 684 879 997
24.6113989637 51.7857142857 11 0 9 10 13 16 19 24 36 41 47 49 0 109 283 321 373 448 553 571 689 890 985
76.4248704663 25.5952380952 11 0 6 10 10 14 25 32 34 38 38 42 0 0 251 390 435 484 490 575 865 958 974
76
42.5055928412 26.0770975057 1
23.7136465324 74.3764172336 7
49.4407158837 2.04081632653 8
12.0805369128 41.0430839002 1
62.8635346756 38.0952380952 4
73.3780760626 65.0793650794 4
81.2080536913 27.4376417234 9
43.4004474273 41.2698412698 6
30.2013422819 52.380952381 5
16.5548098434 55.7823129252 2
61.5212527964 50.3401360544 6
0.0 100.0 9
78.7472035794 50.7936507937 7
26.8456375839 69.6145124717 4
10.514541387 62.8117913832 6
50.5592841163 68.9342403628 9
52.7964205817 71.6553287982 4
53.9149888143 0.0 1
80.7606263982 82.5396825397 8
52.3489932886 18.1405895692 2
54.3624161074 43.3106575964 4
74.4966442953 51.9274376417 4
50.7829977629 30.3854875283 5
66.8903803132 21.5419501134 9
37.5838926174 44.2176870748 7
64.2058165548 47.619047619 5
61.9686800895 31.746031746 2
59.2841163311 58.9569160998 3
55.48098434 7.93650793651 1
81.8791946309 34.4671201814 9
55.9284116331 39.9092970522 7
24.1610738255 53.9682539683 1
55.9284116331 69.8412698413 4
72.25950783 69.1609977324 7
46.3087248322 39.9092970522 7
63.3109619687 7.25623582766 6
36.4653243848 48.5260770975 1
41.3870246085 70.0680272109 3
61.744966443 58.9569160998 1
29.9776286353 60.3174603175 3
63.0872483221 15.873015873 4
51.2304250559 60.9977324263 3
58.836689038 42.6303854875 9
68.0089485459 22.2222222222 9
56.1521252796 19.2743764172 7
24.384787472 60.3174603175 8
26.3982102908 46.7120181406 9
39.1498881432 66.2131519274 6
55.033557047 55.5555555556 4
21.7002237136 52.1541950113 5
66.6666666667 53.2879818594 7
85.0111856823 27.8911564626 1
68.903803132 47.3922902494 4
49.8881431767 70.5215419501 8
46.5324384787 24.716553288 7
35.5704697987 90.2494331066 6
36.0178970917 95.2380952381 2
84.1163310962 58.9569160998 6
66.6666666667 59.8639455782 5
13.1991051454 61.2244897959 9
46.3087248322 23.3560090703 3
26.8456375839 55.7823129252 9
35.7941834452 64.3990929705 9
28.6353467562 51.2471655329 7
34.451901566 87.9818594104 3
51.0067114094 0.907029478458 5
42.9530201342 41.4965986395 8
83.2214765101 47.619047619 5
29.3064876957 64.6258503401 7
18.5682326622 56.9160997732 6
65.9955257271 45.3514739229 9
100.0 73.6961451247 5
54.1387024609 81.4058956916 3
53.4675615213 22.2222222222 4
61.9686800895 55.5555555556 2
28.4116331096 55.1020408163 6
