54
47.6953907816 20.3463203463 14 0 3 10 13 18 21 23 26 26 28 29 36 41 44 0 110 112 119 260 441 465 465 486 667 762 858 870 926
61.122244489 25.7575757576 14 0 11 11 19 20 21 27 30 30 35 39 42 46 47 0 112 210 242 292 360 390 436 492 588 712 744 881 896
58.9178356713 57.3593073593 14 0 2 7 8 25 25 29 31 33 40 42 42 43 47 0 199 344 413 586 594 598 661 734 756 920 934 944 972
71.5430861723 58.658008658 14 0 8 16 18 29 30 30 32 34 37 38 41 43 47 0 171 212 296 300 309 336 608 631 634 643 674 885 939
63.7274549098 90.9090909091 14 0 0 1 14 16 22 23 30 30 34 40 40 41 44 0 0 111 114 448 454 567 766 783 933 952 963 964 999
68.3366733467 41.5584415584 14 0 1 4 6 7 8 11 14 17 27 30 31 31 32 0 153 199 281 292 301 324 417 750 789 795 846 884 932
67.7354709419 2.1645021645 14 0 1 3 5 6 12 18 39 42 45 47 48 48 49 0 100 210 225 250 370 382 463 533 680 886 891 920 954
41.4829659319 51.5151515152 14 0 7 13 14 16 21 23 27 34 36 41 46 49 49 0 150 157 167 229 372 432 553 607 664 679 718 839 985
32.6653306613 47.619047619 14 0 5 7 8 16 17 18 18 21 23 29 37 39 47 0 142 356 385 507 513 602 686 737 740 757 818 851 853
58.5170340681 33.7662337662 14 0 2 4 8 11 12 27 27 28 29 38 39 39 43 0 227 229 238 238 250 386 532 567 626 706 767 842 876
55.7114228457 75.974025974 14 0 7 10 15 22 26 29 31 34 40 43 45 45 47 0 151 224 292 485 519 563 589 658 741 779 812 877 901
33.6673346693 28.5714285714 14 0 3 4 4 6 10 14 20 28 34 34 35 35 41 0 0 124 167 249 369 374 390 595 625 788 887 930 941
94.3887775551 69.0476190476 14 0 1 5 7 10 16 19 27 29 33 43 45 45 48 0 168 179 189 196 406 462 488 684 705 778 856 897 962
58.7174348697 78.5714285714 14 0 1 3 4 6 12 15 19 24 29 30 32 47 48 0 108 138 275 306 334 360 459 602 614 839 841 907 938
35.871743487 22.7272727273 14 0 10 14 15 18 18 20 20 21 25 30 32 42 44 0 103 124 148 212 254 344 405 546 581 588 836 845 910
49.0981963928 67.0995670996 14 0 4 7 13 14 18 22 22 27 31 37 40 41 41 0 0 124 182 205 261 377 527 648 688 720 945 961 970
64.3286573146 32.0346320346 14 0 7 20 21 22 22 27 28 28 28 30 34 39 45 0 169 216 222 326 373 503 578 595 672 702 781 860 943
40.8817635271 19.696969697 14 0 1 4 5 6 10 16 18 19 23 27 30 37 37 0 165 200 214 220 282 297 391 567 682 770 778 813 981
26.0521042084 45.0216450216 14 0 2 2 5 5 10 12 14 20 21 30 38 38 49 0 398 418 494 537 543 566 567 612 622 635 775 781 803
79.1583166333 44.8051948052 14 0 0 3 9 11 13 16 19 25 29 30 38 39 49 0 121 221 238 403 430 491 505 540 715 722 739 890 947
48.8977955912 44.5887445887 14 0 4 7 11 20 21 24 27 36 37 41 42 48 48 0 291 370 371 379 448 527 532 749 772 806 850 864 894
71.1422845691 77.4891774892 14 0 12 20 24 27 31 36 37 38 41 41 42 44 44 0 146 235 236 260 360 385 510 670 736 786 790 943 975
98.3967935872 100.0 14 0 0 0 2 4 6 15 21 22 22 29 33 40 48 0 0 178 282 330 367 440 453 495 512 672 742 786 937
60.5210420842 44.3722943723 14 0 4 8 9 14 23 25 30 33 41 41 41 43 49 0 0 246 382 411 420 423 498 659 728 763 899 930 955
19.2384769539 72.7272727273 14 0 0 9 10 10 12 14 16 16 22 26 27 31 32 0 156 182 216 244 282 322 365 517 573 631 724 742 751
100.0 62.7705627706 14 0 12 14 20 29 30 30 30 32 34 35 39 42 45 0 112 174 387 468 509 668 689 750 791 866 888 900 914
61.7234468938 58.2251082251 14 0 3 7 10 17 24 27 33 35 35 38 39 48 49 0 170 346 359 391 421 442 585 627 746 777 842 844 893
33.4669338677 52.8138528139 14 0 2 8 9 10 15 18 19 30 37 38 41 46 46 0 156 299 392 431 442 545 558 579 603 665 666 725 997
44.0881763527 24.2424242424 14 0 0 7 10 10 14 31 31 32 38 41 45 45 48 0 0 141 150 181 230 258 398 415 485 747 749 907 989
44.4889779559 74.025974026 14 0 6 11 14 20 21 21 27 29 34 44 45 45 46 0 0 128 240 303 365 476 618 661 746 759 779 804 961
21.8436873747 38.961038961 14 0 4 7 8 9 10 15 22 24 26 31 34 35 47 0 286 312 325 366 371 588 628 684 695 758 829 867 956
64.9298597194 33.1168831169 14 0 0 7 11 15 25 25 37 37 40 41 45 48 49 0 0 109 146 348 412 417 458 497 502 681 684 856 966
74.5490981964 70.9956709957 14 0 4 4 9 12 20 21 24 28 32 42 46 47 49 0 185 239 351 486 516 565 682 683 687 756 765 847 861
20.0400801603 62.987012987 14 0 3 8 8 11 16 18 20 28 32 33 33 41 49 0 0 184 374 426 463 581 645 716 771 881 885 961 984
60.9218436874 32.9004329004 14 0 3 9 10 10 12 16 22 30 34 35 35 38 41 0 0 118 290 373 376 485 512 560 600 731 840 915 940
76.5531062124 48.4848484848 14 0 2 4 10 19 19 22 25 31 33 36 43 45 46 0 0 156 234 249 330 481 495 572 622 678 766 827 960
24.4488977956 76.8398268398 14 0 1 1 1 5 7 8 14 20 22 25 44 45 49 0 0 221 466 511 611 638 650 653 687 876 902 906 934
64.5290581162 21.4285714286 14 0 0 3 6 7 16 20 20 27 27 29 41 45 45 0 0 122 154 185 210 370 420 427 458 550 630 844 904
54.7094188377 88.7445887446 14 0 0 7 11 12 17 23 25 30 36 40 41 47 48 0 0 209 229 251 281 364 415 495 616 825 835 855 885
71.9438877756 61.6883116883 14 0 0 17 22 23 28 33 35 37 39 40 41 45 49 0 0 125 159 425 444 481 570 687 693 801 881 893 975
79.9599198397 44.5887445887 14 0 2 3 9 16 19 22 24 27 29 30 31 37 44 0 284 386 394 472 488 561 608 611 648 685 737 751 833
0.0 21.8614718615 14 0 1 3 10 16 21 22 29 31 34 35 36 40 49 0 0 223 301 353 452 517 675 750 809 829 845 889 913
75.751503006 39.3939393939 14 0 6 7 9 13 18 22 25 28 32 35 38 38 48 0 156 191 194 262 290 299 319 328 481 521 599 689 885
45.4909819639 26.1904761905 14 0 0 13 14 27 30 32 32 33 33 36 37 45 45 0 119 193 296 361 364 407 436 510 560 580 748 879 893
30.4609218437 0.0 14 0 1 1 4 11 11 12 13 14 15 26 29 33 35 0 0 152 176 272 300 388 519 580 661 669 698 727 861
57.9158316633 60.3896103896 14 0 10 15 20 25 27 30 32 40 43 43 45 47 49 0 121 125 130 554 606 614 626 630 653 763 849 980 981
42.4849699399 8.87445887446 14 0 0 1 3 12 16 26 27 28 35 38 38 42 48 0 129 295 321 333 378 462 495 559 645 649 816 898 906
73.1462925852 33.3333333333 14 0 0 3 6 6 12 20 28 31 33 35 40 41 43 0 0 129 171 199 513 590 606 727 766 778 787 820 886
91.9839679359 36.3636363636 14 0 3 7 7 8 8 10 11 14 20 29 30 31 34 0 112 178 292 311 333 465 496 602 632 637 712 847 862
55.5110220441 35.7142857143 14 0 2 7 17 20 21 22 28 30 36 39 42 43 45 0 0 205 291 292 350 408 411 552 568 618 855 876 970
81.7635270541 20.7792207792 14 0 2 3 6 14 15 22 26 31 35 36 38 39 45 0 119 163 213 300 388 582 598 715 732 853 872 898 964
52.50501002 38.3116883117 14 0 2 2 9 11 15 17 21 27 29 32 39 42 44 0 236 245 328 332 363 386 666 704 705 741 941 952 953
47.8957915832 32.9004329004 14 0 17 21 21 29 30 32 34 38 38 38 40 41 44 0 104 169 193 238 300 501 512 550 642 740 783 895 916
49.6993987976 46.9696969697 14 0 0 5 7 9 11 13 16 27 27 29 30 39 39 0 0 178 370 409 510 670 688 712 713 776 784 831 857
71
48.2517482517 78.1481481481 5
36.5967365967 75.9259259259 2
49.4172494172 40.7407407407 8
55.4778554779 39.6296296296 6
38.6946386946 67.037037037 6
47.0862470862 44.4444444444 7
100.0 48.8888888889 9
8.85780885781 68.8888888889 9
32.4009324009 44.8148148148 7
0.0 61.4814814815 6
22.1445221445 48.3333333333 4
18.8811188811 51.4814814815 2
49.8834498834 40.9259259259 3
56.4102564103 42.2222222222 8
62.2377622378 69.2592592593 8
63.8694638695 56.4814814815 9
55.710955711 25.0 8
62.703962704 53.1481481481 8
62.2377622378 0.0 6
20.2797202797 60.0 6
75.0582750583 50.3703703704 3
63.8694638695 40.1851851852 7
56.8764568765 40.3703703704 8
54.5454545455 65.0 8
77.6223776224 52.2222222222 4
46.1538461538 26.1111111111 7
77.6223776224 49.4444444444 4
54.7785547786 52.037037037 5
53.37995338 49.4444444444 2
90.675990676 61.4814814815 4
52.9137529138 30.3703703704 8
27.7389277389 7.77777777778 2
28.2051282051 55.9259259259 3
62.9370629371 33.7037037037 6
30.5361305361 90.9259259259 4
93.9393939394 41.2962962963 1
42.6573426573 100.0 4
82.5174825175 54.0740740741 9
18.648018648 59.4444444444 7
37.9953379953 44.0740740741 8
19.3473193473 57.5925925926 1
52.6806526807 29.2592592593 3
50.8158508159 14.8148148148 8
58.041958042 50.0 6
46.1538461538 26.8518518519 1
20.979020979 75.1851851852 7
55.4778554779 40.1851851852 4
29.6037296037 40.5555555556 2
31.9347319347 16.1111111111 7
59.6736596737 68.1481481481 5
65.9673659674 47.4074074074 4
26.5734265734 82.037037037 8
48.2517482517 26.6666666667 7
65.7342657343 78.8888888889 1
91.1421911422 46.6666666667 5
67.1328671329 61.4814814815 8
56.4102564103 64.6296296296 2
69.9300699301 48.7037037037 9
38.4615384615 45.3703703704 7
60.372960373 49.4444444444 2
50.3496503497 57.037037037 9
52.2144522145 35.5555555556 9
27.5058275058 39.2592592593 9
4.1958041958 52.4074074074 5
45.6876456876 56.6666666667 2
24.0093240093 48.3333333333 4
68.5314685315 45.9259259259 4
38.6946386946 42.4074074074 4
54.3123543124 40.1851851852 3
89.2773892774 78.7037037037 8
50.8158508159 54.2592592593 5
