50
51.6339869281 78.5571142285 14 0 1 5 8 13 17 21 24 32 40 41 43 43 47 0 171 201 210 293 340 363 459 521 560 738 740 769 932
100.0 100.0 14 0 9 12 16 25 26 27 31 39 39 44 46 48 49 0 144 160 190 240 299 413 619 650 806 897 947 972 973
82.1350762527 28.2565130261 14 0 3 3 9 11 16 22 24 30 32 33 35 45 48 0 114 185 444 530 596 652 698 740 771 774 844 885 902
62.7450980392 39.6793587174 14 0 1 1 2 4 12 12 12 14 20 25 29 44 45 0 216 269 299 302 338 577 669 713 767 820 932 944 970
70.3703703704 39.0781563126 14 0 11 18 24 28 31 33 38 41 42 43 45 46 46 0 188 215 223 259 315 361 482 551 578 782 862 956 993
44.4444444444 33.2665330661 14 0 4 8 10 13 16 16 26 31 32 43 44 45 47 0 145 302 349 393 464 516 539 572 698 715 747 851 879
57.0806100218 44.8897795591 14 0 0 11 12 13 17 30 30 35 39 43 46 46 47 0 141 169 331 412 507 530 546 615 644 725 741 743 869
83.2244008715 35.4709418838 14 0 2 7 11 11 16 21 24 25 29 29 39 39 49 0 146 184 201 240 282 332 432 495 599 680 823 839 843
27.8867102397 75.9519038076 14 0 15 19 21 27 31 32 34 36 41 41 46 47 48 0 0 109 141 210 585 691 774 780 826 867 900 973 984
0.0 40.2805611222 14 0 0 5 8 13 16 22 25 25 27 34 36 40 48 0 200 203 327 343 351 471 497 498 670 699 773 809 883
81.4814814815 58.1162324649 14 0 0 3 6 6 7 15 23 24 26 29 29 32 49 0 0 180 249 416 468 504 516 559 617 637 764 784 786
51.4161220044 60.5210420842 14 0 5 6 8 21 23 23 27 28 39 39 44 46 48 0 0 116 145 203 240 485 574 689 780 846 858 861 884
80.3921568627 26.0521042084 14 0 0 2 4 5 5 6 7 12 24 26 36 39 39 0 160 175 398 416 499 513 599 636 659 662 777 865 980
99.7821350763 20.0400801603 14 0 6 7 23 26 31 34 35 39 39 40 46 48 49 0 134 183 263 407 496 572 631 631 729 835 892 921 998
39.4335511983 52.7054108216 14 0 3 8 10 10 16 17 19 22 32 36 41 44 47 0 0 176 429 476 510 570 599 674 736 803 873 891 954
84.5315904139 30.6613226453 14 0 0 6 8 13 13 17 21 21 26 29 34 41 47 0 0 329 417 449 455 455 586 683 705 725 732 750 795
69.0631808279 80.7615230461 14 0 0 8 15 17 23 25 25 26 29 30 32 35 37 0 161 198 229 293 339 462 635 717 921 925 986 992 994
47.7124183007 55.5110220441 14 0 0 2 5 13 14 21 35 35 36 36 38 40 40 0 119 207 291 444 496 534 546 714 724 736 832 881 983
75.1633986928 55.1102204409 14 0 0 1 7 10 12 16 17 26 28 29 29 37 48 0 210 250 275 325 415 432 461 539 623 658 750 772 928
69.7167755991 30.0601202405 14 0 0 1 6 7 7 13 14 31 36 38 41 41 48 0 280 320 387 565 572 647 649 698 728 734 796 886 919
86.2745098039 39.2785571142 14 0 3 4 5 7 10 12 28 29 33 39 41 42 47 0 101 189 288 349 436 491 558 733 868 901 921 946 978
76.688453159 78.3567134269 14 0 6 12 14 18 24 26 32 36 37 38 39 44 47 0 102 263 283 323 378 417 474 777 810 827 831 859 993
40.3050108932 46.4929859719 14 0 1 4 19 24 24 37 43 44 45 45 46 48 49 0 107 168 245 261 403 443 658 707 758 803 895 977 996
57.2984749455 68.1362725451 14 0 6 6 10 11 12 22 23 29 31 33 36 38 48 0 165 174 203 224 325 408 437 570 624 644 717 730 944
61.6557734205 66.5330661323 14 0 0 1 3 8 10 15 19 20 22 24 28 31 40 0 192 197 253 289 348 357 382 643 682 735 778 780 910
30.7189542484 46.0921843687 14 0 0 4 6 7 16 19 19 20 33 35 36 48 48 0 258 272 322 404 516 534 571 590 633 689 856 919 983
21.568627451 41.8837675351 14 0 8 10 21 21 26 26 28 29 31 34 34 35 44 0 0 179 257 292 432 433 541 554 785 812 871 875 940
57.5163398693 59.9198396794 14 0 5 10 15 17 17 21 24 34 35 41 41 43 43 0 0 176 202 306 703 706 708 721 832 858 871 897 981
27.4509803922 32.4649298597 14 0 1 1 3 4 5 7 7 31 32 38 44 47 48 0 113 159 367 395 551 564 567 597 611 740 897 926 946
81.4814814815 28.4569138277 14 0 14 15 18 19 24 30 32 40 41 42 43 43 49 0 105 177 265 314 365 376 507 564 613 621 677 704 935
72.1132897603 40.4809619238 14 0 0 2 5 6 8 9 10 16 25 38 40 47 49 0 218 282 420 511 562 646 650 673 678 781 794 821 913
99.3464052288 42.0841683367 14 0 7 7 11 13 15 15 16 21 23 26 33 40 46 0 0 101 147 230 277 411 419 502 555 757 824 927 946
90.6318082789 67.3346693387 14 0 6 10 11 12 15 23 24 25 40 40 43 45 48 0 0 119 208 213 233 267 303 379 432 706 732 807 811
60.348583878 73.1462925852 14 0 3 12 17 18 20 20 35 36 37 38 40 46 46 0 0 139 143 285 431 580 860 893 899 920 925 961 989
27.4509803922 80.5611222445 14 0 3 8 11 13 20 22 25 26 28 32 36 42 45 0 174 327 329 336 358 372 539 556 717 724 803 868 936
42.0479302832 56.7134268537 14 0 3 4 4 6 9 10 11 14 15 27 38 39 41 0 112 157 366 476 520 609 612 688 754 771 868 892 911
76.4705882353 65.5310621242 14 0 1 2 3 5 5 8 31 31 31 34 38 38 47 0 0 163 169 245 252 281 354 400 534 615 813 847 902
15.2505446623 0.0 14 0 6 9 10 15 15 16 31 32 34 40 43 44 44 0 191 205 224 263 439 501 631 695 696 734 808 831 869
49.0196078431 42.0841683367 14 0 1 3 11 17 17 21 24 28 37 38 43 43 43 0 0 105 165 236 238 377 411 449 568 732 825 871 911
48.8017429194 64.3286573146 14 0 2 8 11 13 14 21 25 34 34 36 44 45 46 0 276 494 509 556 563 626 662 666 671 689 740 804 829
29.1938997821 41.6833667335 14 0 0 5 9 10 11 14 18 22 31 41 41 47 48 0 0 181 287 415 563 596 602 733 889 954 963 963 970
55.7734204793 51.503006012 14 0 7 10 13 22 26 28 29 34 35 38 38 40 42 0 0 221 400 527 613 694 740 814 817 844 891 950 996
4.79302832244 21.4428857715 14 0 4 5 7 13 14 17 26 31 33 46 47 47 48 0 154 168 270 293 344 355 547 680 686 755 774 939 971
15.9041394336 23.8476953908 14 0 3 3 5 7 11 13 17 24 28 34 36 43 47 0 119 168 267 328 339 343 494 688 696 821 841 895 920
62.5272331155 18.4368737475 14 0 5 7 10 10 16 16 18 23 29 31 32 34 42 0 124 385 388 425 454 498 517 602 627 669 690 747 870
68.8453159041 27.0541082164 14 0 4 12 13 19 21 25 25 27 27 31 31 31 37 0 284 290 319 340 354 362 434 589 603 714 776 897 918
67.7559912854 28.0561122244 14 0 1 5 7 10 18 22 24 25 29 30 38 38 48 0 175 195 230 243 290 341 493 548 640 702 739 867 875
39.4335511983 27.0541082164 14 0 1 3 10 17 24 28 29 33 37 39 39 45 46 0 124 141 234 289 289 547 555 660 678 729 861 937 983
30.0653594771 44.6893787575 14 0 1 3 8 10 21 21 26 27 31 35 45 47 48 0 0 220 347 416 637 686 700 735 810 901 911 943 972
75.3812636166 6.0120240481 14 0 5 10 11 14 19 21 23 31 35 37 42 44 48 0 0 115 123 204 382 478 577 608 719 827 882 893 931
81
30.1136363636 100.0 5
41.4772727273 45.9459459459 3
18.75 30.2702702703 2
12.6893939394 58.3783783784 9
33.9015151515 65.1351351351 3
38.0681818182 54.3243243243 9
62.6893939394 87.5675675676 3
42.9924242424 81.3513513514 6
28.9772727273 16.7567567568 7
68.3712121212 30.5405405405 8
76.5151515152 56.4864864865 7
64.5833333333 95.6756756757 6
100.0 63.7837837838 4
50.5681818182 77.5675675676 6
78.2196969697 41.0810810811 2
28.4090909091 55.4054054054 4
27.8409090909 74.8648648649 3
23.2954545455 74.5945945946 4
39.0151515152 0.27027027027 5
30.8712121212 92.972972973 3
22.5378787879 63.2432432432 5
48.2954545455 65.9459459459 3
35.0378787879 25.4054054054 6
26.1363636364 90.2702702703 5
64.7727272727 61.0810810811 8
47.7272727273 70.5405405405 2
47.3484848485 63.5135135135 4
33.5227272727 29.7297297297 3
48.8636363636 69.1891891892 7
11.7424242424 95.9459459459 5
72.5378787879 57.027027027 6
60.6060606061 86.4864864865 4
23.2954545455 21.0810810811 3
22.9166666667 50.2702702703 1
53.9772727273 90.5405405405 5
32.0075757576 51.0810810811 2
28.2196969697 44.3243243243 2
38.446969697 52.7027027027 2
39.3939393939 15.9459459459 6
38.0681818182 21.3513513514 1
60.6060606061 50.8108108108 1
10.9848484848 50.2702702703 3
32.5757575758 19.4594594595 6
29.1666666667 34.3243243243 3
28.5984848485 36.7567567568 8
26.8939393939 25.4054054054 5
53.7878787879 54.8648648649 6
31.6287878788 61.3513513514 9
31.4393939394 49.1891891892 3
17.803030303 63.7837837838 5
26.5151515152 12.7027027027 6
3.59848484848 93.5135135135 1
54.1666666667 51.8918918919 5
0.0 52.4324324324 6
33.7121212121 28.6486486486 4
39.5833333333 79.1891891892 8
74.053030303 25.6756756757 8
31.0606060606 82.1621621622 4
17.2348484848 66.7567567568 4
60.4166666667 55.4054054054 7
4.92424242424 52.4324324324 5
35.9848484848 51.3513513514 4
43.75 50.0 7
56.6287878788 95.9459459459 7
33.3333333333 21.0810810811 3
3.78787878788 59.1891891892 9
67.0454545455 48.9189189189 4
55.8712121212 8.91891891892 8
31.0606060606 13.5135135135 1
38.8257575758 80.5405405405 6
35.0378787879 72.4324324324 9
32.196969697 48.6486486486 4
54.7348484848 58.6486486486 2
27.8409090909 43.5135135135 5
49.053030303 0.0 3
39.3939393939 34.5945945946 1
63.446969697 66.2162162162 8
21.4015151515 25.1351351351 6
66.6666666667 87.027027027 2
2.84090909091 23.2432432432 1
24.053030303 26.7567567568 3
