289
67.5041876047 35.342019544 25 0 0 3 4 7 9 9 9 9 10 13 15 18 19 28 29 30 30 30 39 40 40 44 45 48 0 0 135 253 276 282 397 485 532 540 557 561 563 616 626 647 685 700 701 737 782 836 838 857 871
39.1959798995 49.348534202 25 0 1 1 1 4 6 11 15 19 21 22 22 22 23 27 28 29 31 32 32 35 35 39 40 41 0 100 148 223 226 235 271 368 390 423 443 522 530 560 624 706 740 775 780 795 881 900 916 933 934
62.1440536013 57.003257329 25 0 1 4 5 5 7 7 8 9 10 10 13 14 14 20 23 25 27 31 32 34 38 45 47 47 0 126 135 210 269 309 409 450 461 464 510 511 530 559 592 593 596 605 608 669 788 815 872 891 983
42.5460636516 43.4853420195 25 0 0 1 9 12 12 14 15 20 27 30 31 31 32 33 34 35 37 37 37 38 45 46 47 48 0 0 103 140 224 286 294 323 326 363 380 407 454 474 478 566 607 667 719 744 770 917 946 985 999
54.2713567839 81.5960912052 25 0 1 2 3 4 8 9 9 10 11 15 16 25 27 32 34 35 35 35 37 40 40 43 43 46 0 103 126 200 224 285 286 337 352 391 421 469 470 476 636 679 679 729 759 783 877 896 960 978 978
39.8659966499 55.3745928339 25 0 0 0 4 7 8 10 13 16 17 20 20 20 24 25 25 30 33 34 35 36 37 38 43 45 0 106 120 132 179 180 221 313 372 387 423 430 469 525 791 797 809 856 863 879 888 918 923 965 989
42.378559464 39.2508143322 25 0 1 1 3 6 11 13 14 16 18 21 23 26 29 29 30 33 34 39 39 41 43 45 49 49 0 0 186 193 267 276 280 312 384 430 528 533 631 696 712 712 739 778 795 839 851 854 900 920 956
35.6783919598 56.0260586319 25 0 5 6 6 7 9 9 11 14 15 16 16 19 19 20 26 30 31 34 35 36 37 40 43 46 0 292 297 329 353 403 406 427 456 462 468 553 565 609 634 658 680 712 726 738 834 854 883 937 951
67.1691792295 28.013029316 25 0 3 5 6 10 10 11 13 18 19 20 21 24 24 26 27 27 29 31 34 36 39 43 47 47 0 143 201 237 245 247 333 377 425 485 499 500 519 531 731 779 814 818 837 868 904 913 926 937 976
36.5159128978 53.5830618893 25 0 0 0 1 5 9 13 13 14 14 14 18 19 24 27 28 29 33 34 34 35 41 44 44 49 0 177 178 193 201 223 251 255 290 339 437 457 531 536 547 576 576 598 627 697 735 805 810 855 949
63.6515912898 62.5407166124 25 0 2 2 3 5 7 11 11 14 14 15 15 17 17 27 29 30 33 34 34 37 40 41 45 46 0 0 124 128 142 282 320 373 389 398 415 583 625 650 654 711 719 729 789 833 857 914 917 937 950
72.3618090452 25.5700325733 25 0 0 0 1 5 6 10 11 12 14 17 19 24 32 32 33 33 36 40 40 42 44 44 46 49 0 0 136 168 183 203 204 291 296 360 408 434 510 532 558 608 632 679 685 701 717 746 815 919 994
54.6063651591 48.6970684039 25 0 1 2 3 5 6 10 15 15 18 18 21 23 23 24 26 27 27 28 38 40 44 45 46 48 0 0 107 281 338 340 348 480 488 617 622 642 650 716 721 737 753 786 791 794 822 843 893 917 939
49.0787269682 50.9771986971 25 0 1 3 7 8 9 12 16 20 24 25 27 27 29 30 31 34 38 38 42 44 44 45 47 48 0 218 228 266 274 296 351 379 476 505 506 525 569 581 587 597 615 724 728 751 792 821 872 872 933
49.0787269682 57.1661237785 25 0 0 8 18 19 19 19 19 21 22 23 25 28 29 30 37 38 38 40 44 44 45 46 48 48 0 118 144 156 201 205 277 281 406 459 475 476 483 494 619 631 651 695 698 715 756 788 851 868 917
20.9380234506 73.6156351792 25 0 0 2 11 12 14 18 21 22 23 24 25 26 26 27 27 30 32 33 34 35 35 44 44 49 0 162 186 205 207 294 381 443 576 591 606 632 633 653 654 713 815 832 844 854 857 877 951 974 979
50.0837520938 76.7100977199 25 0 0 9 9 10 10 10 15 16 17 18 19 22 31 33 34 35 39 39 40 43 43 45 46 46 0 107 126 145 156 170 213 215 227 300 301 306 352 403 590 601 641 656 695 772 790 793 830 884 968
64.6566164154 29.8045602606 25 0 1 1 7 7 10 11 13 20 21 24 24 24 25 26 30 31 31 32 35 37 38 38 40 48 0 133 156 330 347 348 432 435 437 509 535 539 544 581 603 612 659 706 714 717 733 814 846 856 857
75.3768844221 69.8697068404 25 0 0 1 3 8 9 16 22 28 30 30 31 31 31 33 34 35 36 38 39 41 43 45 47 47 0 114 167 182 224 276 289 302 347 369 424 442 552 582 582 598 613 665 730 770 778 821 852 859 937
23.4505862647 73.9413680782 25 0 4 4 6 7 8 9 13 13 15 16 18 23 25 28 29 31 32 33 34 36 36 41 42 47 0 134 176 178 399 436 440 478 489 579 588 622 639 740 762 765 830 843 846 852 887 898 943 947 988
10.2177554439 73.6156351792 25 0 3 4 6 6 8 9 13 17 17 19 25 27 31 34 35 36 37 41 44 44 46 46 48 49 0 119 179 235 237 259 300 326 434 460 510 560 568 582 585 617 742 773 779 843 849 945 949 988 990
53.9363484087 61.7263843648 25 0 0 1 2 5 7 11 14 14 15 17 23 24 26 30 32 33 35 36 38 41 45 45 48 48 0 105 114 127 165 188 192 204 254 296 469 533 576 602 606 648 804 816 819 839 842 865 886 915 995
34.338358459 69.8697068404 25 0 0 4 4 6 7 8 13 14 16 20 21 23 23 24 24 25 27 28 30 30 32 38 48 48 0 117 124 144 181 182 198 201 280 282 285 297 316 515 517 564 609 688 712 715 792 878 914 919 950
76.2144053601 36.9706840391 25 0 0 3 5 6 14 16 16 18 22 23 23 23 25 26 28 29 34 38 40 40 44 46 47 48 0 164 180 180 284 298 302 339 368 393 442 467 542 569 583 609 658 705 711 776 828 835 854 882 982
65.9966499162 27.8501628664 25 0 1 2 8 10 10 11 13 14 15 15 18 20 21 23 25 31 31 37 40 40 42 45 46 48 0 0 113 178 190 208 214 290 325 357 381 384 473 494 638 718 732 767 788 798 799 831 848 967 974
63.4840871022 43.4853420195 25 0 7 12 13 16 16 17 21 22 26 28 31 33 34 36 36 38 38 39 39 39 45 45 46 47 0 118 148 154 172 198 262 337 402 421 431 442 464 485 517 567 668 738 808 835 837 909 980 990 998
52.0938023451 71.986970684 25 0 0 1 2 4 6 6 14 14 21 29 30 31 31 35 37 42 44 45 46 46 47 47 48 48 0 116 117 137 145 164 242 375 386 463 471 475 485 497 503 578 611 630 653 684 691 811 912 964 980
52.5963149079 50.0 25 0 4 7 7 11 13 17 19 21 23 23 23 23 24 24 24 25 28 29 29 32 40 41 44 45 0 100 165 227 229 286 288 319 322 348 358 406 467 506 542 556 590 593 599 658 713 737 838 848 855
75.5443886097 40.8794788274 25 0 1 5 9 11 12 14 15 18 21 22 26 26 29 30 31 33 33 34 34 36 42 43 44 44 0 0 159 161 168 173 240 265 333 402 421 468 532 561 564 646 785 803 856 867 893 896 928 944 989
40.3685092127 53.5830618893 25 0 1 5 6 6 7 8 8 8 11 14 17 18 19 20 24 26 29 30 32 33 33 43 43 48 0 151 211 278 311 312 378 438 441 476 505 522 551 642 672 677 710 723 802 849 890 910 913 942 978
37.1859296482 36.1563517915 25 0 0 3 3 7 8 12 12 17 21 25 26 35 36 37 38 39 40 41 43 43 45 45 49 49 0 108 119 134 148 152 202 243 268 304 340 462 508 522 603 707 721 742 826 856 860 891 937 969 984
0.0 38.1107491857 25 0 2 6 8 9 14 16 17 21 22 24 26 27 29 31 34 40 40 41 41 42 45 47 47 47 0 121 256 286 296 315 381 422 429 481 489 523 534 609 613 614 656 711 730 771 778 812 975 989 998
36.5159128978 38.7622149837 25 0 1 1 4 5 7 10 13 14 16 16 16 18 20 22 24 27 37 37 39 41 41 42 43 48 0 101 106 114 124 135 173 227 268 292 396 432 459 476 533 581 656 701 720 748 769 875 897 905 976
54.1038525963 63.3550488599 25 0 4 4 5 6 7 9 10 11 15 16 19 20 24 29 33 34 35 36 40 40 45 45 46 49 0 0 111 111 262 262 274 291 337 367 370 394 452 455 472 485 500 511 546 752 817 937 945 957 968
41.541038526 43.9739413681 25 0 0 4 5 6 6 7 10 10 14 14 24 24 26 28 28 28 31 32 33 34 39 41 43 47 0 0 124 138 183 195 234 281 346 412 489 559 592 615 626 710 719 724 764 782 792 824 915 942 962
57.2864321608 61.5635179153 25 0 1 4 8 9 10 10 10 14 15 16 20 22 27 28 33 35 37 41 43 44 47 47 48 48 0 116 255 276 299 332 343 345 346 348 369 370 404 409 436 601 650 794 811 853 877 880 883 896 997
22.445561139 51.9543973941 25 0 7 7 9 10 15 17 19 23 23 25 27 28 28 30 31 31 33 39 39 41 42 44 45 49 0 0 188 203 247 257 264 311 356 362 364 366 441 565 594 715 716 726 791 801 815 845 898 911 972
49.9162479062 40.7166123779 25 0 0 1 1 2 2 3 5 5 7 10 14 17 18 18 18 27 29 30 31 33 34 42 44 49 0 101 239 272 296 371 388 508 516 557 560 565 576 605 668 673 682 714 837 843 883 886 896 926 931
62.9815745394 82.5732899023 25 0 3 4 9 9 10 12 15 16 16 19 21 23 23 32 33 37 37 41 42 42 43 44 45 47 0 142 176 226 292 352 357 366 410 452 489 517 537 587 671 676 679 708 760 768 772 795 865 893 966
54.4388609715 4.72312703583 25 0 0 4 7 9 10 11 11 15 16 19 19 24 24 31 36 37 38 38 39 40 41 44 45 49 0 159 165 181 255 368 385 393 488 530 569 570 627 640 672 673 676 685 699 751 794 843 866 924 925
25.6281407035 47.3941368078 25 0 2 2 2 11 11 13 16 18 21 24 25 25 26 28 28 30 35 40 41 46 47 48 48 49 0 212 266 301 328 333 417 434 452 462 507 519 557 678 739 751 791 811 831 839 898 917 948 960 998
33.6683417085 46.4169381107 25 0 1 4 4 5 7 7 9 10 11 19 21 22 24 24 26 26 28 34 35 36 40 41 44 47 0 164 165 183 268 272 292 295 339 380 406 493 496 508 533 605 632 659 716 780 833 853 948 981 982
44.05360134 17.1009771987 25 0 0 1 1 2 5 7 11 14 15 18 19 20 21 21 22 22 26 27 29 30 30 30 34 49 0 147 150 174 197 205 258 273 282 332 348 375 433 493 505 552 557 562 570 626 782 794 800 853 973
23.2830820771 57.8175895765 25 0 0 1 2 3 3 5 7 8 8 14 20 27 29 34 35 36 37 37 38 38 42 44 45 48 0 156 207 218 221 221 233 257 297 343 398 416 486 494 563 670 771 793 805 834 866 870 874 890 987
50.0837520938 43.4853420195 25 0 3 8 14 16 19 21 24 25 25 28 31 33 34 35 35 35 41 43 43 43 47 48 48 49 0 0 133 146 150 162 214 235 338 448 467 543 600 670 673 708 750 787 851 866 872 877 948 970 980
39.6984924623 41.3680781759 25 0 1 2 5 5 7 10 14 16 18 26 32 32 34 34 35 36 38 39 40 44 46 46 48 49 0 106 125 135 293 334 344 413 431 448 454 469 513 538 589 666 680 686 695 713 727 859 860 929 946
60.6365159129 59.6091205212 25 0 3 6 7 7 7 10 11 16 16 18 18 19 20 20 20 21 27 27 28 29 35 38 38 42 0 106 130 171 178 181 187 196 236 277 479 502 544 653 687 749 764 793 810 820 836 888 942 954 979
16.4154103853 36.8078175896 25 0 0 3 4 4 6 9 12 14 15 18 18 18 19 19 23 26 28 28 29 30 31 36 37 49 0 104 144 151 176 193 196 279 287 374 386 402 419 498 514 563 581 605 621 639 659 882 891 898 948
33.3333333333 46.7426710098 25 0 2 3 7 7 8 8 8 8 10 12 14 14 14 16 20 21 25 27 29 36 36 37 40 44 0 106 137 149 151 257 291 295 423 424 449 508 510 574 623 656 684 693 728 748 805 826 827 888 920
38.1909547739 27.3615635179 25 0 1 2 4 7 7 9 11 13 14 15 25 30 31 31 31 32 36 38 38 41 42 43 48 48 0 140 189 205 252 290 340 439 461 472 507 563 566 581 582 607 686 695 702 727 822 904 918 920 937
47.2361809045 80.7817589577 25 0 1 5 6 7 8 10 12 15 16 18 20 20 21 23 24 25 27 37 37 38 42 42 47 49 0 107 117 201 298 304 364 377 392 432 438 464 514 600 623 747 774 778 849 905 915 930 949 968 979
46.2311557789 54.0716612378 25 0 3 5 5 8 9 11 12 17 20 22 24 24 26 26 28 34 35 38 39 40 46 48 49 49 0 141 199 208 255 258 267 291 315 390 432 465 523 603 614 768 769 772 808 865 888 913 920 981 993
24.4556113903 43.1596091205 25 0 6 6 6 7 12 13 14 16 19 21 28 28 31 31 35 36 36 38 40 41 43 44 45 49 0 134 153 198 256 273 286 287 328 335 433 461 517 551 567 630 675 687 737 758 822 839 843 850 934
55.4438860972 34.3648208469 25 0 0 1 3 8 9 11 11 16 18 20 23 27 30 33 38 39 41 41 43 43 45 49 49 49 0 102 170 204 327 348 406 420 445 467 504 515 604 605 650 681 684 743 761 771 796 834 857 911 960
62.3115577889 50.0 25 0 0 3 3 12 12 12 14 16 18 18 21 24 25 28 30 30 31 34 37 37 41 45 46 48 0 149 164 200 216 250 270 340 355 362 459 473 506 554 568 653 660 661 669 670 791 855 861 863 945
38.6934673367 67.9153094463 25 0 1 5 14 18 19 26 26 30 32 33 35 37 38 39 39 39 39 40 42 43 43 47 48 48 0 122 161 202 275 361 406 411 466 513 531 556 563 568 644 655 659 767 845 848 866 921 936 972 981
89.1122278057 71.1726384365 25 0 0 2 3 3 4 10 10 11 11 13 13 17 18 22 22 23 25 26 28 36 38 38 44 45 0 135 136 231 244 276 285 312 353 369 400 451 510 514 558 607 753 754 796 852 894 895 904 972 982
40.8710217755 52.2801302932 25 0 0 0 1 2 4 8 9 11 20 25 26 27 27 27 32 35 35 37 44 44 44 45 46 48 0 146 162 188 197 199 267 326 355 430 491 504 527 569 597 615 621 641 642 722 742 752 797 828 862
77.8894472362 48.6970684039 25 0 0 2 5 7 9 10 12 15 17 22 26 30 30 33 33 36 38 41 42 44 45 47 48 49 0 126 134 153 179 180 271 329 344 351 461 502 518 531 605 665 715 742 756 765 767 774 817 850 907
34.8408710218 31.1074918567 25 0 1 1 8 9 13 14 14 22 23 24 26 28 29 30 32 36 38 39 40 41 44 47 47 49 0 104 226 299 314 350 426 484 512 548 552 675 701 705 708 714 720 733 749 773 817 831 865 930 961
52.9313232831 51.6286644951 25 0 0 1 7 8 9 10 11 12 15 17 21 25 25 26 31 32 32 33 37 38 39 43 43 47 0 104 119 148 166 265 381 386 406 409 411 421 449 481 561 697 715 765 805 828 930 936 962 966 993
31.9932998325 57.9804560261 25 0 2 2 6 6 13 14 19 22 23 25 26 26 30 32 33 37 37 37 40 41 42 42 43 46 0 0 106 131 132 221 299 348 363 437 450 467 494 509 517 542 641 651 758 780 855 856 875 897 921
83.4170854271 39.9022801303 25 0 2 3 3 5 10 12 14 18 20 22 23 24 26 28 28 30 30 35 37 37 39 42 46 46 0 196 240 283 344 344 347 351 367 419 433 490 525 525 549 597 643 651 739 779 848 869 876 885 971
39.5309882747 42.0195439739 25 0 2 3 4 10 10 12 14 14 17 17 20 22 24 24 24 24 27 32 34 35 40 41 41 45 0 104 124 230 269 307 313 317 317 325 430 439 457 465 510 604 704 732 805 824 905 973 977 978 999
69.0117252931 91.3680781759 25 0 1 5 12 13 16 18 19 20 20 21 22 23 23 25 25 26 27 30 32 38 41 44 46 47 0 0 123 134 152 247 271 302 339 417 470 494 532 593 694 753 760 811 824 825 846 881 954 993 993
53.0988274707 69.0553745928 25 0 0 1 2 3 5 5 5 10 12 17 17 17 21 24 28 32 36 40 42 43 45 45 46 49 0 0 117 118 119 209 280 290 394 407 455 480 508 533 556 598 598 598 624 680 777 791 812 867 879
16.9179229481 25.2442996743 25 0 1 5 6 8 9 9 12 16 18 18 18 18 21 22 24 25 26 26 28 31 32 33 40 41 0 0 191 204 224 314 331 349 417 451 495 571 591 613 619 666 669 669 685 689 745 763 822 895 934
55.4438860972 26.2214983713 25 0 1 3 4 8 11 12 15 17 24 25 26 27 32 33 33 39 39 41 45 45 46 47 48 49 0 0 248 266 284 337 345 400 420 456 469 503 518 573 602 604 623 690 723 731 800 856 857 887 926
48.9112227806 100.0 25 0 4 5 6 11 12 13 13 15 15 15 16 18 20 22 28 29 29 34 35 44 45 45 47 48 0 119 176 227 238 251 276 279 304 306 326 346 384 528 532 579 633 688 726 732 739 807 835 902 944
28.3082077052 35.993485342 25 0 0 1 2 5 8 11 11 12 13 19 19 22 23 26 27 27 29 31 33 33 35 37 38 47 0 0 212 227 247 311 312 329 337 354 390 447 466 493 527 545 650 680 751 753 764 841 858 963 971
66.6666666667 77.8501628664 25 0 4 6 7 8 10 14 15 18 19 19 19 24 26 26 28 33 33 36 37 38 40 41 43 44 0 115 196 348 393 436 472 491 534 550 550 560 607 608 650 675 703 800 826 874 884 925 936 946 988
46.3986599665 59.2833876221 25 0 0 2 7 7 11 13 14 15 15 21 24 25 26 30 34 34 35 38 40 43 47 47 48 48 0 114 135 176 211 233 284 292 294 309 392 436 445 552 625 689 701 761 764 765 789 872 905 967 975
60.4690117253 21.335504886 25 0 0 1 1 1 9 10 12 13 14 18 19 21 24 26 28 28 30 32 32 35 41 44 44 45 0 273 295 317 392 451 458 466 549 550 559 607 653 671 705 738 752 779 844 933 938 982 984 985 989
56.2814070352 43.4853420195 25 0 0 1 3 11 16 18 21 21 22 23 24 25 25 27 28 34 42 42 44 44 45 46 48 49 0 109 118 149 164 227 306 323 363 364 396 550 584 587 599 703 756 785 810 834 836 927 933 944 986
69.6817420436 26.2214983713 25 0 2 4 5 5 10 12 15 16 16 17 20 21 23 23 24 24 30 32 38 40 43 46 49 49 0 129 133 153 155 221 267 297 338 400 426 442 501 541 545 661 665 668 670 769 784 822 852 894 921
34.1708542714 82.5732899023 25 0 0 2 3 4 9 9 11 12 12 17 18 21 30 30 31 35 37 43 46 46 46 47 49 49 0 0 102 107 114 162 201 248 275 298 425 473 491 527 553 600 606 683 712 827 831 880 882 922 941
64.6566164154 46.0912052117 25 0 0 1 6 9 9 11 11 14 15 21 22 29 29 30 30 36 37 39 41 42 44 47 47 48 0 118 119 182 320 326 329 335 338 369 478 533 542 546 649 685 732 766 791 804 817 858 863 887 903
5.69514237856 29.3159609121 25 0 0 1 1 4 14 18 20 21 22 24 25 26 26 27 31 31 34 35 37 40 42 42 48 49 0 124 157 186 208 229 261 306 373 379 485 518 589 607 620 671 737 756 762 825 853 877 887 910 967
44.8911222781 31.7589576547 25 0 0 0 1 3 5 5 6 8 9 13 15 16 17 18 18 22 33 34 37 46 47 48 49 49 0 131 182 214 218 343 433 466 487 538 546 567 583 587 625 632 671 707 765 773 856 901 905 910 999
50.9212730318 57.1661237785 25 0 0 0 3 5 8 8 10 12 20 26 28 28 32 33 33 33 34 36 37 39 41 42 49 49 0 161 222 223 369 374 380 409 438 446 451 496 558 587 596 633 639 698 703 719 740 746 777 806 846
60.6365159129 66.7752442997 25 0 7 8 10 11 11 11 11 14 15 16 19 20 21 24 25 25 25 26 28 33 33 37 48 49 0 0 123 244 246 266 343 439 450 487 515 522 538 542 631 661 678 710 737 738 754 866 871 970 998
46.0636515913 39.4136807818 25 0 3 9 11 12 12 17 18 18 20 22 23 27 28 30 32 36 36 37 38 40 40 42 42 45 0 171 176 191 194 195 199 239 324 378 396 431 545 566 591 594 633 639 641 653 758 878 922 951 981
25.6281407035 44.2996742671 25 0 2 2 3 5 5 7 8 21 22 22 25 26 31 34 34 35 37 38 41 42 43 44 44 49 0 123 143 157 163 197 260 272 326 373 373 382 425 533 606 644 665 716 741 786 790 794 860 932 976
73.7018425461 65.9609120521 25 0 0 7 11 11 11 13 14 21 22 24 24 26 30 34 35 37 42 42 45 45 46 48 49 49 0 127 157 174 206 220 229 269 345 348 366 435 443 541 573 657 683 697 708 735 739 789 818 823 878
59.2964824121 45.7654723127 25 0 0 2 4 5 9 10 10 11 12 13 14 21 25 27 30 33 33 34 42 44 44 44 44 49 0 122 131 256 274 299 304 334 341 476 500 544 700 714 784 824 848 854 855 903 910 926 957 982 996
47.9061976549 23.1270358306 25 0 3 3 4 6 8 8 9 16 17 17 19 20 22 25 29 29 32 34 34 36 39 40 41 45 0 164 227 311 380 393 401 405 510 529 568 623 654 666 678 771 779 819 820 834 850 900 908 911 920
35.6783919598 40.0651465798 25 0 1 3 5 11 13 17 17 18 22 22 26 31 31 34 36 40 40 40 44 44 45 46 49 49 0 147 173 216 237 306 330 358 376 392 417 445 481 483 700 707 775 787 833 908 928 943 977 986 992
58.458961474 51.3029315961 25 0 2 7 8 15 16 18 18 26 28 29 29 31 32 36 37 37 41 42 44 45 46 48 48 49 0 0 198 203 214 216 251 271 284 379 449 449 463 479 500 572 605 619 746 798 811 814 839 857 970
47.9061976549 67.1009771987 25 0 0 2 5 5 6 10 14 15 26 27 27 28 28 31 31 32 35 35 35 37 38 38 41 47 0 0 343 390 391 396 407 410 410 475 480 507 560 587 588 624 656 833 834 861 939 954 965 974 979
46.0636515913 45.1140065147 25 0 2 4 6 6 15 15 18 19 19 22 27 29 29 31 34 36 37 40 41 43 43 44 48 48 0 107 247 249 252 288 288 293 294 321 348 409 454 459 489 525 563 571 584 587 679 814 845 938 951
60.4690117253 65.4723127036 25 0 1 1 4 7 7 10 10 12 14 15 18 19 20 25 25 28 28 33 34 36 39 41 43 47 0 123 152 211 212 256 267 343 351 354 466 485 518 540 584 597 645 681 688 694 746 777 813 841 966
58.7939698492 44.2996742671 25 0 2 5 7 7 11 14 15 17 17 22 23 25 27 27 29 33 37 38 43 45 46 46 48 49 0 0 166 185 205 210 290 313 373 378 383 442 504 536 537 619 687 727 728 747 799 908 965 972 997
50.418760469 58.3061889251 25 0 0 1 5 6 7 13 15 16 24 25 26 27 27 31 32 33 34 34 36 36 40 47 48 48 0 117 229 249 257 276 383 412 424 443 465 495 509 635 653 728 764 769 801 822 827 865 870 917 956
40.7035175879 12.3778501629 25 0 0 1 1 3 6 8 9 9 12 24 29 29 33 33 33 35 36 39 42 43 44 46 47 49 0 167 180 198 239 265 351 371 411 439 457 524 570 654 698 704 712 782 794 796 864 888 908 947 948
51.7587939698 46.4169381107 25 0 1 2 8 9 13 15 16 17 19 21 21 21 24 25 25 26 27 31 34 36 39 45 47 47 0 163 185 207 312 346 415 454 506 520 542 545 564 612 618 740 821 849 857 876 887 892 914 979 993
57.9564489112 27.1986970684 25 0 0 2 10 12 16 17 17 18 19 22 23 23 23 25 29 30 32 37 37 37 37 38 44 46 0 0 157 214 300 389 521 536 560 567 614 620 643 663 676 718 721 746 802 821 831 837 880 882 912
69.8492462312 70.1954397394 25 0 4 5 13 13 19 21 23 23 28 29 35 39 42 42 43 43 44 46 46 46 48 48 48 48 0 152 162 184 193 197 212 238 246 247 252 273 370 402 445 453 514 528 554 610 631 825 871 912 981
58.9614740369 62.8664495114 25 0 2 3 4 6 7 8 11 15 17 17 20 21 25 27 28 28 30 32 38 42 43 45 47 47 0 115 118 118 127 179 236 343 368 405 425 455 472 473 496 505 577 653 701 727 808 842 883 929 950
29.8157453936 58.9576547231 25 0 0 0 0 2 4 4 6 7 8 10 13 13 15 21 25 25 27 28 29 33 34 45 45 48 0 137 159 220 239 242 262 300 301 477 542 564 576 625 632 648 658 680 715 761 811 825 873 987 994
32.1608040201 76.8729641694 25 0 4 5 7 9 10 10 18 19 23 23 23 24 24 24 27 34 36 39 40 40 41 43 48 49 0 147 150 172 214 232 296 300 303 312 338 356 376 462 467 489 570 608 613 632 684 702 792 848 917
38.3584589615 40.0651465798 25 0 2 3 8 8 9 14 19 22 23 24 26 27 30 31 32 32 32 34 36 38 40 42 43 49 0 0 211 243 262 332 360 360 477 499 574 618 622 628 643 659 682 746 779 824 849 865 872 954 956
84.9246231156 61.4006514658 25 0 4 6 8 11 11 13 15 19 23 24 25 26 29 31 33 35 36 38 43 44 44 45 45 45 0 152 176 191 231 255 323 329 352 353 399 412 433 442 458 465 475 512 563 613 630 708 749 853 891
32.3283082077 46.2540716612 25 0 3 10 14 16 16 16 18 18 18 19 20 20 25 26 27 29 29 40 43 45 45 46 46 46 0 0 105 154 157 182 213 244 305 317 365 437 447 461 465 481 587 590 680 682 702 707 836 857 869
33.6683417085 35.5048859935 25 0 3 6 7 11 13 15 15 16 18 22 24 25 25 26 28 29 32 36 38 39 41 45 46 48 0 101 169 216 353 371 377 474 487 487 522 526 575 576 609 617 637 768 795 851 870 896 926 939 954
80.2345058626 39.2508143322 25 0 4 8 9 10 12 12 14 16 17 18 18 24 25 26 27 27 29 30 34 38 43 45 46 49 0 0 137 172 245 265 278 301 321 361 390 455 462 473 496 518 526 565 646 833 841 889 890 929 976
65.9966499162 38.5993485342 25 0 1 5 7 7 8 9 10 12 16 17 19 20 25 30 33 36 37 37 38 39 40 40 42 49 0 128 157 164 261 288 298 298 306 381 386 452 456 464 476 558 690 719 764 777 802 887 952 980 992
45.8961474037 24.4299674267 25 0 1 2 4 5 7 9 14 15 17 19 22 22 25 25 31 32 35 41 41 44 45 46 47 48 0 157 161 182 234 293 366 416 461 501 507 510 513 524 573 579 748 795 832 833 862 956 973 975 975
41.541038526 42.5081433225 25 0 9 12 14 15 15 15 15 16 20 26 27 30 31 32 32 34 35 36 38 41 41 42 47 48 0 135 177 215 236 275 301 377 392 393 394 514 622 675 680 688 697 726 737 824 841 846 925 930 946
29.8157453936 63.1921824104 25 0 3 4 10 12 12 14 15 17 18 19 23 25 27 28 28 30 37 41 41 42 45 47 47 49 0 124 140 164 296 363 364 426 515 524 570 588 604 621 708 736 774 844 845 862 910 922 960 969 975
50.0837520938 74.4299674267 25 0 3 6 7 9 11 11 12 13 17 18 25 26 26 28 31 32 35 42 42 43 46 46 48 49 0 111 122 163 201 235 259 287 350 377 459 477 488 518 570 584 624 625 711 712 784 836 839 887 995
52.9313232831 51.7915309446 25 0 3 4 6 6 8 8 8 10 11 13 15 17 18 20 23 26 30 32 34 35 36 39 47 49 0 128 180 218 218 225 233 260 277 302 319 339 364 371 428 430 476 519 597 606 683 744 892 903 998
59.9664991625 49.674267101 25 0 0 0 3 5 7 7 9 10 11 17 19 22 27 33 36 39 39 40 42 43 43 47 48 49 0 0 141 154 265 290 317 406 477 507 576 577 580 652 705 769 778 812 817 854 882 887 944 960 963
47.5711892797 72.8013029316 25 0 2 2 3 5 7 8 9 13 21 21 22 23 26 27 27 28 31 32 33 38 40 42 47 48 0 213 259 281 294 319 330 412 430 462 473 476 478 479 518 531 532 577 586 597 629 706 781 787 820
23.7855946399 46.5798045603 25 0 0 3 5 7 8 9 11 11 12 12 18 18 18 22 25 25 37 39 42 42 45 46 47 49 0 119 163 186 226 279 299 313 392 417 429 511 519 537 653 679 744 752 759 761 854 872 899 903 934
51.9262981575 63.8436482085 25 0 0 1 2 3 5 5 5 6 8 10 10 16 18 18 18 22 22 23 30 32 33 36 36 39 0 0 101 150 157 183 210 228 253 292 450 533 557 574 579 664 799 806 834 839 864 868 903 990 993
60.6365159129 46.4169381107 25 0 1 3 4 5 7 11 12 13 15 18 26 30 31 32 35 37 38 40 42 42 43 43 43 47 0 105 110 194 201 238 343 352 460 470 488 562 605 616 641 661 774 777 780 798 837 917 943 964 977
40.2010050251 72.8013029316 25 0 0 6 6 8 10 12 13 15 15 18 20 22 24 28 30 31 33 36 39 41 44 45 47 47 0 258 258 269 305 365 463 507 510 549 628 635 664 699 732 751 760 782 814 831 850 853 958 971 976
62.6465661642 51.7915309446 25 0 0 0 0 2 4 4 4 6 9 12 17 19 20 27 27 30 31 32 42 45 46 46 46 49 0 109 125 181 190 268 312 315 346 445 447 447 483 530 553 589 701 723 730 769 784 843 945 957 965
21.1055276382 56.0260586319 25 0 0 4 5 5 6 9 10 12 13 13 18 19 19 21 22 24 29 30 31 33 36 40 48 49 0 0 141 195 197 255 303 474 486 510 566 602 609 641 653 698 798 804 829 858 870 899 906 938 940
67.0016750419 91.6938110749 25 0 1 5 6 7 12 16 17 18 18 20 21 22 26 29 30 30 30 31 33 35 37 41 44 45 0 113 137 149 162 270 291 303 337 339 491 504 553 562 571 593 625 641 736 754 766 784 873 895 897
37.3534338358 46.0912052117 25 0 0 3 4 6 6 7 8 9 17 23 30 31 35 37 37 40 41 41 42 46 47 47 47 49 0 0 108 116 153 166 230 311 435 468 476 541 556 560 565 574 586 639 700 703 767 831 860 913 957
57.9564489112 59.7719869707 25 0 1 4 7 9 11 11 14 16 19 19 20 21 22 23 25 26 27 28 31 32 35 46 47 47 0 103 115 152 213 234 254 265 311 317 327 372 399 480 494 523 595 621 641 669 699 768 769 833 933
62.8140703518 46.9055374593 25 0 3 4 5 5 7 13 14 15 15 16 20 21 23 23 26 26 27 33 34 35 40 41 45 45 0 158 164 179 193 320 323 352 360 432 490 497 516 521 597 611 737 756 761 767 842 849 925 940 948
45.3936348409 52.1172638436 25 0 0 2 3 5 6 7 12 14 15 22 24 24 27 28 28 31 33 33 34 37 37 37 43 45 0 110 161 163 181 204 307 328 390 398 410 474 522 560 591 596 601 659 693 704 883 921 942 961 972
24.4556113903 62.8664495114 25 0 0 4 5 8 10 12 13 17 19 21 25 26 27 27 30 31 33 34 36 44 46 46 47 47 0 162 192 312 358 476 489 577 580 596 613 629 649 657 761 794 804 822 845 851 855 867 885 915 926
53.0988274707 51.3029315961 25 0 9 13 18 19 20 22 25 25 26 27 31 34 34 35 35 35 36 40 45 45 46 47 47 48 0 126 127 138 142 201 205 211 260 426 603 615 676 724 804 850 868 904 927 934 937 938 947 985 994
10.7202680067 42.0195439739 25 0 1 11 11 13 21 21 25 25 30 32 33 34 36 36 40 40 41 43 44 45 47 47 47 48 0 116 164 186 214 234 242 255 414 443 469 483 502 528 542 549 553 678 727 756 781 819 923 929 948
29.648241206 39.2508143322 25 0 1 3 4 8 11 14 17 17 19 20 21 22 24 26 28 30 34 36 36 36 40 41 42 45 0 0 105 256 259 307 335 337 397 413 434 444 449 473 475 482 482 505 596 666 792 835 883 938 946
83.7520938023 0.0 25 0 0 5 6 7 8 10 10 11 12 14 15 19 22 25 26 30 33 34 45 46 48 48 49 49 0 123 137 240 248 268 275 290 290 318 388 397 453 458 462 479 493 500 640 644 683 690 748 844 964
50.5862646566 63.680781759 25 0 0 0 1 1 2 5 7 8 9 10 10 11 11 14 16 24 25 29 31 33 37 37 38 43 0 104 109 117 134 178 194 262 266 292 329 362 434 498 532 560 577 595 614 633 659 695 835 840 870
48.9112227806 62.7035830619 25 0 0 2 3 4 4 7 10 14 15 15 17 18 18 19 21 25 29 34 38 38 40 43 49 49 0 110 201 205 264 294 308 382 416 471 507 536 556 578 623 676 697 704 730 789 828 837 854 959 985
51.9262981575 52.4429967427 25 0 3 4 4 5 9 9 9 12 12 19 20 21 21 24 24 28 28 29 30 40 42 42 45 46 0 0 178 181 192 216 246 298 332 353 378 442 486 603 605 681 703 759 778 866 917 934 936 949 997
60.6365159129 53.7459283388 25 0 0 3 3 5 8 9 11 13 13 14 16 20 21 21 23 30 33 33 36 36 38 43 45 47 0 101 108 144 174 199 213 213 360 500 508 558 595 599 646 646 690 719 783 818 895 910 917 954 969
51.7587939698 46.4169381107 25 0 0 1 2 5 5 8 11 13 13 22 24 25 26 26 28 30 33 40 40 42 43 44 45 46 0 127 217 235 267 270 338 361 382 432 438 463 478 484 543 575 596 621 633 656 755 775 836 877 940
42.8810720268 45.2768729642 25 0 0 0 3 7 11 11 11 11 15 17 18 18 19 31 31 35 36 39 42 43 43 47 48 49 0 115 135 154 226 295 307 430 471 483 525 536 593 606 621 624 664 670 674 682 762 811 826 870 874
61.8090452261 56.1889250814 25 0 0 0 3 4 8 8 9 9 11 13 15 16 18 19 28 29 33 39 39 41 44 44 47 48 0 102 124 154 173 204 242 290 299 348 366 416 460 607 643 667 750 756 764 838 895 918 936 962 989
25.7956448911 63.5179153094 25 0 3 4 4 4 5 7 8 9 12 16 20 21 23 23 24 26 26 29 32 32 38 42 42 49 0 0 106 119 121 161 164 185 187 202 389 393 450 465 523 527 594 601 699 750 907 918 927 932 940
51.256281407 52.1172638436 25 0 5 5 5 8 8 8 14 19 19 20 22 23 24 26 26 30 39 41 42 42 45 47 48 49 0 105 113 199 210 267 282 295 340 435 445 452 504 526 535 590 613 634 654 761 782 805 853 902 938
52.7638190955 41.3680781759 25 0 0 3 4 4 6 8 12 21 24 27 32 33 35 37 37 38 39 39 39 43 43 46 46 48 0 204 229 286 287 311 403 428 469 502 503 559 609 611 620 636 648 694 720 733 747 860 905 972 975
60.8040201005 43.4853420195 25 0 1 4 5 6 6 9 9 10 11 11 15 15 16 24 24 27 28 30 32 33 36 40 40 44 0 106 124 173 263 332 347 369 395 406 461 480 512 581 585 615 622 645 746 764 802 836 903 914 938
86.7671691792 59.7719869707 25 0 0 3 5 7 10 12 14 15 15 17 20 20 21 21 21 21 25 26 28 31 37 39 41 44 0 0 151 158 209 293 309 330 382 392 396 487 505 519 573 608 720 770 776 780 811 822 911 928 928
75.0418760469 52.7687296417 25 0 2 4 4 4 4 6 17 18 19 24 25 27 30 32 32 34 34 35 40 41 41 41 44 48 0 186 219 268 272 328 330 353 381 396 463 581 587 642 655 720 722 772 806 813 816 883 904 924 978
66.6666666667 48.6970684039 25 0 0 1 8 10 10 10 16 22 23 25 27 30 31 36 36 38 38 38 39 39 42 42 45 46 0 0 181 192 249 370 381 400 411 422 427 431 465 584 602 605 669 718 747 764 832 870 928 978 988
74.2043551089 40.3908794788 25 0 0 1 2 9 11 12 16 22 24 27 30 30 31 33 38 39 40 41 41 44 45 46 46 49 0 111 112 115 217 252 285 316 340 377 386 387 389 420 480 490 658 685 723 793 798 849 920 935 963
31.3232830821 38.4364820847 25 0 3 5 5 6 9 11 11 13 15 21 22 23 25 25 26 27 33 36 39 39 41 43 44 47 0 118 169 183 438 439 462 570 576 614 626 684 710 732 742 749 762 771 828 845 860 881 901 914 920
48.4087102178 56.5146579805 25 0 4 7 8 8 15 15 18 18 20 22 23 24 25 27 28 32 32 36 39 40 42 43 44 44 0 0 305 320 350 400 449 457 471 475 485 592 630 649 740 748 775 779 807 834 878 931 937 948 970
39.6984924623 74.5928338762 25 0 0 1 4 5 6 6 9 9 12 14 19 21 25 28 29 30 31 31 32 32 33 36 43 44 0 156 188 232 274 338 348 452 510 531 539 560 588 594 759 766 808 846 853 927 948 964 964 968 980
78.2244556114 69.2182410423 25 0 8 8 10 12 16 16 18 18 19 21 23 26 29 32 33 36 36 38 39 43 44 46 46 46 0 168 331 379 392 429 438 445 494 516 526 608 625 634 669 742 787 811 828 859 944 950 961 977 998
29.8157453936 53.9087947883 25 0 2 3 4 5 9 10 10 20 22 26 26 29 33 35 35 36 36 37 39 40 41 47 49 49 0 110 120 121 165 259 272 280 288 377 400 408 484 513 555 659 675 687 714 755 802 819 831 866 973
55.2763819095 75.7328990228 25 0 1 1 2 3 5 5 6 10 11 13 15 15 21 27 32 40 40 41 42 43 45 46 47 48 0 106 134 175 216 271 309 348 380 432 499 508 560 630 655 664 673 682 720 726 833 840 925 926 950
51.7587939698 13.680781759 25 0 6 6 11 15 18 18 21 21 23 25 28 29 32 32 32 33 33 36 37 39 41 41 41 44 0 101 145 241 269 272 283 291 307 418 423 552 565 593 695 716 796 827 844 846 855 886 934 948 958
23.4505862647 54.7231270358 25 0 0 3 4 4 5 9 10 16 19 23 26 29 29 30 31 32 32 33 37 37 38 41 45 49 0 0 127 233 235 244 292 389 395 398 411 448 449 456 599 683 699 701 733 766 783 797 809 872 987
60.8040201005 49.8371335505 25 0 0 3 5 6 6 7 7 8 11 12 14 16 16 18 20 27 32 33 35 38 39 41 42 44 0 120 122 193 228 257 308 349 397 399 533 552 572 629 643 659 794 806 826 853 867 946 955 965 969
58.2914572864 27.0358306189 25 0 2 4 6 8 14 15 16 21 23 23 24 25 26 27 27 27 28 32 34 35 39 39 42 45 0 0 147 158 163 324 393 396 400 408 451 463 533 600 607 643 653 691 773 793 843 846 896 941 993
58.458961474 25.0814332248 25 0 1 3 3 5 8 10 10 10 14 22 22 28 29 30 35 37 38 40 41 41 42 43 45 49 0 190 200 243 259 292 313 345 436 500 523 571 610 628 644 688 689 767 829 878 898 921 932 933 956
62.6465661642 44.2996742671 25 0 1 3 4 4 4 4 5 5 11 13 16 18 19 25 26 28 29 31 32 34 36 41 44 45 0 114 254 274 293 309 339 345 382 417 453 525 536 647 670 687 700 747 795 911 915 917 941 974 978
43.216080402 65.3094462541 25 0 0 0 1 2 2 5 7 9 14 19 26 29 32 32 33 34 36 39 40 43 45 46 48 49 0 137 139 144 161 177 207 282 319 355 378 403 414 463 500 506 632 703 706 720 722 822 850 881 908
38.5259631491 56.0260586319 25 0 2 2 3 3 5 8 11 13 14 25 27 27 28 29 31 37 39 40 45 45 45 47 48 48 0 0 129 169 175 235 260 295 326 334 375 380 412 414 431 449 471 556 567 585 704 892 899 933 973
30.3182579564 62.5407166124 25 0 0 3 9 11 11 17 19 20 21 27 28 31 34 35 41 41 43 44 44 44 44 45 45 47 0 0 195 220 223 275 288 323 329 393 404 419 432 455 470 490 543 691 830 874 879 921 961 984 987
49.7487437186 57.328990228 25 0 1 2 6 6 8 9 9 12 12 13 13 21 22 22 23 23 24 25 27 31 31 34 36 49 0 0 213 245 268 332 389 407 485 521 569 577 590 735 757 767 785 792 815 836 854 888 955 959 981
100.0 47.8827361564 25 0 1 4 7 8 9 10 12 12 17 21 21 25 26 27 29 31 32 35 36 41 41 42 43 48 0 268 279 283 319 332 377 381 424 572 621 666 668 676 695 711 713 747 780 808 867 887 890 901 951
36.1809045226 49.0228013029 25 0 0 3 3 4 6 10 13 17 18 18 19 27 35 39 40 40 41 41 44 44 47 48 48 48 0 110 110 143 217 256 269 291 334 349 356 364 474 523 535 547 649 671 693 759 770 910 918 953 990
31.8257956449 22.8013029316 25 0 1 3 4 6 9 10 13 16 18 18 19 22 23 23 24 27 31 34 36 36 40 41 42 43 0 173 223 264 276 283 302 337 379 451 671 741 767 771 798 801 837 889 904 914 919 934 963 965 971
59.1289782245 37.7850162866 25 0 0 1 4 9 9 10 12 16 16 21 21 21 22 26 26 38 38 39 42 44 44 46 47 48 0 100 113 141 155 156 164 272 383 468 476 529 558 691 719 769 779 785 797 886 909 947 947 976 982
46.9011725293 32.7361563518 25 0 5 6 8 12 12 13 15 19 20 24 25 25 27 27 27 28 29 31 33 37 38 40 40 41 0 111 125 130 149 157 181 188 189 209 219 227 310 422 458 491 500 591 696 771 911 915 920 974 983
49.4137353434 45.2768729642 25 0 6 6 7 10 12 15 19 22 23 25 26 26 27 27 28 29 32 33 35 36 37 38 41 47 0 0 146 190 230 276 347 356 444 451 460 482 551 609 649 722 734 853 854 855 916 940 967 978 978
47.0686767169 47.8827361564 25 0 3 5 6 6 14 15 15 16 16 21 22 23 25 31 33 33 34 35 36 40 41 46 47 48 0 0 150 154 207 252 262 336 508 516 521 549 560 703 711 722 764 779 799 799 881 936 957 972 973
22.445561139 74.9185667752 25 0 2 4 5 5 11 11 22 22 23 23 29 30 31 31 33 33 35 37 37 39 40 42 45 46 0 0 113 117 297 317 347 382 396 419 475 491 501 511 517 534 545 597 610 698 735 815 840 908 940
39.0284757119 48.5342019544 25 0 1 2 3 9 14 14 16 19 27 27 27 29 30 33 34 36 37 39 40 41 43 44 45 45 0 110 317 330 358 361 383 389 417 545 545 547 601 642 684 704 705 733 762 773 775 811 862 878 995
66.4991624791 36.319218241 25 0 3 7 8 12 12 15 16 19 19 20 23 23 27 29 31 31 33 34 35 39 40 41 43 43 0 0 111 127 177 220 257 262 267 314 332 337 401 404 492 529 533 533 573 660 672 801 850 947 990
17.5879396985 50.4885993485 25 0 4 5 7 11 15 16 17 20 25 27 28 29 29 29 31 32 32 37 37 41 41 42 45 46 0 103 160 162 178 188 293 306 322 353 353 416 428 495 528 593 601 678 755 762 796 816 835 870 999
54.6063651591 30.6188925081 25 0 0 2 5 10 11 12 13 14 15 17 18 19 20 21 22 23 24 25 26 28 33 34 40 49 0 201 342 344 361 380 390 433 464 465 483 510 515 538 575 695 730 734 788 788 805 866 935 974 994
70.0167504188 32.5732899023 25 0 5 7 7 7 11 12 13 14 18 20 22 23 26 33 35 37 40 43 44 45 46 46 49 49 0 158 182 263 372 415 442 459 464 491 493 540 544 602 692 753 777 778 781 799 822 851 867 873 951
67.1691792295 31.5960912052 25 0 2 2 3 5 6 7 9 11 13 14 14 15 15 15 17 19 19 20 21 31 41 44 46 46 0 0 127 183 187 203 215 234 263 287 290 367 369 655 663 688 713 761 790 804 808 842 905 982 995
56.4489112228 56.3517915309 25 0 0 1 2 5 6 8 12 15 16 17 18 18 20 24 26 27 28 39 39 41 42 48 48 48 0 161 176 264 343 374 381 401 496 504 535 553 567 603 608 729 814 823 832 846 880 905 905 935 939
4.35510887772 49.348534202 25 0 1 2 4 6 7 8 9 12 14 19 26 26 27 28 28 30 32 34 37 39 41 45 45 46 0 111 113 157 189 229 381 382 390 423 477 480 486 499 577 588 615 646 652 679 681 709 809 847 990
45.0586264657 51.9543973941 25 0 0 1 2 2 5 5 7 8 11 12 16 17 24 24 28 31 34 37 40 40 45 48 48 49 0 211 289 297 326 377 402 429 527 600 608 635 692 749 774 791 795 824 863 883 892 895 907 907 954
66.1641541039 64.983713355 25 0 3 4 7 7 8 10 13 18 22 24 25 25 30 31 37 39 41 41 42 44 44 45 47 49 0 148 155 165 280 334 378 394 433 460 484 503 530 543 566 569 625 627 631 801 822 863 881 958 985
54.7738693467 21.4983713355 25 0 2 4 6 7 8 12 13 14 19 22 25 28 29 30 33 35 37 37 44 44 46 47 48 48 0 141 156 180 215 232 271 292 301 359 366 391 439 497 505 582 586 634 657 738 757 860 917 942 985
23.1155778894 30.2931596091 25 0 2 2 2 3 3 7 8 8 10 10 13 18 18 20 22 23 26 31 32 34 38 39 47 48 0 117 120 131 212 216 254 269 285 376 391 452 487 488 533 534 542 564 586 591 686 765 852 946 953
33.1658291457 35.8306188925 25 0 1 1 3 4 7 8 10 10 11 16 20 21 24 27 27 28 30 31 36 38 41 41 47 49 0 0 179 180 231 318 337 361 399 403 491 518 551 562 565 571 603 617 660 673 706 725 748 764 799
52.4288107203 11.0749185668 25 0 2 4 5 5 6 7 8 9 9 11 14 14 15 25 31 34 34 35 36 38 42 43 44 47 0 105 126 146 178 203 221 243 249 252 294 332 432 433 507 534 608 672 715 765 787 812 862 863 954
58.7939698492 41.0423452769 25 0 0 1 4 6 7 13 14 19 21 23 24 31 33 39 39 41 42 43 44 44 44 45 47 48 0 0 189 261 265 375 375 462 497 511 528 530 577 591 605 610 656 742 833 853 885 907 916 978 995
52.2613065327 54.0716612378 25 0 0 2 8 9 9 12 14 14 14 15 15 16 17 18 19 22 26 35 36 36 37 37 40 49 0 0 176 236 237 295 369 385 422 508 594 652 741 752 799 825 898 924 933 937 979 983 984 987 988
60.9715242881 53.0944625407 25 0 2 2 5 9 15 15 16 18 23 25 29 30 31 32 36 37 39 39 40 41 44 45 46 48 0 112 125 143 201 235 280 387 417 420 428 481 509 545 565 667 699 756 778 823 837 927 927 958 964
46.9011725293 88.4364820847 25 0 0 3 7 9 11 13 13 14 19 21 26 28 28 29 32 39 39 40 42 43 46 47 48 49 0 132 186 311 338 347 361 366 412 423 426 492 508 522 540 553 564 612 647 677 689 705 737 786 911
57.1189279732 71.661237785 25 0 0 1 3 4 7 17 17 19 19 22 22 24 26 26 26 28 29 33 35 35 36 36 37 49 0 129 140 206 230 337 344 359 407 423 459 485 489 573 590 644 672 696 700 727 749 819 863 950 986
49.7487437186 44.9511400651 25 0 0 3 3 10 13 13 17 19 20 22 24 25 29 29 29 30 30 31 32 33 35 36 44 45 0 0 166 206 214 267 300 378 382 408 430 430 434 445 450 497 506 654 727 785 855 918 924 978 980
41.0385259631 59.6091205212 25 0 3 4 8 8 10 13 14 16 17 20 22 23 25 26 28 30 31 31 31 32 34 36 38 41 0 0 151 154 165 178 197 233 252 275 282 288 296 315 325 346 356 361 428 432 520 625 704 736 751
62.8140703518 76.3843648208 25 0 1 5 11 14 17 18 20 20 20 24 26 26 26 34 34 35 38 38 39 45 46 46 47 48 0 0 100 102 152 190 210 380 384 390 462 485 501 558 610 624 726 783 785 789 864 880 913 952 978
42.8810720268 67.2638436482 25 0 0 1 2 2 4 6 8 11 11 11 11 11 14 15 17 21 24 35 35 39 41 42 44 46 0 153 236 243 262 310 347 357 369 399 435 486 499 517 530 576 629 682 691 756 820 831 851 878 967
61.9765494137 79.6416938111 25 0 1 2 5 11 11 13 13 21 21 24 27 28 28 29 29 29 30 34 42 42 44 47 48 49 0 173 177 301 309 315 358 375 380 420 435 484 487 502 560 565 581 608 677 687 702 705 859 920 968
67.1691792295 16.7752442997 25 0 0 3 4 8 13 13 14 17 22 24 24 28 28 28 29 31 34 34 37 42 43 45 48 48 0 133 153 164 243 273 306 351 365 411 412 428 432 447 523 581 596 632 667 687 707 756 763 817 874
53.2663316583 18.4039087948 25 0 3 9 13 15 18 21 23 24 26 28 28 32 32 33 33 34 37 39 41 42 42 48 49 49 0 146 264 365 375 402 415 422 469 558 567 607 668 683 698 771 773 810 812 819 850 867 869 962 983
17.4204355109 30.2931596091 25 0 1 3 6 8 9 9 9 11 12 13 15 18 19 23 25 25 33 36 36 39 40 44 45 47 0 0 146 209 240 245 422 440 509 518 520 530 549 623 731 764 781 811 892 915 921 967 972 977 995
26.2981574539 58.9576547231 25 0 0 0 1 4 5 9 10 10 11 15 20 20 23 24 24 25 30 31 31 33 37 39 42 49 0 0 105 116 130 159 205 255 279 304 368 402 507 540 547 585 590 718 739 753 762 813 889 924 948
43.3835845896 59.7719869707 25 0 2 2 3 3 5 5 6 6 11 11 14 17 25 29 32 32 35 37 41 43 46 46 47 47 0 0 155 187 203 210 227 236 268 323 348 469 501 529 571 575 577 611 648 730 740 757 971 980 995
68.0067001675 81.2703583062 25 0 0 0 1 3 6 10 10 10 11 13 20 23 23 25 26 28 38 38 40 40 41 46 47 47 0 142 198 203 239 281 370 407 417 422 500 536 544 569 582 591 605 605 655 669 744 917 936 955 985
67.3366834171 45.2768729642 25 0 2 5 8 8 9 12 19 19 21 22 25 27 30 31 33 34 35 39 41 44 44 44 46 48 0 169 316 354 389 424 427 439 506 529 581 590 646 734 737 768 845 846 851 859 904 927 957 972 988
52.5963149079 48.3713355049 25 0 0 1 2 4 5 5 7 11 13 13 17 20 20 20 21 25 29 33 36 36 36 42 49 49 0 169 220 285 326 367 395 404 422 470 479 530 554 563 585 591 622 708 758 783 821 837 917 994 997
59.4639865997 37.6221498371 25 0 2 8 11 12 13 15 19 19 21 23 23 24 29 29 31 31 33 33 38 40 44 46 47 49 0 124 179 198 262 274 315 326 334 349 368 401 444 447 487 607 671 754 773 829 886 914 927 989 996
43.3835845896 55.2117263844 25 0 3 4 4 5 5 9 11 11 13 15 19 19 20 20 24 26 27 31 32 33 36 39 43 47 0 120 155 198 204 283 311 344 358 409 436 445 462 550 552 573 656 682 702 709 719 724 800 875 949
11.0552763819 49.0228013029 25 0 2 5 5 9 13 18 24 24 25 27 29 32 35 37 38 39 41 43 45 45 47 48 49 49 0 155 169 253 280 345 351 376 382 383 389 405 478 482 488 652 702 737 754 794 799 807 844 846 978
69.3467336683 57.328990228 25 0 1 3 4 7 9 9 11 12 14 17 22 24 24 26 29 30 30 34 40 42 42 48 49 49 0 109 114 121 208 239 249 294 312 377 407 440 455 536 615 622 657 699 780 798 822 842 866 879 938
44.8911222781 55.7003257329 25 0 1 14 15 16 16 18 20 22 23 24 25 26 27 31 32 39 39 41 41 44 46 46 47 48 0 0 249 315 323 379 402 419 440 499 526 532 568 703 738 761 805 815 854 855 885 919 932 961 978
71.189279732 19.7068403909 25 0 0 1 2 3 3 4 9 14 18 21 21 22 23 24 24 24 25 26 29 32 33 33 47 49 0 101 127 137 221 223 254 354 357 366 368 481 483 486 515 517 571 634 708 823 832 834 896 939 945
63.986599665 44.1368078176 25 0 0 6 6 10 15 18 21 21 22 23 23 23 25 26 29 30 31 34 36 36 39 44 48 49 0 196 281 374 375 386 386 389 395 459 520 533 582 593 678 696 701 719 765 859 885 888 945 995 998
36.1809045226 99.348534202 25 0 4 8 9 12 16 16 18 21 24 25 25 26 27 28 29 35 36 37 38 39 41 43 44 46 0 130 174 264 274 381 404 406 408 414 450 451 509 543 546 550 555 632 711 762 810 816 928 933 977
50.9212730318 37.2964169381 25 0 4 7 9 10 17 17 18 19 23 31 32 35 38 40 41 41 44 45 46 46 46 46 48 48 0 0 109 220 231 320 322 329 337 398 441 451 593 609 660 660 714 720 752 833 897 943 963 967 974
64.9916247906 52.1172638436 25 0 1 1 3 4 10 12 13 13 15 18 18 19 21 23 24 26 32 34 35 35 36 39 40 44 0 113 174 179 243 263 288 291 375 461 465 471 503 536 583 626 745 847 848 897 900 912 951 997 999
44.3886097152 52.1172638436 25 0 1 1 2 5 6 9 10 13 13 14 15 18 21 22 26 37 40 41 42 43 43 44 48 48 0 145 204 205 229 231 284 350 381 521 564 583 641 730 747 822 869 889 925 926 939 953 962 983 990
42.378559464 37.7850162866 25 0 3 4 6 6 7 9 14 15 18 32 35 37 38 40 40 40 40 42 43 47 48 49 49 49 0 145 160 185 197 274 334 475 491 497 581 586 617 630 636 665 702 739 766 838 852 862 888 923 950
52.0938023451 34.5276872964 25 0 0 1 1 2 3 8 12 13 14 18 19 24 31 33 33 35 36 37 39 42 45 45 46 49 0 0 108 120 122 146 169 186 365 411 432 441 561 572 601 607 650 660 699 702 761 792 846 879 914
29.648241206 30.4560260586 25 0 2 4 4 5 6 7 8 9 11 12 16 19 29 29 34 35 35 38 40 44 46 48 48 48 0 119 156 185 210 236 238 326 336 349 420 432 439 489 549 586 656 700 752 754 779 899 918 979 980
51.4237855946 48.0456026059 25 0 4 5 9 11 13 18 24 27 27 32 33 34 34 35 35 36 37 37 44 45 47 47 47 49 0 112 135 185 188 220 256 371 419 463 571 590 600 615 631 684 688 707 762 833 854 858 938 965 991
72.864321608 60.0977198697 25 0 0 1 2 2 3 4 6 7 7 8 9 9 9 12 22 22 23 25 29 32 38 39 43 43 0 118 123 162 164 169 176 318 379 425 429 505 569 662 782 789 803 858 873 875 903 930 934 936 947
24.1206030151 62.8664495114 25 0 0 4 4 6 8 12 14 18 18 20 21 23 24 28 30 31 33 33 34 36 36 38 48 49 0 0 147 148 176 223 242 252 256 308 345 353 380 440 443 641 681 690 751 759 866 893 902 950 954
47.2361809045 3.58306188925 25 0 0 2 3 5 5 12 12 19 25 27 28 29 29 32 34 36 37 41 42 43 43 45 46 48 0 125 144 150 222 270 318 344 441 442 498 521 555 590 608 663 703 704 706 707 746 750 780 817 955
53.0988274707 76.5472312704 25 0 4 6 11 12 14 14 15 15 17 19 21 22 22 23 31 33 34 36 40 41 43 43 44 48 0 123 143 241 247 337 339 341 363 378 427 448 449 537 539 622 679 719 735 753 761 826 845 978 978
62.3115577889 62.7035830619 25 0 0 4 4 8 10 15 18 20 21 25 28 29 30 30 38 39 39 40 40 42 42 44 45 47 0 0 119 133 150 167 184 292 319 323 329 343 457 518 523 538 711 717 752 759 768 769 872 917 971
34.338358459 54.3973941368 25 0 3 9 9 10 12 13 14 14 16 17 20 23 25 29 37 38 41 41 44 44 46 48 49 49 0 137 145 192 360 376 387 504 529 536 541 546 548 567 591 605 611 649 811 845 864 879 893 928 956
44.3886097152 48.0456026059 25 0 9 11 11 12 13 17 18 19 20 21 25 26 27 29 31 33 35 36 40 40 45 45 45 49 0 0 103 159 191 192 206 206 214 233 326 351 429 455 525 569 586 715 721 725 761 776 813 957 982
59.1289782245 37.2964169381 25 0 0 0 1 4 5 7 9 11 12 15 16 17 17 23 24 30 31 32 37 38 39 42 43 46 0 137 192 288 374 380 391 456 479 490 511 528 588 590 642 660 675 789 860 887 914 956 968 987 988
50.5862646566 49.348534202 25 0 3 3 5 9 9 10 11 14 14 15 16 24 24 26 26 26 31 38 41 42 44 45 46 49 0 113 234 243 273 304 304 333 421 482 512 543 624 634 641 656 686 767 782 808 852 867 899 937 999
25.6281407035 60.7491856678 25 0 1 3 6 8 10 11 12 14 15 16 17 18 20 21 25 25 26 33 36 38 40 41 44 48 0 125 165 244 247 260 291 302 319 321 341 438 447 497 680 698 728 763 809 817 863 887 908 944 999
37.0184254606 45.6026058632 25 0 10 14 15 17 19 28 29 29 30 30 34 35 36 36 36 38 39 40 40 44 47 48 49 49 0 106 129 147 279 286 298 333 522 598 603 611 613 638 673 724 742 788 809 814 870 896 898 936 965
52.7638190955 55.2117263844 25 0 2 9 10 11 12 14 16 20 23 25 27 28 29 36 36 37 40 42 44 44 44 47 48 49 0 0 122 148 192 256 288 305 337 362 427 451 463 475 477 480 491 545 601 728 744 834 891 897 908
42.8810720268 48.6970684039 25 0 2 3 7 7 8 10 13 14 16 18 20 22 22 22 33 40 41 42 44 45 45 47 48 49 0 125 152 162 233 235 296 328 331 358 441 505 609 630 641 664 681 708 726 762 778 851 860 917 983
26.2981574539 71.4983713355 25 0 4 8 9 14 16 17 18 18 22 24 27 28 30 30 32 35 35 39 41 44 45 46 46 49 0 0 167 192 279 313 324 353 383 428 469 496 502 525 537 547 552 560 596 711 752 761 762 767 847
45.2261306533 44.4625407166 25 0 6 8 9 10 12 13 16 18 18 18 19 21 26 34 35 39 40 40 41 43 44 46 47 48 0 124 136 191 271 478 478 537 542 563 587 599 623 657 699 700 707 722 724 806 819 929 931 951 958
32.3283082077 29.1530944625 25 0 1 2 9 13 16 18 19 19 22 22 25 25 27 30 32 32 37 38 39 39 40 41 42 46 0 106 132 173 219 233 308 337 385 490 495 551 601 610 618 716 754 796 812 825 876 884 894 945 969
40.8710217755 29.6416938111 25 0 0 0 1 4 6 6 7 10 14 15 15 17 26 26 29 30 32 36 40 45 46 47 47 49 0 118 129 189 216 220 270 291 348 361 414 459 473 542 547 551 609 621 650 731 783 797 837 857 957
40.2010050251 46.9055374593 25 0 0 2 3 4 7 8 17 18 20 20 20 21 23 27 30 30 36 38 41 43 43 45 46 47 0 105 238 289 299 338 366 374 375 376 467 474 510 512 568 638 676 755 792 857 868 896 929 941 942
45.5611390285 31.5960912052 25 0 0 1 1 1 2 3 3 4 7 8 8 13 15 19 21 25 29 34 35 37 40 46 48 48 0 0 115 131 181 198 204 361 415 431 442 457 586 596 634 645 652 653 694 730 787 810 849 918 977
48.5762144054 53.0944625407 25 0 0 2 9 11 12 12 12 13 21 22 24 26 27 29 32 33 33 34 39 40 41 46 47 48 0 148 249 269 275 289 313 352 402 411 418 483 512 554 614 642 652 658 696 835 885 899 932 987 995
38.3584589615 35.667752443 25 0 1 3 8 9 9 15 15 16 22 23 23 25 26 28 28 29 29 29 35 40 41 47 48 48 0 136 183 229 278 307 318 320 341 372 417 616 617 617 644 689 690 710 769 781 835 869 902 921 927
41.3735343384 87.6221498371 25 0 2 4 5 6 11 12 13 13 14 15 23 26 27 32 33 33 34 36 41 41 42 43 43 46 0 0 103 153 160 217 242 246 264 342 391 392 480 501 517 525 541 687 692 697 729 732 770 910 927
45.5611390285 67.2638436482 25 0 0 3 5 6 8 10 10 17 20 21 21 22 23 25 26 31 33 36 38 45 47 47 48 49 0 115 179 196 243 250 278 279 307 403 475 585 634 702 721 728 732 733 790 792 824 826 830 884 963
37.5209380235 46.4169381107 25 0 0 1 1 10 13 13 14 16 20 22 25 25 28 30 35 36 40 43 43 43 43 45 47 49 0 123 136 136 235 252 342 352 398 401 459 465 513 519 542 563 572 636 745 765 858 869 922 937 995
34.6733668342 40.2280130293 25 0 1 1 5 7 8 8 18 18 20 23 23 24 24 28 29 31 33 36 38 40 42 46 47 47 0 0 182 205 206 249 284 287 302 322 418 425 443 572 619 775 785 829 858 883 909 916 950 958 993
19.0954773869 77.0358306189 25 0 1 2 6 6 7 9 9 9 11 12 20 21 22 22 24 26 27 30 31 35 38 40 47 49 0 118 123 142 154 195 197 200 267 270 314 320 348 366 395 477 480 520 644 676 781 789 813 843 915
42.7135678392 58.9576547231 25 0 1 3 6 8 14 16 18 20 20 24 25 27 27 28 30 33 33 34 44 44 44 46 47 47 0 0 107 135 154 183 202 290 293 343 385 396 425 485 548 593 601 611 633 697 848 893 897 928 946
34.338358459 53.5830618893 25 0 0 2 2 6 7 14 19 19 20 23 24 24 26 33 33 34 36 36 37 38 39 42 44 46 0 113 144 151 190 246 316 444 512 515 526 540 565 568 575 604 604 638 666 785 828 884 925 975 980
49.2462311558 26.3843648208 25 0 0 4 11 16 16 17 20 27 29 30 32 32 33 33 35 35 40 42 43 44 44 46 46 47 0 143 178 188 202 242 263 285 318 349 394 399 414 440 460 462 625 642 668 690 699 737 769 892 941
43.3835845896 93.4853420195 25 0 1 3 3 5 9 12 12 13 15 15 18 26 26 28 32 33 35 38 39 40 41 44 44 49 0 113 122 167 207 226 231 384 429 445 508 516 555 575 638 646 659 681 734 759 917 920 945 958 968
34.8408710218 28.013029316 25 0 1 2 3 5 7 11 12 13 18 19 23 26 27 27 32 32 38 39 41 43 43 44 45 46 0 0 221 235 242 252 275 308 322 386 426 462 530 629 703 720 725 745 746 770 840 909 938 961 974
72.1943048576 35.1791530945 25 0 3 5 7 9 9 13 16 18 19 21 24 26 27 28 30 33 33 34 38 39 40 43 47 48 0 321 376 408 485 495 496 501 514 559 584 601 610 615 680 704 786 831 843 849 926 933 957 991 991
62.6465661642 77.6872964169 25 0 0 2 2 3 3 4 7 13 14 14 15 18 19 22 23 26 27 28 29 31 36 42 44 44 0 0 214 231 270 295 329 388 417 455 495 507 595 602 615 635 668 671 740 755 814 841 865 926 998
72.1943048576 40.2280130293 25 0 0 0 3 9 13 14 16 17 17 21 23 27 34 36 37 40 41 43 45 45 48 48 48 48 0 112 118 120 253 345 405 421 456 467 610 647 693 698 706 731 844 848 873 873 874 913 925 930 999
3.18257956449 83.5504885993 25 0 1 2 3 4 8 10 11 13 15 15 19 19 20 26 28 33 34 36 41 42 43 44 46 49 0 0 147 208 253 271 388 397 460 482 484 635 676 689 731 801 824 833 840 867 868 893 937 972 996
40.8710217755 33.8762214984 25 0 1 2 4 6 7 11 13 15 16 18 19 26 29 33 33 34 34 39 44 44 44 46 48 49 0 127 132 162 192 270 289 305 331 332 420 428 451 533 535 617 639 658 730 799 806 893 957 968 988
84.2546063652 66.4495114007 25 0 1 2 7 11 11 16 21 22 23 24 24 24 26 26 27 30 31 36 37 39 41 44 44 46 0 108 112 124 168 251 359 375 418 456 464 485 597 691 780 799 819 831 833 870 884 924 971 975 996
47.5711892797 29.4788273616 25 0 0 1 2 3 4 8 17 22 24 25 29 29 33 34 37 38 39 39 41 44 44 46 47 48 0 118 189 253 257 296 307 312 316 408 429 475 508 534 534 608 626 687 750 765 787 832 840 904 921
82.9145728643 58.1433224756 25 0 0 2 6 8 9 10 11 11 17 20 21 22 24 25 30 33 33 38 39 40 44 46 46 47 0 101 115 150 177 182 207 287 322 323 326 341 406 407 456 526 607 618 743 822 972 973 974 976 994
60.4690117253 72.8013029316 25 0 2 4 7 9 9 12 14 15 17 20 22 23 25 27 32 33 34 35 35 36 46 46 47 47 0 165 197 234 249 268 277 319 387 398 406 413 440 591 595 690 702 765 798 857 869 875 932 944 975
68.8442211055 62.5407166124 25 0 1 2 6 6 6 7 12 16 20 20 20 21 24 25 30 31 31 33 38 38 39 40 41 45 0 188 227 273 312 330 331 339 369 377 394 397 445 450 451 562 585 620 628 654 798 854 856 877 896
41.541038526 47.8827361564 25 0 0 1 1 1 12 13 16 20 23 23 25 30 30 33 34 35 42 42 42 45 46 47 47 49 0 183 191 211 219 285 327 329 367 390 472 504 561 567 639 665 684 713 723 782 835 917 929 932 985
36.1809045226 62.3778501629 25 0 1 1 3 4 4 5 12 12 13 13 13 15 17 19 23 24 24 25 28 33 34 41 43 49 0 163 175 189 202 208 211 221 372 435 435 443 480 480 491 547 614 665 688 803 813 813 875 908 929
49.2462311558 28.990228013 25 0 1 4 4 7 7 7 8 12 16 22 23 23 24 26 28 31 33 33 33 34 45 48 48 49 0 0 167 202 244 303 312 339 363 364 367 369 371 416 429 492 611 617 679 753 882 945 953 970 988
43.5510887772 63.3550488599 25 0 0 3 5 6 12 14 17 18 19 26 31 31 32 32 34 37 38 40 40 40 41 42 45 49 0 152 157 169 214 245 292 298 433 456 517 518 585 600 636 683 692 746 830 840 856 869 903 939 979
45.0586264657 42.996742671 25 0 2 5 6 9 10 12 12 13 15 17 20 21 24 27 27 31 32 32 34 36 43 44 44 48 0 142 151 179 199 265 299 323 372 376 387 390 409 421 443 482 493 493 500 575 629 702 725 853 971
59.9664991625 60.9120521173 25 0 0 5 5 7 8 11 11 15 19 20 20 24 25 25 26 27 30 32 33 38 40 43 48 48 0 230 242 253 253 348 362 378 388 444 462 485 606 653 667 706 715 754 771 808 818 868 879 924 978
43.7185929648 80.6188925081 25 0 1 1 5 8 8 10 12 13 15 17 20 21 21 22 27 29 29 35 35 36 41 43 44 49 0 142 189 209 273 309 322 433 447 467 473 495 559 561 622 655 680 771 790 854 906 916 974 979 979
44.8911222781 72.3127035831 25 0 1 3 6 6 8 11 11 11 12 14 16 21 27 29 30 32 34 36 36 39 40 43 44 49 0 0 149 203 227 242 254 268 276 350 427 438 471 521 569 650 656 671 679 683 753 754 794 807 915
41.7085427136 39.4136807818 25 0 2 6 7 8 15 17 18 19 25 27 28 30 32 34 37 38 38 38 39 41 42 45 47 48 0 118 137 147 171 172 179 223 252 292 295 298 300 307 331 347 453 473 549 565 709 737 774 797 874
31.4907872697 46.0912052117 25 0 1 9 12 13 14 14 15 15 16 17 18 25 25 27 28 30 31 34 36 37 38 41 43 46 0 130 130 157 174 217 248 249 273 363 365 455 467 491 508 533 608 635 659 860 890 901 916 947 947
27.97319933 26.8729641694 25 0 2 5 6 7 7 10 11 13 15 15 15 15 26 29 29 30 31 32 33 35 39 43 44 45 0 117 147 149 163 194 215 227 380 472 490 495 572 573 582 598 639 708 750 778 801 802 807 808 850
30.3182579564 36.319218241 25 0 2 2 4 6 6 12 13 16 16 17 19 22 22 22 22 26 27 38 39 40 41 46 47 47 0 161 215 231 234 284 295 317 355 452 523 540 565 601 630 659 663 715 737 797 826 865 868 969 998
46.5661641541 28.5016286645 25 0 1 1 5 10 12 14 16 21 21 22 24 24 27 28 30 32 34 40 41 42 44 44 46 48 0 103 136 161 281 293 334 376 388 406 499 508 511 538 572 577 617 679 686 723 735 751 786 875 911
77.3869346734 63.5179153094 25 0 4 7 7 7 7 12 14 19 19 19 26 26 28 31 32 35 37 38 39 40 41 44 48 48 0 150 151 213 234 293 301 312 353 354 379 414 445 480 484 595 597 675 707 708 776 834 881 954 986
24.4556113903 42.8338762215 25 0 0 2 3 5 10 12 12 13 13 14 15 15 19 19 26 31 32 32 33 39 42 42 45 47 0 135 143 166 179 191 303 339 344 358 365 411 429 485 506 544 572 648 657 705 760 767 800 887 927
34.1708542714 42.671009772 25 0 1 4 9 10 13 13 13 17 17 19 20 21 23 24 25 27 27 28 28 30 34 39 40 43 0 0 123 137 240 287 299 373 393 416 492 502 518 562 732 794 818 824 885 897 897 899 914 937 947
36.850921273 37.1335504886 25 0 0 2 5 5 10 15 19 21 22 24 25 27 28 32 33 37 37 40 43 44 44 45 48 48 0 0 147 184 327 384 390 402 448 449 525 597 612 613 618 620 622 675 699 815 818 823 833 883 975
35.0083752094 74.2671009772 25 0 1 6 7 9 11 14 15 15 15 15 20 22 22 22 25 26 27 29 32 35 35 37 38 41 0 0 185 213 282 283 336 398 473 476 485 543 657 663 695 703 765 785 810 824 853 890 899 923 928
54.2713567839 85.667752443 25 0 1 2 3 5 8 11 13 17 20 22 27 29 31 32 33 33 41 41 41 43 43 44 45 46 0 114 159 181 285 326 390 405 442 457 576 584 638 643 651 652 669 688 788 804 815 918 940 983 995
97.3199329983 48.5342019544 25 0 1 2 6 7 9 11 13 14 15 16 17 23 31 31 34 37 41 43 45 46 46 47 47 48 0 0 117 166 175 191 205 223 283 319 440 460 499 542 544 556 617 750 767 778 810 848 851 861 871
34.0033500838 71.8241042345 25 0 1 2 4 6 16 18 19 19 22 25 30 31 31 31 33 35 37 37 38 42 46 46 47 48 0 110 149 160 172 252 284 327 376 377 472 478 485 496 496 575 625 689 697 859 894 896 899 965 985
58.458961474 9.12052117264 25 0 0 3 8 13 17 22 24 25 25 26 29 30 30 32 32 36 36 37 38 40 42 44 45 47 0 114 118 139 173 263 287 421 459 473 520 533 548 604 610 619 660 680 732 798 828 841 844 966 998
69.8492462312 28.1758957655 25 0 4 5 5 6 8 11 11 11 11 17 20 26 28 29 32 35 37 40 40 42 43 46 46 47 0 112 120 192 260 336 363 400 414 457 543 551 575 599 652 663 669 674 691 708 723 732 781 781 893
33.5008375209 24.5928338762 25 0 0 2 7 7 9 10 11 14 15 18 18 20 20 27 30 32 33 35 36 37 39 39 40 42 0 154 239 298 302 330 418 421 477 485 535 536 559 560 611 649 717 757 827 831 885 888 920 934 966
5.36013400335 35.342019544 25 0 1 1 3 9 10 13 18 23 25 25 29 29 29 34 34 35 36 38 38 40 40 41 44 49 0 0 111 118 124 164 233 422 488 566 580 595 606 629 658 674 723 752 823 826 838 921 929 942 944
46.2311557789 16.1237785016 25 0 4 4 5 6 6 6 7 11 15 17 21 23 27 28 29 31 37 39 40 40 44 45 47 49 0 0 104 301 310 311 375 386 413 463 472 472 476 486 497 507 510 522 609 643 654 657 785 921 949
20.2680067002 58.7947882736 25 0 0 5 6 7 8 8 8 9 10 12 15 17 20 20 20 24 26 32 32 33 36 37 39 46 0 131 131 152 165 268 301 323 375 385 388 407 419 558 665 675 681 714 726 761 789 850 896 985 986
47.7386934673 61.2377850163 25 0 2 4 7 8 9 10 11 11 11 12 13 13 16 19 19 22 23 27 39 40 41 44 44 47 0 123 133 169 261 334 385 398 470 472 501 526 549 610 624 653 658 694 755 837 838 849 862 873 997
78.391959799 39.5765472313 25 0 1 3 8 13 15 15 16 16 16 17 27 27 28 30 30 32 33 33 37 41 42 43 44 44 0 143 150 173 176 183 204 287 298 342 355 355 402 410 422 605 609 682 701 781 845 862 865 929 960
32.3283082077 49.348534202 25 0 0 2 2 6 7 11 12 16 21 24 26 26 26 26 29 33 33 35 37 38 40 41 47 48 0 0 125 138 224 240 310 355 408 416 435 458 485 506 522 532 649 734 776 788 804 839 873 981 995
30.3182579564 36.8078175896 25 0 3 3 5 6 6 11 13 13 14 14 15 16 18 24 32 32 34 35 39 41 42 44 47 48 0 109 195 218 252 267 292 328 399 409 432 503 538 546 620 641 671 684 703 708 818 841 908 985 993
48.0737018425 57.328990228 25 0 0 3 10 10 13 14 18 19 20 27 28 28 29 30 30 36 36 36 43 46 47 48 48 49 0 0 218 244 256 270 289 295 404 441 513 568 629 635 652 660 662 719 739 762 802 926 929 964 978
25.7956448911 59.7719869707 25 0 0 1 3 5 6 6 6 6 13 15 16 19 20 21 22 24 28 29 29 30 30 32 39 43 0 136 236 236 267 281 338 369 397 425 432 438 479 527 538 696 719 727 744 802 812 826 906 947 970
334
61.0474631751 36.798679868 2
38.4615384615 47.8547854785 5
45.8265139116 67.1617161716 5
55.3191489362 16.3366336634 3
37.4795417349 38.6138613861 7
46.1538461538 18.8118811881 7
32.0785597381 14.1914191419 8
43.535188216 54.9504950495 4
14.5662847791 65.1815181518 1
42.062193126 46.3696369637 8
38.2978723404 56.600660066 1
35.1882160393 49.504950495 6
60.3927986907 31.8481848185 4
55.6464811784 30.5280528053 2
25.5319148936 49.6699669967 3
54.5008183306 40.4290429043 3
52.5368248773 49.3399339934 2
46.1538461538 24.7524752475 8
82.1603927987 77.7227722772 2
67.5941080196 42.7392739274 4
53.3551554828 57.5907590759 2
27.0049099836 47.8547854785 5
24.8772504092 73.102310231 5
54.6644844517 34.9834983498 8
33.5515548282 30.8580858086 9
21.1129296236 50.6600660066 6
55.9738134206 72.9372937294 6
63.0114566285 34.3234323432 5
59.5744680851 93.0693069307 1
88.0523731588 28.8778877888 7
50.736497545 37.2937293729 5
68.085106383 56.2706270627 8
64.6481178396 27.0627062706 3
39.2798690671 44.5544554455 1
33.2242225859 31.5181518152 6
75.6137479542 62.5412541254 5
10.147299509 56.7656765677 3
65.6301145663 55.1155115512 4
60.3927986907 61.2211221122 9
19.3126022913 36.6336633663 1
57.2831423895 51.9801980198 6
28.4779050736 39.9339933993 1
31.2602291326 21.7821782178 8
36.6612111293 40.9240924092 3
46.4811783961 33.8283828383 7
55.9738134206 16.6666666667 7
73.3224222586 83.6633663366 2
53.5188216039 49.6699669967 7
59.2471358429 40.4290429043 3
38.6252045827 54.7854785479 7
100.0 38.7788778878 4
52.8641571195 63.201320132 4
40.7528641571 51.1551155116 4
40.589198036 36.4686468647 7
56.6284779051 39.603960396 4
49.263502455 65.1815181518 7
37.643207856 39.7689768977 3
46.317512275 38.9438943894 2
7.69230769231 37.4587458746 6
46.4811783961 50.9900990099 1
73.8134206219 39.2739273927 4
66.7757774141 45.3795379538 4
36.3338788871 66.99669967 9
55.1554828151 55.9405940594 3
24.5499181669 29.8679867987 5
63.6661211129 41.9141914191 6
56.7921440262 65.6765676568 5
29.4599018003 50.8250825083 5
58.1014729951 70.9570957096 1
31.2602291326 93.2343234323 7
37.643207856 93.8943894389 3
78.8870703764 53.4653465347 5
64.6481178396 51.8151815182 9
33.8788870704 100.0 9
16.8576104746 44.5544554455 5
88.7070376432 51.8151815182 7
54.5008183306 71.6171617162 7
62.6841243863 45.7095709571 9
17.6759410802 15.3465346535 6
40.589198036 28.0528052805 4
58.4288052373 50.6600660066 7
37.8068739771 40.5940594059 6
63.1751227496 43.8943894389 4
22.4222585925 59.7359735974 1
46.9721767594 46.699669967 3
50.0818330606 31.0231023102 3
44.3535188216 49.6699669967 4
65.1391162029 4.78547854785 9
63.0114566285 68.8118811881 9
41.8985270049 29.3729372937 2
38.6252045827 55.6105610561 8
53.1914893617 38.2838283828 4
69.3944353519 34.8184818482 3
29.2962356792 22.2772277228 1
44.8445171849 33.8283828383 8
56.6284779051 46.204620462 8
28.4779050736 83.00330033 6
43.6988543372 36.6336633663 4
39.6072013093 68.4818481848 1
44.3535188216 27.7227722772 4
38.7888707038 61.5511551155 6
40.2618657938 59.0759075908 9
26.1865793781 69.1419141914 4
60.2291325696 62.8712871287 5
72.504091653 44.5544554455 3
44.0261865794 49.0099009901 1
34.6972176759 53.300330033 9
44.0261865794 54.7854785479 3
45.0081833061 67.3267326733 9
59.7381342062 43.7293729373 3
70.0490998363 69.1419141914 2
49.9181669394 42.904290429 8
63.6661211129 31.6831683168 3
52.3731587561 76.5676567657 1
16.2029459902 66.0066006601 5
58.4288052373 41.0891089109 2
55.4828150573 49.1749174917 9
11.1292962357 33.8283828383 8
88.0523731588 44.5544554455 8
25.0409165303 60.0660066007 3
30.6055646481 56.2706270627 6
54.1734860884 31.3531353135 7
34.5335515548 36.798679868 6
71.1947626841 53.795379538 3
59.0834697218 32.5082508251 2
16.8576104746 63.5313531353 9
78.7234042553 27.3927392739 2
39.2798690671 40.9240924092 8
54.0098199673 25.5775577558 2
18.4942716858 61.3861386139 5
12.1112929624 28.2178217822 3
67.7577741408 49.0099009901 5
43.8625204583 24.2574257426 4
46.9721767594 70.1320132013 8
44.3535188216 52.1452145215 8
50.9001636661 33.1683168317 4
38.2978723404 72.1122112211 5
32.2422258592 41.5841584158 9
58.1014729951 56.600660066 4
29.4599018003 27.7227722772 4
3.92798690671 57.7557755776 3
49.5908346972 33.9933993399 3
52.3731587561 52.8052805281 3
54.6644844517 54.6204620462 2
62.1931260229 58.0858085809 9
50.736497545 7.92079207921 6
48.6088379705 27.5577557756 2
20.294599018 34.3234323432 6
49.0998363339 50.8250825083 6
42.8805237316 53.6303630363 9
63.829787234 38.1188118812 4
56.7921440262 38.4488448845 9
58.7561374795 54.6204620462 5
64.4844517185 64.1914191419 8
74.4680851064 50.6600660066 3
50.5728314239 39.7689768977 5
30.441898527 66.0066006601 4
55.3191489362 42.7392739274 5
32.7332242226 61.5511551155 2
45.8265139116 30.8580858086 2
70.2127659574 28.7128712871 1
50.4091653028 19.801980198 5
94.1080196399 28.0528052805 5
46.9721767594 69.6369636964 5
55.4828150573 15.0165016502 6
37.1522094926 56.7656765677 2
59.0834697218 35.9735973597 9
37.8068739771 6.93069306931 4
55.6464811784 55.2805280528 5
31.2602291326 73.4323432343 8
53.1914893617 83.6633663366 1
45.9901800327 0.0 8
41.2438625205 58.5808580858 6
55.1554828151 53.795379538 1
31.2602291326 43.2343234323 9
42.5531914894 39.1089108911 8
18.821603928 77.2277227723 2
45.6628477905 51.3201320132 3
42.2258592471 13.5313531353 7
44.3535188216 83.6633663366 3
70.2127659574 51.4851485149 2
98.8543371522 50.8250825083 8
46.9721767594 51.4851485149 1
52.3731587561 32.3432343234 8
49.5908346972 49.6699669967 8
31.0965630115 48.8448844884 1
43.0441898527 34.8184818482 1
49.263502455 22.9372937294 2
83.1423895254 43.0693069307 6
63.6661211129 24.2574257426 2
70.5400981997 49.0099009901 3
31.0965630115 59.900990099 2
36.3338788871 48.6798679868 8
33.8788870704 44.7194719472 5
7.85597381342 63.3663366337 7
43.2078559738 48.3498349835 2
44.1898527005 47.5247524752 7
44.0261865794 8.74587458746 9
24.5499181669 53.9603960396 4
42.062193126 50.3300330033 7
51.7184942717 52.9702970297 8
59.7381342062 34.8184818482 5
34.8608837971 68.1518151815 4
52.8641571195 53.9603960396 8
51.2274959083 89.4389438944 8
79.705400982 50.8250825083 4
35.6792144026 70.9570957096 8
20.7855973813 46.204620462 6
43.2078559738 55.6105610561 1
37.3158756137 62.7062706271 9
51.5548281506 26.897689769 1
14.0752864157 40.9240924092 9
7.36497545008 47.3597359736 7
29.1325695581 82.0132013201 2
49.4271685761 59.2409240924 9
0.0 59.7359735974 7
33.387888707 53.6303630363 8
47.2995090016 44.0594059406 7
80.5237315876 30.3630363036 7
54.1734860884 29.8679867987 9
57.6104746318 72.2772277228 4
55.9738134206 62.8712871287 2
27.495908347 82.8382838284 3
52.5368248773 52.3102310231 8
79.8690671031 37.2937293729 3
54.5008183306 43.7293729373 1
25.0409165303 45.2145214521 8
67.4304418985 43.8943894389 3
51.7184942717 29.5379537954 4
57.7741407529 42.4092409241 9
69.7217675941 34.4884488449 8
39.9345335516 40.9240924092 7
49.0998363339 25.7425742574 9
47.1358428805 59.900990099 3
3.60065466448 15.5115511551 1
63.5024549918 46.0396039604 1
55.4828150573 19.3069306931 5
31.2602291326 69.801980198 1
54.0098199673 54.9504950495 8
42.5531914894 43.8943894389 3
34.8608837971 48.1848184818 5
66.2847790507 45.0495049505 6
45.4991816694 64.1914191419 1
50.4091653028 47.0297029703 1
42.7168576105 44.5544554455 2
57.2831423895 60.0660066007 5
59.9018003273 70.6270627063 8
34.6972176759 40.4290429043 2
57.937806874 74.2574257426 5
45.4991816694 62.5412541254 4
55.9738134206 27.5577557756 8
55.3191489362 29.0429042904 1
52.209492635 51.1551155116 5
62.0294599018 42.7392739274 3
41.0801963993 31.0231023102 4
63.1751227496 55.4455445545 1
46.9721767594 38.4488448845 2
57.7741407529 48.8448844884 4
56.1374795417 38.9438943894 3
73.3224222586 65.1815181518 6
32.4058919804 53.795379538 6
56.7921440262 37.1287128713 4
7.20130932897 59.2409240924 7
63.6661211129 67.4917491749 2
64.1571194763 61.5511551155 1
80.1963993453 51.9801980198 7
13.2569558101 42.2442244224 6
46.317512275 65.8415841584 3
60.7201309329 30.5280528053 7
55.9738134206 57.7557755776 7
41.8985270049 27.3927392739 9
48.6088379705 46.8646864686 5
57.4468085106 40.4290429043 5
40.7528641571 14.6864686469 8
37.8068739771 42.5742574257 5
49.9181669394 37.9537953795 6
58.4288052373 47.6897689769 9
49.7545008183 60.7260726073 1
34.6972176759 69.4719471947 6
33.8788870704 60.396039604 6
12.4386252046 65.0165016502 1
44.0261865794 38.6138613861 6
46.317512275 73.102310231 2
44.8445171849 23.7623762376 8
40.9165302782 60.0660066007 9
39.116202946 32.3432343234 2
24.2225859247 25.2475247525 8
46.6448445172 63.696369637 7
54.9918166939 54.6204620462 5
29.9509001637 51.8151815182 2
43.0441898527 49.3399339934 8
43.2078559738 32.0132013201 5
46.317512275 42.5742574257 9
49.4271685761 51.6501650165 5
32.0785597381 39.603960396 4
52.0458265139 42.904290429 4
49.7545008183 69.3069306931 5
49.4271685761 62.8712871287 3
41.8985270049 66.1716171617 4
48.6088379705 25.9075907591 3
65.4664484452 40.7590759076 3
61.8657937807 59.4059405941 7
45.3355155483 37.1287128713 5
35.1882160393 35.9735973597 5
56.464811784 52.9702970297 2
45.0081833061 37.2937293729 5
40.589198036 58.4158415842 1
60.3927986907 43.5643564356 9
67.2667757774 100.0 4
55.4828150573 42.7392739274 3
58.1014729951 43.2343234323 8
36.8248772504 58.5808580858 2
43.2078559738 45.7095709571 9
34.2062193126 33.3333333333 2
74.9590834697 45.0495049505 4
65.6301145663 53.4653465347 8
66.2847790507 70.297029703 7
32.7332242226 75.9075907591 9
71.5220949264 64.6864686469 9
45.4991816694 50.9900990099 3
38.2978723404 29.8679867987 9
46.8085106383 34.9834983498 8
38.9525368249 42.5742574257 4
38.4615384615 22.1122112211 3
23.0769230769 60.0660066007 2
36.4975450082 30.5280528053 8
43.6988543372 65.5115511551 8
38.6252045827 42.5742574257 7
50.0818330606 47.8547854785 2
65.3027823241 45.5445544554 5
49.7545008183 55.2805280528 4
55.4828150573 49.3399339934 4
50.9001636661 36.1386138614 9
50.736497545 50.6600660066 3
