100
37.5899280576 28.4658040665 31 0 0 2 2 2 3 6 8 8 11 11 11 11 11 12 15 15 19 21 26 28 29 31 34 35 36 37 44 47 47 49 0 106 129 153 217 230 232 233 251 274 334 401 423 450 477 521 595 601 676 693 701 736 767 818 833 872 883 884 901 946 980
68.5251798561 48.7985212569 31 0 0 0 1 2 2 2 4 9 10 12 16 18 19 21 23 23 24 25 27 35 37 39 40 40 41 41 42 42 42 43 0 113 115 190 213 218 270 324 326 373 496 531 551 558 562 568 603 623 704 716 738 752 768 782 797 815 838 907 941 971 971
79.4964028777 72.8280961183 31 0 1 3 5 5 6 7 8 9 10 13 16 16 17 18 19 23 24 26 28 29 30 31 32 33 33 39 42 45 46 49 0 0 156 209 216 259 279 288 307 310 399 405 419 439 493 509 511 539 569 610 622 645 660 688 820 875 881 888 945 946 980
50.3597122302 60.258780037 31 0 0 1 2 3 3 4 9 12 17 17 18 21 21 25 27 27 30 32 37 37 41 43 43 43 43 44 45 46 47 49 0 114 128 149 164 182 200 226 236 274 280 301 440 481 519 531 561 633 645 655 675 687 730 743 757 764 913 916 930 954 961
64.0287769784 53.9741219963 31 0 1 5 7 7 9 10 13 13 15 16 16 16 18 19 25 26 27 27 28 28 28 31 32 33 37 38 41 43 48 49 0 143 151 163 220 244 260 263 279 292 298 308 330 345 387 410 416 439 501 522 553 624 632 637 673 699 713 736 753 785 942
64.0287769784 70.9796672828 31 0 0 5 5 7 9 11 11 14 16 17 18 19 20 27 28 30 30 31 32 32 32 32 33 38 40 42 43 44 45 48 0 0 110 164 249 270 285 286 318 341 355 377 419 473 542 568 591 633 644 686 693 802 803 820 824 836 845 928 939 940 970
67.8057553957 65.2495378928 31 0 1 3 5 6 7 9 9 10 14 14 15 19 20 23 24 25 25 25 27 35 37 37 37 38 41 41 42 46 48 49 0 0 106 186 262 287 333 337 355 358 359 399 426 430 435 537 557 561 564 602 700 721 777 777 874 894 904 925 928 947 953
66.5467625899 56.1922365989 31 0 5 6 9 11 11 12 15 17 20 23 25 26 27 29 30 31 32 33 34 35 36 36 37 37 39 43 43 44 47 48 0 229 243 244 265 281 289 312 357 385 440 458 461 495 514 596 636 656 680 721 750 764 811 813 814 836 907 918 920 940 986
33.0935251799 41.0351201479 31 0 2 3 4 5 5 10 10 10 12 14 15 16 21 22 24 25 28 28 28 30 31 32 35 38 40 42 45 47 48 49 0 0 104 109 138 143 156 194 220 249 280 286 306 318 350 373 418 419 431 469 471 567 587 595 596 785 846 851 881 884 895
45.6834532374 49.3530499076 31 0 0 2 3 4 6 7 18 18 18 19 20 22 24 25 27 28 30 31 31 37 38 38 40 41 42 42 43 43 44 49 0 100 111 113 189 231 257 274 444 464 513 530 548 552 559 569 570 577 613 656 680 693 739 748 758 772 922 925 943 982 995
44.6043165468 57.4861367837 31 0 0 1 1 3 3 3 6 7 7 8 8 9 9 11 12 16 16 16 21 25 29 30 33 38 39 39 43 47 47 49 0 151 273 297 332 370 381 434 470 519 523 555 579 593 618 640 652 685 734 779 784 788 826 849 858 865 939 965 969 982 988
44.7841726619 80.4066543438 31 0 1 2 3 5 5 9 9 10 10 14 20 23 23 24 25 26 27 27 27 36 38 38 40 42 42 45 46 48 48 49 0 131 182 216 227 233 240 255 274 278 298 380 410 421 437 514 542 611 671 678 730 731 743 778 838 841 848 912 920 931 977
46.2230215827 65.6192236599 31 0 0 1 4 8 9 9 11 11 12 14 16 18 19 20 23 24 25 26 29 29 32 34 34 35 35 38 38 38 42 47 0 143 149 149 164 169 171 188 201 210 234 249 251 310 342 378 425 523 549 552 682 734 739 746 825 831 859 956 961 968 972
42.9856115108 66.7282809612 31 0 2 3 4 5 5 6 9 10 11 11 19 22 22 23 24 24 27 28 28 29 30 31 31 33 33 34 40 43 44 48 0 139 172 182 231 241 257 294 327 331 357 444 488 498 527 571 578 640 640 643 666 674 689 726 730 761 790 843 847 939 942
26.2589928058 33.2717190388 31 0 0 1 2 3 4 6 6 6 8 9 10 11 11 12 12 12 13 14 15 21 22 22 26 27 33 34 41 43 43 44 0 112 134 170 222 239 254 289 290 316 332 334 444 457 475 479 492 516 536 552 602 619 674 732 776 845 872 877 879 944 980
56.2949640288 83.5489833641 31 0 1 5 5 10 13 16 16 16 16 17 17 21 22 25 27 27 32 35 37 37 38 38 38 39 40 42 43 44 48 49 0 121 151 243 342 353 360 372 377 377 410 410 415 430 482 487 511 511 552 560 605 644 768 810 829 832 843 866 913 933 960
68.345323741 64.6950092421 31 0 1 1 2 2 3 4 5 6 8 11 12 12 18 19 23 25 25 29 30 33 35 35 36 42 42 43 44 45 46 49 0 0 120 154 199 204 204 236 258 265 273 299 333 346 402 411 415 454 515 550 621 624 678 683 697 721 803 809 849 867 976
30.9352517986 20.5175600739 31 0 0 3 3 6 7 7 10 10 19 19 20 25 26 26 26 29 29 32 33 33 37 39 39 42 42 42 42 44 46 47 0 100 182 197 238 246 280 310 357 393 393 399 435 435 485 533 534 562 577 614 701 716 772 780 808 837 857 951 954 971 971
69.0647482014 78.3733826248 31 0 2 3 5 6 6 12 14 15 20 23 23 26 30 30 33 33 34 35 36 37 37 37 42 43 44 45 46 46 47 48 0 113 120 126 145 169 177 237 242 256 258 271 273 274 308 468 501 583 682 700 753 765 771 786 827 864 923 944 945 949 999
57.5539568345 59.3345656192 31 0 0 1 3 9 9 9 10 10 10 11 19 20 21 23 26 28 28 34 34 34 36 38 40 41 42 44 44 45 46 49 0 164 193 209 218 222 246 273 293 323 344 350 361 398 432 486 510 511 545 550 590 641 649 659 751 791 829 878 905 926 927
45.3237410072 34.011090573 31 0 0 3 4 5 6 7 8 9 10 14 15 18 22 23 23 26 27 28 31 33 38 40 42 42 43 44 44 46 46 47 0 151 158 203 223 245 246 280 285 307 311 318 319 358 380 381 391 428 480 518 534 539 550 657 666 708 769 799 808 870 886
75.3597122302 50.2772643253 31 0 2 3 9 10 11 11 15 15 16 17 17 18 18 19 19 20 22 22 22 24 28 30 33 36 36 37 42 42 43 45 0 0 105 177 186 269 284 287 304 315 351 389 435 443 504 516 519 555 559 562 606 773 774 798 816 894 924 944 947 968 993
57.1942446043 76.7097966728 31 0 0 1 3 4 4 6 12 14 15 15 16 16 17 19 20 23 24 26 28 29 30 33 34 35 35 40 40 43 45 47 0 0 155 159 162 192 274 286 304 374 387 403 419 544 573 588 607 609 678 698 734 741 755 778 782 840 848 871 902 934 965
42.0863309353 77.449168207 31 0 0 4 5 6 8 11 13 14 16 18 19 22 23 25 26 26 28 29 30 32 34 35 36 37 38 41 44 46 46 48 0 0 145 157 171 190 195 233 265 275 294 303 340 346 497 528 562 601 621 717 755 779 791 814 820 856 926 934 937 975 980
34.5323741007 58.4103512015 31 0 3 7 7 10 14 16 16 17 18 18 20 20 21 25 25 25 27 28 29 29 32 33 33 35 35 39 41 45 47 48 0 0 106 118 144 144 186 187 210 213 243 269 285 305 310 483 492 557 612 628 664 668 676 691 721 804 840 855 875 880 898
43.5251798561 67.6524953789 31 0 0 2 3 6 6 6 10 11 12 13 15 17 20 21 24 26 26 29 31 32 33 33 36 37 38 43 46 48 48 49 0 101 114 127 142 167 197 223 291 316 317 343 410 429 558 567 596 618 634 737 751 768 792 847 852 858 884 915 929 942 972
56.8345323741 79.2975970425 31 0 0 4 5 5 6 9 10 11 12 12 14 15 22 22 25 25 30 31 32 33 34 37 38 42 44 44 47 48 49 49 0 101 108 114 114 203 215 243 260 304 343 344 372 398 441 452 510 538 552 594 683 690 699 705 719 789 801 827 861 890 978
67.8057553957 60.6284658041 31 0 0 0 3 4 5 10 11 12 13 15 19 20 24 26 26 26 26 27 28 31 33 36 39 42 42 44 47 49 49 49 0 179 273 281 292 336 388 411 426 446 470 492 523 539 559 559 562 566 568 582 604 643 688 697 725 761 763 770 785 915 966
61.690647482 42.5138632163 31 0 0 1 2 4 4 4 5 11 13 16 18 19 21 21 22 22 22 24 25 26 27 29 29 33 35 39 40 46 48 49 0 0 107 144 146 178 264 277 326 424 461 461 466 508 518 527 529 536 600 604 620 628 654 669 704 739 765 806 853 947 966
45.6834532374 56.3770794824 31 0 1 5 6 7 8 9 9 10 10 12 13 16 21 24 24 30 31 32 38 39 39 40 42 43 44 46 46 47 48 49 0 131 131 183 221 235 246 251 285 324 383 405 583 622 704 726 739 750 759 762 777 807 822 851 855 862 911 922 922 928 937
50.7194244604 81.8853974122 31 0 2 2 3 4 8 9 11 11 13 15 15 16 17 19 20 25 26 30 31 32 35 38 40 43 45 46 47 47 48 48 0 130 134 146 166 194 209 218 221 237 340 342 349 396 419 428 431 443 633 653 686 706 731 734 755 771 814 832 846 900 988
76.0791366906 32.9020332717 31 0 3 3 3 3 5 7 7 9 14 14 16 16 17 18 18 18 24 26 27 28 29 29 33 35 37 39 40 44 46 49 0 117 135 150 187 219 302 307 312 320 344 383 390 401 429 434 468 470 477 509 523 574 762 777 799 862 868 891 913 924 968
17.9856115108 51.3863216266 31 0 4 4 6 8 11 13 14 16 17 17 21 23 23 23 24 24 26 28 29 30 31 33 36 37 37 38 38 39 41 49 0 193 230 249 275 293 313 340 382 416 473 500 536 538 542 545 562 606 643 651 712 775 830 832 838 906 911 918 922 976 983
66.726618705 35.8595194085 31 0 0 0 1 1 3 4 5 5 6 7 12 12 12 13 13 14 16 18 19 21 21 26 27 28 32 37 43 47 47 48 0 229 260 286 310 355 429 433 445 461 516 560 580 588 611 645 712 715 723 736 742 758 766 800 843 868 870 899 917 918 921
45.3237410072 49.9075785582 31 0 0 1 3 5 7 8 11 11 13 15 16 17 19 20 21 23 24 25 26 31 32 34 35 38 38 39 41 42 43 49 0 0 118 144 145 160 232 247 251 298 305 336 354 400 433 442 469 473 514 526 574 600 659 708 736 763 770 776 843 886 994
43.5251798561 37.5231053604 31 0 0 1 3 3 4 6 7 7 9 10 12 12 14 15 18 18 19 21 23 26 29 31 31 36 38 39 40 41 42 48 0 113 154 175 202 285 311 358 391 392 464 488 507 531 533 537 546 570 608 676 712 739 795 811 814 853 863 879 959 983 989
83.6330935252 47.8743068392 31 0 1 2 5 6 7 7 8 9 10 12 12 13 15 15 18 18 23 23 25 27 28 29 32 33 36 36 44 45 45 47 0 214 262 274 277 287 297 299 309 323 343 422 484 500 601 646 653 653 723 724 724 822 871 873 884 892 909 947 948 949 981
62.9496402878 9.24214417745 31 0 0 2 3 3 9 9 10 10 11 11 12 18 20 20 23 23 24 27 29 36 39 39 40 40 42 44 45 46 47 48 0 120 123 139 209 305 372 403 438 444 446 451 491 495 531 603 616 617 633 646 653 696 714 721 731 852 874 887 954 959 971
58.0935251799 44.5471349353 31 0 0 0 2 3 4 4 7 9 10 14 14 14 23 23 24 25 26 26 26 29 33 33 33 34 35 42 44 47 48 48 0 101 112 139 175 189 212 247 267 277 280 307 323 346 369 409 420 453 457 490 608 609 658 681 683 814 818 841 880 954 975
44.0647482014 58.0406654344 31 0 1 4 4 8 9 9 12 15 15 18 22 26 26 27 27 30 30 30 31 31 34 34 35 36 40 40 46 46 46 49 0 147 186 216 262 278 279 308 315 410 422 442 519 566 643 643 656 660 665 719 740 756 757 793 802 806 874 908 947 968 994
46.2230215827 31.7929759704 31 0 2 3 4 12 14 17 17 18 21 23 24 24 24 24 27 28 28 29 30 31 33 34 37 38 38 38 40 42 46 47 0 122 165 191 243 272 286 295 302 346 409 421 452 536 563 595 613 616 630 653 710 765 777 789 810 818 827 884 914 929 985
57.1942446043 61.1829944547 31 0 0 1 2 5 5 6 6 8 11 13 13 13 21 21 22 28 32 32 34 39 39 40 42 42 44 45 45 45 46 46 0 0 105 127 136 185 205 208 326 339 343 400 400 460 498 511 524 571 590 611 611 629 650 666 692 705 787 862 866 920 942
68.1654676259 70.7948243993 31 0 0 1 3 4 5 6 8 12 14 15 17 23 24 25 32 32 33 35 35 35 36 38 38 38 40 42 42 45 48 49 0 0 105 173 205 258 291 353 365 383 417 449 449 503 580 639 647 675 681 729 736 736 753 768 812 911 943 957 959 965 995
64.928057554 67.2828096118 31 0 0 4 7 12 15 16 24 27 30 30 31 31 32 33 34 35 35 35 36 36 38 39 41 43 43 44 44 44 47 49 0 114 122 126 140 202 227 243 286 341 366 375 394 482 502 535 600 655 716 739 755 807 837 838 862 877 909 923 929 943 970
23.7410071942 61.5526802218 31 0 1 4 6 9 10 13 14 15 17 18 19 19 22 23 25 27 27 30 31 31 32 32 32 40 43 45 46 47 48 49 0 131 133 137 145 148 211 233 240 263 270 272 312 418 430 453 472 534 564 642 647 778 844 853 878 907 935 950 951 970 990
36.5107913669 100.0 31 0 0 1 4 5 6 6 6 9 9 13 13 15 16 18 18 22 25 27 28 30 30 31 31 34 40 40 43 43 47 47 0 100 153 163 213 229 230 286 311 314 341 370 401 419 424 477 563 613 632 721 730 759 773 792 832 845 846 907 940 943 954
59.5323741007 60.8133086876 31 0 1 1 2 2 3 6 9 9 14 15 20 23 23 27 29 30 35 35 39 41 41 42 42 43 44 44 46 47 47 49 0 102 109 117 216 219 235 254 262 263 386 440 456 458 512 541 551 643 675 710 734 736 743 789 795 795 815 815 937 956 993
52.8776978417 56.9316081331 31 0 2 3 6 7 9 9 12 12 12 14 15 15 16 16 18 21 23 24 26 29 31 32 33 35 36 37 40 40 46 48 0 0 124 216 228 253 257 268 271 285 291 300 328 337 349 362 399 450 462 485 493 502 586 596 638 728 744 822 883 942 966
46.4028776978 92.0517560074 31 0 0 1 3 5 10 10 13 13 16 17 18 19 20 20 21 23 25 25 31 31 35 36 37 38 41 42 43 43 47 47 0 149 161 185 235 269 314 319 339 370 372 388 446 503 505 519 546 546 576 586 607 623 638 667 705 781 867 889 954 956 991
100.0 23.1053604436 31 0 0 0 2 4 4 7 8 9 11 11 12 13 14 15 17 19 20 21 24 29 29 30 30 30 31 32 36 39 41 41 0 119 129 135 147 248 258 261 328 376 402 421 426 427 438 444 474 513 525 542 542 601 650 690 729 796 873 903 904 941 998
92.6258992806 50.4621072089 31 0 1 1 2 2 4 6 7 11 13 14 18 18 22 24 24 24 28 29 29 29 30 32 35 35 36 36 41 47 47 48 0 115 154 167 178 329 336 355 417 429 439 480 483 490 513 519 556 605 610 651 677 699 705 757 847 874 878 900 919 935 970
78.2374100719 50.0924214418 31 0 1 2 3 4 5 5 6 8 8 10 15 16 19 22 26 27 29 31 33 34 36 36 38 38 39 40 40 41 41 45 0 0 106 144 177 214 251 252 307 349 367 492 517 529 591 593 595 613 620 632 693 711 767 771 821 886 889 909 914 966 973
48.9208633094 44.5471349353 31 0 0 2 4 5 5 5 7 7 7 12 13 16 17 18 19 25 27 31 32 35 35 36 38 42 44 45 45 46 46 46 0 113 139 196 231 265 290 326 347 354 373 382 396 412 413 443 454 465 668 741 827 844 847 898 901 917 928 929 945 948 959
86.8705035971 26.0628465804 31 0 0 2 2 3 5 11 13 15 17 19 22 26 29 29 31 32 33 33 35 35 38 38 41 41 41 42 45 47 47 49 0 106 112 118 140 160 169 199 237 253 278 308 313 361 378 463 464 595 639 659 664 695 704 716 739 754 820 926 958 958 965
35.071942446 73.752310536 31 0 0 2 2 4 5 9 11 13 13 17 18 20 23 23 27 28 29 30 30 31 32 34 34 35 38 38 38 41 45 46 0 0 101 120 127 252 289 305 338 405 432 476 500 524 536 587 623 628 640 653 679 685 724 754 758 766 769 831 844 898 968
66.726618705 81.8853974122 31 0 0 0 1 2 3 4 4 9 12 13 13 14 15 16 18 25 26 28 28 30 31 32 34 36 39 41 42 45 48 49 0 0 152 157 202 220 237 295 358 358 372 401 404 502 513 556 568 597 624 645 647 675 694 719 761 782 801 837 863 934 960
52.1582733813 33.8262476895 31 0 1 2 3 6 6 7 8 9 9 9 10 12 21 26 27 30 32 32 35 35 35 36 36 37 38 39 43 43 44 47 0 0 106 106 107 135 138 293 316 340 347 376 382 394 429 430 550 568 577 591 620 650 701 718 772 802 832 871 929 967 987
30.7553956835 63.2162661738 31 0 1 1 2 2 6 10 10 11 11 12 12 13 14 15 16 18 20 22 25 26 28 29 38 41 42 43 44 44 46 48 0 100 136 171 172 202 213 224 341 357 379 379 427 431 438 442 516 518 570 703 715 723 754 824 826 835 889 943 954 978 989
44.964028777 31.977818854 31 0 0 1 2 2 4 10 14 14 17 18 18 20 23 28 28 29 30 32 35 38 39 39 40 41 42 43 44 47 49 49 0 0 105 159 162 174 191 193 195 211 212 269 283 290 292 304 309 396 419 465 600 609 677 723 775 786 787 864 913 954 957
14.7482014388 34.1959334566 31 0 3 5 5 6 7 8 8 9 9 15 22 22 24 25 25 27 30 30 31 32 34 34 37 39 40 41 45 45 47 47 0 0 106 113 127 167 245 302 305 344 355 371 386 446 520 550 588 615 620 720 737 780 798 802 846 849 857 860 896 929 952
39.2086330935 74.8613678373 31 0 1 2 2 3 4 8 11 14 14 16 20 21 24 24 24 24 25 29 30 35 35 35 36 41 43 44 46 48 49 49 0 119 125 217 224 227 262 274 286 291 304 308 337 391 426 464 480 533 577 583 590 621 684 776 799 801 811 822 824 927 933
53.0575539568 31.7929759704 31 0 0 1 2 2 6 10 11 12 16 16 20 21 21 21 23 24 25 26 26 31 32 33 35 36 36 38 39 40 42 48 0 126 138 144 150 185 254 275 311 353 423 434 448 449 514 536 584 585 638 677 709 715 735 751 812 894 916 928 966 979 991
49.4604316547 83.179297597 31 0 0 2 3 4 7 9 12 16 18 20 21 22 23 25 25 26 28 28 29 31 33 35 37 39 40 41 43 45 47 49 0 0 127 188 224 279 292 309 313 322 376 395 441 481 523 533 562 585 623 632 633 657 667 720 747 760 788 809 880 933 969
68.1654676259 39.3715341959 31 0 1 5 6 8 8 11 11 12 13 13 14 17 19 20 22 25 26 28 29 33 34 37 40 40 41 42 42 43 43 45 0 103 113 159 205 240 249 273 303 320 321 341 347 397 444 453 466 466 491 558 703 725 736 820 835 840 899 908 941 958 983
77.3381294964 72.0887245841 31 0 3 4 4 6 9 10 10 10 12 18 19 20 21 24 25 27 29 30 33 35 36 37 39 41 45 45 47 47 48 49 0 0 162 177 212 222 259 284 318 359 362 403 433 438 502 541 551 584 601 654 685 728 737 778 858 903 954 967 975 997 998
49.1007194245 0.0 31 0 0 4 4 6 7 8 10 10 13 13 20 22 22 23 24 25 25 26 26 29 29 33 36 38 42 47 47 48 48 48 0 134 137 203 296 402 413 417 423 426 492 530 530 545 548 549 574 592 673 734 789 821 829 871 880 922 944 955 967 981 990
53.5971223022 45.101663586 31 0 1 2 3 4 7 8 8 9 10 10 16 19 19 22 25 28 28 29 30 30 31 36 39 39 40 40 40 45 48 49 0 127 138 157 231 268 281 317 328 374 413 416 424 433 443 504 513 534 624 635 680 703 706 744 764 794 851 878 883 896 927
53.0575539568 56.7467652495 31 0 2 4 5 5 5 15 16 16 17 17 17 22 26 26 27 29 31 32 35 35 36 36 37 41 42 43 44 45 45 46 0 101 116 193 295 309 315 317 357 401 401 417 442 446 462 468 472 529 572 625 642 696 702 705 845 845 904 962 971 976 994
89.3884892086 37.1534195933 31 0 2 4 7 7 8 8 9 10 12 12 12 13 16 24 26 29 33 33 34 36 36 36 37 38 42 42 42 42 47 49 0 108 164 189 195 210 219 231 238 363 365 369 478 532 557 597 685 687 699 725 736 745 798 811 895 924 935 956 962 985 998
57.0143884892 43.8077634011 31 0 1 6 8 9 12 12 14 15 15 17 19 22 23 23 24 31 31 31 33 34 35 37 38 40 41 41 42 46 49 49 0 0 105 158 235 280 281 292 304 314 340 403 415 471 484 490 490 492 575 584 647 658 681 737 748 766 787 816 867 929 956
41.0071942446 65.0646950092 31 0 1 1 2 3 7 7 10 11 13 15 15 17 20 25 25 29 32 33 34 35 37 37 39 40 44 45 46 49 49 49 0 105 123 165 174 197 248 252 259 305 329 359 416 418 477 490 515 523 531 556 586 662 685 769 799 840 844 895 897 924 968
41.5467625899 72.6432532348 31 0 0 0 0 2 6 8 9 10 12 13 14 14 15 21 21 23 24 24 24 25 25 26 27 31 34 38 38 38 41 41 0 106 162 169 228 231 249 254 294 296 310 367 428 431 434 523 531 590 612 649 686 690 696 737 741 778 804 858 896 915 945
61.1510791367 66.1737523105 31 0 5 7 8 8 9 11 11 16 18 19 20 21 22 22 27 27 28 29 30 34 35 36 36 38 38 40 42 44 44 48 0 104 107 124 153 179 259 405 429 452 505 536 561 623 627 633 647 669 680 717 728 752 785 802 842 903 925 942 959 972 988
67.6258992806 70.2402957486 31 0 0 8 8 10 13 18 19 20 20 25 25 26 26 29 29 32 33 33 34 34 36 36 41 41 42 43 44 44 45 49 0 123 190 206 231 243 279 288 361 411 427 447 461 488 585 633 663 683 762 798 822 828 838 847 904 915 934 946 955 957 998
80.5755395683 61.1829944547 31 0 0 1 2 5 6 8 12 13 13 14 14 16 19 21 22 25 27 28 29 29 30 30 32 41 42 42 44 47 48 48 0 0 175 189 195 196 204 220 268 314 318 416 469 471 487 489 530 594 633 640 658 662 731 735 771 817 849 866 915 936 947
56.2949640288 24.7689463956 31 0 3 5 9 9 9 10 11 11 12 13 14 14 17 17 19 26 27 27 27 29 31 32 33 37 38 40 42 46 48 49 0 112 147 154 179 229 244 253 257 258 267 279 287 321 330 348 383 384 390 404 411 417 449 596 609 668 719 846 870 877 992
65.6474820144 50.0924214418 31 0 4 4 7 10 13 14 16 18 23 25 28 29 32 33 33 34 34 35 35 36 36 37 41 42 43 45 47 48 49 49 0 134 161 168 207 222 275 281 306 345 363 396 414 425 429 453 461 472 479 488 571 623 653 715 745 841 843 876 978 984 984
47.1223021583 38.0776340111 31 0 1 1 3 3 4 6 8 11 13 15 16 20 22 22 24 27 27 31 31 31 33 33 36 37 37 38 41 43 44 49 0 104 133 143 152 157 180 219 249 298 310 331 411 422 422 432 453 475 578 606 611 645 693 760 809 817 825 870 895 958 972
54.4964028777 39.1866913124 31 0 1 1 4 4 7 7 12 19 20 21 25 26 27 27 28 29 29 30 31 34 38 40 40 41 42 42 44 44 45 47 0 112 113 127 140 163 187 260 262 268 305 320 353 423 424 447 573 589 642 702 715 785 827 845 846 872 880 908 940 982 989
41.3669064748 53.2347504621 31 0 0 0 2 3 3 6 10 10 10 10 14 19 20 21 21 22 32 33 34 35 37 38 39 40 40 40 45 45 48 49 0 117 158 225 245 274 285 294 328 334 357 400 505 511 541 547 549 576 633 637 642 665 742 823 831 860 869 881 967 976 989
81.8345323741 64.6950092421 31 0 1 7 9 9 13 14 15 16 19 20 22 22 23 24 25 25 30 31 33 33 36 38 40 40 42 44 44 45 46 46 0 110 135 175 236 325 393 414 427 466 520 548 611 632 677 729 730 736 738 768 792 795 797 842 895 903 907 962 963 968 996
31.8345323741 47.6894639556 31 0 1 2 3 5 6 11 12 18 18 20 25 25 26 26 28 30 31 34 36 36 36 38 38 40 40 44 46 46 47 48 0 0 107 124 210 284 289 290 306 359 392 426 432 439 454 471 477 489 503 507 509 512 581 632 657 742 754 771 856 865 922
48.5611510791 50.0924214418 31 0 0 3 7 9 9 13 14 16 17 17 17 19 19 20 23 29 30 31 31 31 32 32 33 34 42 46 47 47 47 47 0 105 142 152 180 199 205 286 312 324 336 355 360 364 402 420 437 470 488 516 550 561 635 728 739 867 898 906 937 984 996
65.1079136691 71.9038817006 31 0 1 3 4 9 11 11 12 13 14 18 18 22 24 29 32 34 35 35 35 37 37 39 42 43 44 47 48 48 48 48 0 115 125 131 140 174 268 323 327 427 447 508 510 543 545 631 639 640 659 675 696 697 728 737 773 779 828 880 893 898 991
33.4532374101 70.9796672828 31 0 2 6 6 7 8 9 9 10 12 13 16 18 20 20 22 24 25 26 27 27 31 33 34 36 40 42 43 43 43 45 0 127 128 137 201 201 238 267 277 308 371 382 443 447 465 501 508 517 540 585 698 733 797 870 892 919 924 930 942 976 990
58.4532374101 69.3160813309 31 0 1 4 6 6 6 6 9 10 13 15 16 17 18 18 25 26 26 27 28 29 29 29 36 36 37 42 43 43 47 48 0 0 121 124 167 190 195 204 235 256 362 365 371 414 435 447 455 491 566 573 605 612 683 789 813 815 821 862 896 919 958
60.9712230216 50.0924214418 31 0 1 3 5 9 12 13 13 18 18 19 19 19 21 21 24 28 29 29 31 32 35 38 38 40 40 41 41 44 48 49 0 240 254 255 309 329 343 369 371 403 419 451 469 523 545 620 622 642 681 681 717 728 738 747 837 846 875 947 968 979 996
47.6618705036 28.280961183 31 0 1 6 6 8 9 11 12 17 19 24 30 31 31 31 33 33 36 36 38 38 41 42 43 43 45 45 47 47 47 48 0 116 144 158 179 210 219 267 280 297 345 392 446 503 545 569 574 597 600 680 695 741 770 771 810 883 896 922 938 968 972
27.3381294964 33.0868761553 31 0 0 4 6 12 15 15 16 17 19 21 24 24 25 25 25 27 28 28 28 28 28 29 31 34 35 36 36 39 44 49 0 0 171 229 257 264 298 301 303 305 318 319 342 432 452 467 513 531 558 628 649 678 749 756 799 802 823 869 944 989 995
31.1151079137 49.9075785582 31 0 0 0 2 4 6 10 14 14 14 17 19 20 21 23 28 29 30 31 31 34 35 38 38 38 39 41 42 44 47 49 0 162 164 184 186 194 198 241 241 245 289 321 395 409 431 441 557 575 627 636 719 761 778 832 837 848 849 860 906 907 953
45.6834532374 69.685767098 31 0 2 3 7 9 9 10 13 15 16 18 19 21 21 22 22 22 23 24 26 27 27 28 30 32 33 35 35 41 42 43 0 0 103 126 133 238 241 244 253 254 271 280 288 290 319 338 360 361 409 410 422 479 488 663 696 714 733 748 974 990 990
95.5035971223 59.8890942699 31 0 1 4 4 5 5 6 7 7 8 9 11 12 14 17 18 20 22 23 28 29 30 33 38 38 39 40 45 47 47 49 0 0 125 153 173 236 240 268 287 307 323 325 356 426 431 460 544 609 647 686 702 733 739 782 808 810 827 884 894 922 947
41.5467625899 51.3863216266 31 0 1 3 3 5 7 7 13 13 13 14 15 22 24 24 25 25 29 32 33 34 34 35 38 38 41 41 41 42 43 48 0 0 123 125 148 167 184 236 263 272 281 305 306 340 341 350 396 483 551 601 683 728 764 786 834 846 868 877 939 951 983
51.9784172662 20.3327171904 31 0 0 4 5 5 6 6 9 11 12 15 15 19 22 22 25 28 29 30 35 37 37 39 39 41 43 47 47 48 48 49 0 120 170 177 212 218 234 250 339 375 396 400 482 516 546 591 612 656 674 709 714 795 805 852 854 866 866 873 920 926 943
66.1870503597 78.3733826248 31 0 0 1 2 5 6 13 14 15 17 17 20 20 21 23 24 28 29 32 34 34 34 36 36 37 40 46 46 47 47 48 0 114 117 137 166 178 279 305 343 378 386 409 431 475 511 521 530 587 630 664 733 762 793 835 854 896 899 932 962 984 991
62.5899280576 38.0776340111 31 0 2 2 4 4 6 6 7 15 15 18 19 19 20 20 21 22 24 24 24 27 29 30 31 32 35 40 41 43 46 46 0 124 159 161 167 235 300 397 398 463 464 479 518 533 560 574 632 687 705 764 767 786 787 823 848 868 897 911 944 966 996
51.9784172662 72.2735674677 31 0 0 0 3 8 9 9 11 12 13 13 14 17 17 19 20 24 25 26 30 30 31 31 32 33 35 40 40 42 43 45 0 106 140 181 292 295 295 416 435 445 460 498 504 508 518 552 707 785 815 831 843 860 863 874 890 904 913 934 945 963 968
45.6834532374 36.4140480591 31 0 10 11 13 13 13 13 15 15 17 17 19 21 24 24 27 30 30 35 36 38 39 39 43 44 44 45 45 45 49 49 0 110 121 147 147 201 224 294 366 428 444 494 508 517 606 665 668 705 708 709 716 781 802 802 856 872 893 895 927 941 977
0.0 48.9833641405 31 0 0 1 2 4 4 6 6 9 9 13 14 18 19 20 21 22 25 27 29 36 36 36 36 40 41 42 43 47 48 49 0 113 120 138 154 166 197 227 236 254 257 293 363 368 384 390 398 408 445 469 612 618 628 645 679 700 755 797 929 978 980
53.7769784173 50.0924214418 31 0 2 3 3 3 5 10 13 13 15 15 16 17 17 25 26 28 35 36 36 37 39 42 43 43 44 44 49 49 49 49 0 119 148 157 196 266 274 276 291 303 320 324 346 436 444 469 510 518 524 550 640 655 677 681 787 805 811 813 856 875 974
243
58.382642998 37.893081761 2
41.617357002 60.8490566038 8
11.2426035503 24.5283018868 9
26.0355029586 33.8050314465 3
40.8284023669 67.7672955975 3
38.067061144 36.6352201258 2
15.9763313609 40.5660377358 7
0.591715976331 45.9119496855 9
55.4240631164 52.9874213836 5
38.067061144 28.7735849057 2
30.5719921105 77.8301886792 9
31.5581854043 47.641509434 8
38.4615384615 56.7610062893 7
13.8067061144 54.2452830189 3
15.3846153846 58.4905660377 7
64.2998027613 44.8113207547 9
50.0986193294 43.3962264151 6
11.0453648915 33.9622641509 7
45.7593688363 44.4968553459 2
40.2366863905 27.6729559748 5
66.4694280079 63.2075471698 8
46.1538461538 46.8553459119 2
62.3274161736 52.358490566 8
62.1301775148 41.9811320755 1
47.3372781065 30.1886792453 2
51.4792899408 41.9811320755 4
60.5522682446 40.251572327 5
53.6489151874 39.3081761006 3
38.4615384615 57.2327044025 2
38.2642998028 56.4465408805 7
46.5483234714 20.2830188679 6
49.7041420118 55.6603773585 3
64.1025641026 52.6729559748 2
43.392504931 49.8427672956 4
24.0631163708 29.0880503145 3
38.067061144 36.0062893082 2
35.1084812623 64.9371069182 6
43.1952662722 49.0566037736 4
66.0749506903 49.0566037736 9
15.5818540434 100.0 9
48.9151873767 52.8301886792 6
15.3846153846 33.6477987421 1
38.6587771203 44.9685534591 5
38.4615384615 43.2389937107 6
29.5857988166 77.5157232704 7
87.9684418146 34.2767295597 4
24.6548323471 50.786163522 7
45.3648915187 54.5597484277 9
50.4930966469 24.3710691824 6
42.9980276134 63.2075471698 8
37.6725838264 44.3396226415 9
33.9250493097 45.4402515723 2
69.033530572 52.2012578616 3
31.3609467456 80.1886792453 2
83.6291913215 40.5660377358 8
95.0690335306 35.2201257862 4
33.5305719921 37.893081761 4
40.0394477318 26.2578616352 6
44.7731755424 44.9685534591 2
78.5009861933 43.3962264151 6
48.9151873767 50.9433962264 5
27.2189349112 16.8238993711 3
49.7041420118 67.6100628931 7
16.9625246548 59.748427673 9
28.4023668639 20.7547169811 1
53.4516765286 32.2327044025 8
55.4240631164 35.0628930818 5
62.9191321499 39.7798742138 7
60.5522682446 47.0125786164 6
30.5719921105 41.8238993711 3
71.7948717949 38.8364779874 3
37.6725838264 41.5094339623 2
59.7633136095 44.6540880503 8
57.0019723866 34.4339622642 1
35.5029585799 55.3459119497 3
63.9053254438 20.4402515723 6
28.9940828402 59.748427673 3
16.7652859961 61.0062893082 9
22.090729783 47.0125786164 3
73.3727810651 24.213836478 4
68.0473372781 45.9119496855 5
36.8836291913 50.3144654088 7
49.1124260355 44.3396226415 3
45.9566074951 52.5157232704 7
53.6489151874 36.7924528302 7
50.4930966469 51.2578616352 9
30.5719921105 37.4213836478 6
35.5029585799 62.893081761 8
59.9605522682 40.251572327 3
34.3195266272 43.7106918239 7
13.6094674556 58.9622641509 1
45.16765286 34.748427673 4
23.2741617357 38.0503144654 1
53.2544378698 65.7232704403 3
53.2544378698 81.1320754717 1
71.4003944773 40.5660377358 7
59.7633136095 86.7924528302 9
51.4792899408 28.9308176101 2
52.2682445759 56.7610062893 4
42.4063116371 69.3396226415 3
56.607495069 72.7987421384 7
43.392504931 32.7044025157 3
10.650887574 66.9811320755 1
25.4437869822 71.2264150943 4
10.2564102564 63.2075471698 2
14.5956607495 44.3396226415 4
53.4516765286 30.5031446541 6
27.8106508876 77.9874213836 5
51.8737672584 64.7798742138 9
61.7357001972 56.1320754717 6
78.3037475345 53.7735849057 1
40.4339250493 60.8490566038 9
62.1301775148 48.2704402516 9
29.5857988166 64.1509433962 2
38.4615384615 60.8490566038 8
73.1755424063 61.9496855346 9
39.0532544379 54.2452830189 6
55.8185404339 39.6226415094 5
64.8915187377 23.5849056604 3
0.0 67.4528301887 7
48.1262327416 58.1761006289 7
2.16962524655 58.6477987421 2
100.0 43.0817610063 6
13.2149901381 41.8238993711 5
31.1637080868 16.5094339623 6
10.2564102564 49.6855345912 5
42.0118343195 66.5094339623 7
80.6706114398 44.1823899371 9
74.7534516765 43.2389937107 6
25.0493096647 52.358490566 8
25.8382642998 35.8490566038 7
76.7258382643 60.2201257862 5
42.9980276134 59.1194968553 3
14.5956607495 59.1194968553 4
51.6765285996 47.641509434 2
16.3708086785 75.3144654088 7
23.865877712 43.7106918239 2
40.2366863905 37.106918239 9
33.9250493097 65.5660377358 1
62.1301775148 43.2389937107 9
42.4063116371 82.0754716981 4
24.0631163708 73.5849056604 2
52.6627218935 43.2389937107 1
64.8915187377 72.1698113208 6
73.3727810651 44.6540880503 9
28.5996055227 13.9937106918 6
28.4023668639 56.7610062893 8
22.090729783 51.2578616352 9
61.5384615385 53.1446540881 8
21.3017751479 51.4150943396 1
55.8185404339 68.2389937107 3
26.2327416174 44.1823899371 2
54.2406311637 28.7735849057 4
13.0177514793 56.7610062893 3
60.5522682446 44.8113207547 8
51.2820512821 53.3018867925 6
38.6587771203 38.0503144654 5
48.9151873767 53.9308176101 9
45.9566074951 52.5157232704 1
45.3648915187 55.8176100629 9
57.7909270217 35.6918238994 4
23.865877712 94.6540880503 8
58.382642998 50.9433962264 7
18.3431952663 36.9496855346 6
30.966469428 57.8616352201 5
47.1400394477 45.7547169811 5
67.6528599606 52.6729559748 9
59.7633136095 73.1132075472 6
17.1597633136 29.8742138365 3
49.9013806706 45.9119496855 3
30.3747534517 76.2578616352 5
17.9487179487 38.3647798742 1
29.9802761341 60.0628930818 8
39.4477317554 72.0125786164 3
43.5897435897 69.0251572327 3
8.67850098619 51.4150943396 7
41.2228796844 52.0440251572 8
36.8836291913 61.9496855346 2
38.8560157791 36.6352201258 5
24.4575936884 0.0 8
48.9151873767 56.4465408805 4
36.8836291913 24.6855345912 5
76.5285996055 49.0566037736 4
63.708086785 51.2578616352 7
50.4930966469 58.4905660377 8
24.0631163708 40.0943396226 7
47.5345167653 33.4905660377 2
36.6863905325 20.2830188679 7
22.2879684418 71.8553459119 5
25.8382642998 32.7044025157 2
41.0256410256 31.6037735849 4
44.1814595661 56.1320754717 7
12.2287968442 30.5031446541 2
94.0828402367 52.2012578616 5
46.1538461538 51.8867924528 6
63.5108481262 34.2767295597 7
43.9842209073 79.5597484277 7
63.9053254438 23.427672956 3
20.7100591716 58.1761006289 2
32.741617357 43.5534591195 1
64.2998027613 33.8050314465 5
30.5719921105 65.4088050314 3
21.3017751479 42.7672955975 9
24.4575936884 51.4150943396 4
45.9566074951 8.64779874214 5
60.3550295858 11.4779874214 3
49.7041420118 50.9433962264 9
51.8737672584 58.3333333333 3
26.6272189349 41.3522012579 6
50.8875739645 15.4088050314 3
45.16765286 81.7610062893 7
48.1262327416 63.9937106918 2
78.3037475345 31.9182389937 6
70.2169625247 38.9937106918 6
37.6725838264 49.8427672956 4
45.3648915187 59.748427673 9
52.2682445759 35.3773584906 1
53.057199211 56.4465408805 1
39.2504930966 16.9811320755 1
28.9940828402 50.4716981132 6
78.8954635108 93.7106918239 4
30.3747534517 46.6981132075 5
60.7495069034 32.8616352201 9
42.6035502959 24.5283018868 4
31.5581854043 68.2389937107 3
45.5621301775 41.5094339623 9
51.4792899408 49.213836478 1
65.0887573964 69.8113207547 5
9.07297830375 34.1194968553 5
36.6863905325 51.572327044 9
58.382642998 48.427672956 8
62.9191321499 40.7232704403 4
80.6706114398 54.8742138365 4
70.6114398422 75.0 1
32.5443786982 32.5471698113 5
39.6449704142 48.427672956 9
24.8520710059 52.8301886792 1
56.607495069 72.7987421384 6
42.6035502959 54.0880503145 9
88.1656804734 37.893081761 2
30.5719921105 26.572327044 6
33.3333333333 22.9559748428 3
58.7771203156 55.5031446541 5
