54
35.9331476323 51.8763796909 11 0 1 5 8 11 14 15 28 32 37 49 0 162 251 298 327 496 512 567 595 656 717
52.0891364903 70.8609271523 11 0 5 5 19 20 21 23 24 25 37 41 0 304 374 399 448 520 555 668 700 714 772
95.2646239554 0.0 11 0 5 16 18 24 29 30 36 40 45 45 0 121 226 354 459 462 487 662 752 908 998
83.286908078 98.8962472406 11 0 0 8 9 9 10 15 27 29 40 44 0 0 125 269 306 348 509 568 720 794 858
21.1699164345 77.2626931567 11 0 1 4 16 16 18 19 24 29 41 44 0 431 444 497 566 612 630 717 728 953 973
0.0 63.3554083885 11 0 7 19 32 36 37 38 40 43 45 46 0 104 108 165 300 335 346 509 524 937 989
38.7186629526 48.5651214128 11 0 1 7 14 17 21 25 32 32 42 43 0 106 107 209 217 219 479 496 583 691 801
40.9470752089 31.1258278146 11 0 0 4 9 15 25 25 26 28 34 44 0 0 178 261 261 359 578 821 836 924 953
84.9582172702 75.2759381898 11 0 11 12 16 24 24 27 29 32 33 35 0 262 405 411 537 626 844 865 873 959 967
12.8133704735 54.5253863135 11 0 2 7 12 18 19 27 28 35 42 47 0 115 313 345 476 518 599 631 891 904 934
41.2256267409 76.3796909492 11 0 0 10 29 29 31 35 36 39 48 48 0 215 251 292 420 466 531 746 853 972 994
15.8774373259 82.119205298 11 0 3 3 10 13 14 18 29 41 41 48 0 213 234 409 418 423 499 565 595 778 995
6.12813370474 42.825607064 11 0 5 7 12 19 40 44 44 45 46 49 0 0 103 163 455 456 457 642 645 696 885
40.6685236769 49.4481236203 11 0 0 6 7 11 14 18 21 24 39 47 0 381 418 482 520 529 637 647 673 907 997
50.6963788301 32.8918322296 11 0 1 3 4 10 14 17 25 39 43 43 0 0 178 207 229 265 317 347 384 450 487
72.1448467967 28.0353200883 11 0 1 4 7 15 26 27 28 29 32 47 0 0 152 415 442 603 604 672 742 830 934
78.2729805014 58.4988962472 11 0 4 4 5 6 10 13 33 36 39 40 0 0 355 448 503 576 592 595 694 814 967
38.7186629526 61.8101545254 11 0 3 8 14 22 29 31 33 35 36 44 0 223 248 265 271 334 410 410 588 707 766
46.7966573816 43.9293598234 11 0 13 18 19 25 28 36 39 40 40 48 0 170 424 445 484 532 691 731 736 818 835
22.5626740947 69.7571743929 11 0 6 11 13 19 21 21 25 42 44 44 0 136 278 301 588 654 677 755 769 937 994
94.7075208914 29.1390728477 11 0 3 9 17 28 31 35 40 43 46 49 0 195 246 291 474 484 495 646 692 719 982
67.6880222841 21.8543046358 11 0 7 8 9 11 24 29 32 33 35 36 0 110 179 330 402 642 679 710 725 957 983
23.3983286908 49.4481236203 11 0 2 6 12 13 16 19 24 26 28 29 0 357 401 447 617 632 720 788 874 927 980
29.5264623955 27.8145695364 11 0 4 8 10 12 13 15 15 16 26 27 0 191 312 313 347 359 601 672 678 708 801
29.2479108635 59.8233995585 11 0 7 16 18 22 25 32 37 41 41 45 0 0 354 407 472 615 643 656 680 812 979
36.2116991643 59.8233995585 11 0 4 8 9 10 20 30 32 33 42 43 0 0 165 365 387 416 457 501 578 616 888
9.74930362117 63.7969094923 11 0 3 5 6 8 12 12 21 25 42 44 0 102 138 230 271 376 426 582 639 754 856
39.8328690808 49.8896247241 11 0 2 7 21 21 23 25 29 35 45 45 0 415 421 425 436 444 540 622 764 853 859
42.6183844011 100.0 11 0 4 5 15 18 24 27 33 40 45 46 0 0 228 377 444 477 585 752 800 886 986
30.6406685237 73.9514348786 11 0 1 2 7 17 17 18 20 23 37 46 0 204 222 331 361 393 441 481 695 899 908
22.2841225627 34.8785871965 11 0 3 5 9 10 11 14 20 22 33 43 0 156 157 189 211 466 477 793 799 899 975
34.8189415042 70.1986754967 11 0 2 5 5 11 12 38 38 43 48 48 0 175 284 338 362 582 644 649 691 830 915
32.0334261838 30.9050772627 11 0 15 28 31 33 34 37 39 42 46 48 0 180 194 201 411 435 485 611 815 912 989
33.426183844 65.1214128035 11 0 0 0 1 2 13 13 17 17 23 42 0 181 213 234 285 355 383 564 709 810 894
100.0 60.2649006623 11 0 0 4 5 11 14 18 23 29 39 42 0 0 277 443 445 549 569 626 802 846 938
67.9665738162 81.4569536424 11 0 3 17 21 23 26 28 29 30 33 45 0 153 161 210 326 451 768 770 884 907 925
35.3760445682 59.3818984547 11 0 5 7 9 12 14 21 30 39 43 46 0 191 206 216 285 500 664 716 753 920 928
30.0835654596 35.0993377483 11 0 16 19 27 32 32 32 34 42 45 48 0 300 649 669 681 730 748 803 815 827 912
42.061281337 99.5584988962 11 0 4 5 17 25 26 29 31 33 34 48 0 106 247 469 550 562 714 716 785 860 910
50.6963788301 50.1103752759 11 0 8 18 20 29 33 36 37 41 46 47 0 238 301 737 742 782 801 898 915 937 984
19.4986072423 54.0838852097 11 0 7 15 21 24 26 35 36 41 45 48 0 0 178 249 376 575 918 941 950 980 997
25.9052924791 20.7505518764 11 0 21 24 34 35 36 40 41 48 49 49 0 117 204 326 383 575 625 720 740 750 894
22.5626740947 28.2560706402 11 0 2 8 19 22 24 26 34 34 44 45 0 204 334 355 405 452 511 544 555 699 707
46.5181058496 55.8498896247 11 0 0 3 7 10 15 27 30 41 45 45 0 155 257 300 363 435 481 530 596 854 992
13.9275766017 43.4878587196 11 0 4 9 9 11 32 33 35 45 47 48 0 111 125 127 221 251 378 389 460 467 548
70.1949860724 49.2273730684 11 0 8 11 13 25 33 37 38 43 44 45 0 148 182 191 320 624 627 669 691 768 918
58.7743732591 45.0331125828 11 0 1 9 16 17 18 25 27 32 36 38 0 0 167 168 182 301 366 385 438 478 795
26.4623955432 66.8874172185 11 0 1 14 14 21 31 33 41 41 46 47 0 0 162 166 242 273 399 428 438 731 935
44.2896935933 70.4194260486 11 0 2 6 9 9 14 15 19 38 41 47 0 0 300 318 322 417 510 705 724 894 900
14.2061281337 45.6953642384 11 0 2 3 14 22 27 28 31 42 46 49 0 0 289 289 375 465 554 577 719 859 913
45.6824512535 60.706401766 11 0 5 19 20 20 26 27 28 42 44 47 0 0 113 273 315 553 687 751 865 875 921
67.1309192201 18.5430463576 11 0 2 4 10 11 15 31 32 42 46 48 0 0 183 254 498 566 670 730 865 910 954
76.3231197772 56.9536423841 11 0 7 13 16 31 37 38 42 43 44 45 0 143 162 309 510 529 540 566 639 726 833
43.7325905292 30.4635761589 11 0 1 2 3 5 6 10 14 21 35 49 0 209 245 264 483 527 582 594 721 729 997
88
42.1739130435 44.8905109489 8
51.9565217391 43.6131386861 3
21.3043478261 73.5401459854 5
68.4782608696 45.802919708 1
0.0 46.1678832117 3
60.652173913 41.0583941606 8
54.5652173913 67.700729927 5
54.1304347826 48.1751824818 7
63.2608695652 43.6131386861 4
45.4347826087 60.5839416058 5
43.4782608696 65.8759124088 9
70.4347826087 76.6423357664 2
12.1739130435 50.1824817518 9
21.3043478261 70.2554744526 1
53.4782608696 57.8467153285 1
63.0434782609 0.0 7
61.9565217391 56.0218978102 5
56.7391304348 70.6204379562 8
54.347826087 92.3357664234 8
57.3913043478 66.6058394161 1
7.60869565217 30.8394160584 4
20.0 54.0145985401 1
46.7391304348 43.6131386861 4
52.6086956522 44.7080291971 2
78.9130434783 26.0948905109 2
33.9130434783 59.6715328467 4
35.652173913 100.0 4
52.8260869565 64.0510948905 3
86.7391304348 27.1897810219 9
33.6956521739 53.4671532847 4
62.1739130435 55.1094890511 5
35.8695652174 34.8540145985 9
30.2173913043 51.8248175182 9
32.8260869565 70.6204379562 4
90.652173913 20.802919708 3
31.3043478261 32.6642335766 2
29.347826087 70.4379562044 8
24.5652173913 41.2408759124 2
53.6956521739 56.5693430657 6
43.4782608696 86.3138686131 4
43.4782608696 79.5620437956 7
38.2608695652 67.8832116788 6
39.7826086957 92.700729927 8
17.8260869565 87.0437956204 6
54.7826086957 57.6642335766 1
44.347826087 56.5693430657 6
46.3043478261 62.0437956204 6
37.8260869565 55.4744525547 1
24.347826087 66.7883211679 8
28.9130434783 62.0437956204 9
30.2173913043 40.3284671533 4
37.6086956522 48.5401459854 9
51.3043478261 49.0875912409 2
72.1739130435 52.5547445255 2
24.347826087 67.5182481752 1
20.652173913 31.204379562 7
60.2173913043 68.9781021898 6
100.0 69.5255474453 9
48.4782608696 48.1751824818 2
28.4782608696 65.1459854015 9
32.1739130435 41.2408759124 6
36.9565217391 27.3722627737 5
20.2173913043 26.6423357664 1
29.5652173913 84.3065693431 2
54.5652173913 26.6423357664 9
51.7391304348 77.1897810219 3
15.2173913043 36.496350365 3
74.5652173913 55.1094890511 6
5.4347826087 31.9343065693 3
60.2173913043 64.2335766423 3
33.6956521739 50.1824817518 6
23.9130434783 63.3211678832 7
21.7391304348 75.5474452555 7
28.0434782609 76.4598540146 4
52.6086956522 36.6788321168 9
34.347826087 58.7591240876 4
78.6956521739 96.5328467153 1
41.9565217391 63.8686131387 1
23.9130434783 52.0072992701 9
45.8695652174 83.3941605839 9
68.4782608696 94.7080291971 9
51.0869565217 89.2335766423 3
46.7391304348 74.0875912409 2
10.2173913043 58.0291970803 7
23.2608695652 59.1240875912 2
40.0 64.9635036496 5
29.347826087 93.9781021898 3
64.1304347826 70.9854014599 3
