50
29.8076923077 49.2385786802 12 0 2 3 4 11 14 25 29 42 44 45 46 0 0 121 316 470 507 654 672 711 775 821 967
54.0865384615 25.6345177665 12 0 3 4 19 19 21 32 35 35 36 40 49 0 154 314 384 459 488 523 532 633 777 818 878
17.7884615385 38.0710659898 12 0 4 8 14 19 22 23 24 26 29 39 42 0 115 199 471 521 611 626 753 754 781 884 999
28.8461538462 45.6852791878 12 0 2 5 8 10 11 13 20 24 30 31 44 0 0 228 428 503 646 692 701 750 778 790 970
42.7884615385 53.2994923858 12 0 0 3 4 7 14 19 34 38 40 43 48 0 0 307 445 489 571 631 750 761 841 917 992
55.7692307692 59.8984771574 12 0 0 8 13 21 26 31 38 39 40 42 48 0 139 206 224 340 549 658 781 867 868 913 930
78.3653846154 13.9593908629 12 0 2 7 9 14 14 18 24 31 34 36 37 0 163 173 364 400 532 572 576 587 606 670 883
68.9903846154 30.2030456853 12 0 2 9 11 18 19 21 24 28 30 32 48 0 221 225 321 429 462 566 579 615 881 899 969
67.0673076923 5.58375634518 12 0 0 3 5 17 19 20 25 26 33 41 48 0 204 206 318 424 462 518 566 658 757 835 934
50.9615384615 39.847715736 12 0 1 14 15 24 25 39 40 40 45 47 49 0 450 461 556 573 584 692 730 733 784 844 989
40.1442307692 26.1421319797 12 0 3 12 20 20 23 34 41 41 42 44 48 0 113 118 259 268 319 516 572 658 754 773 919
71.1538461538 62.4365482234 12 0 7 15 22 22 26 29 33 34 40 40 43 0 202 221 250 363 385 391 405 738 758 758 783
34.375 64.9746192893 12 0 8 17 20 25 29 31 33 36 36 39 41 0 227 249 249 280 455 460 574 656 760 814 946
50.7211538462 40.3553299492 12 0 1 17 18 22 24 31 39 42 43 44 47 0 0 187 261 299 305 439 461 605 797 884 940
76.4423076923 10.152284264 12 0 2 3 9 15 16 18 24 27 35 46 49 0 172 262 298 503 513 527 559 619 776 897 997
64.1826923077 10.152284264 12 0 2 17 18 20 22 28 28 29 43 46 48 0 0 235 307 350 516 547 600 650 658 691 697
67.7884615385 50.0 12 0 0 2 15 19 19 22 35 37 38 39 45 0 456 465 484 585 617 674 686 820 850 960 967
64.9038461538 50.5076142132 12 0 9 10 14 14 15 22 28 29 38 40 45 0 172 295 371 371 400 417 675 747 799 844 917
24.7596153846 62.4365482234 12 0 7 18 19 29 31 32 33 35 39 48 48 0 126 151 218 598 628 676 798 830 858 868 993
79.0865384615 31.7258883249 12 0 7 9 10 11 20 29 30 35 36 40 48 0 0 183 263 299 340 537 774 785 810 858 878
64.6634615385 11.6751269036 12 0 6 7 7 8 11 11 17 23 42 44 47 0 186 259 296 364 503 678 805 833 916 935 987
78.3653846154 60.9137055838 12 0 3 5 7 11 12 14 15 26 33 42 43 0 0 111 159 234 283 402 461 464 794 831 944
63.4615384615 22.8426395939 12 0 7 11 12 13 17 18 35 37 38 39 45 0 217 287 331 418 503 592 811 817 850 865 898
26.4423076923 31.2182741117 12 0 10 11 11 17 17 21 21 24 25 47 48 0 0 146 358 367 543 669 692 797 855 923 957
29.0865384615 76.3959390863 12 0 13 13 14 15 16 17 23 25 26 40 48 0 352 463 515 568 672 684 734 774 848 883 966
59.375 71.0659898477 12 0 4 13 17 18 22 22 32 38 49 49 49 0 174 204 348 400 464 566 598 741 862 874 986
39.4230769231 53.2994923858 12 0 4 5 18 19 20 23 26 28 29 40 47 0 0 138 155 177 253 553 619 645 900 954 977
37.9807692308 88.8324873096 12 0 0 2 3 7 8 20 24 31 45 47 48 0 112 119 194 360 397 534 542 625 699 711 778
74.0384615385 33.2487309645 12 0 1 2 5 6 8 34 36 37 37 45 49 0 177 219 244 309 534 535 604 605 655 735 865
48.0769230769 0.0 12 0 0 5 7 10 19 23 27 33 33 34 43 0 106 217 230 289 323 460 466 558 691 821 946
53.3653846154 27.9187817259 12 0 2 5 8 8 11 18 25 28 33 41 48 0 0 115 122 155 197 305 556 560 577 578 633
97.3557692308 41.3705583756 12 0 5 8 10 10 13 25 42 44 46 46 47 0 168 355 417 550 559 626 688 733 789 862 925
67.7884615385 38.3248730964 12 0 0 1 7 23 27 29 35 41 43 45 48 0 0 109 153 371 521 616 660 682 728 748 840
96.1538461538 77.4111675127 12 0 3 9 11 27 30 32 35 40 41 41 43 0 158 176 371 434 475 529 569 650 752 821 999
29.3269230769 3.04568527919 12 0 2 2 3 6 9 9 14 17 21 26 41 0 169 180 215 241 275 367 449 576 769 937 943
97.5961538462 28.6802030457 12 0 10 12 16 18 18 24 29 34 42 48 49 0 0 104 135 244 309 501 723 772 842 913 916
18.75 56.345177665 12 0 6 10 11 14 15 17 27 29 31 36 47 0 250 380 451 485 640 675 715 777 842 852 912
1.20192307692 100.0 12 0 4 4 5 6 13 15 18 30 34 36 48 0 132 319 339 446 593 637 735 755 829 847 988
45.9134615385 32.9949238579 12 0 4 6 18 22 28 30 33 34 39 44 45 0 0 171 179 230 266 301 452 572 698 799 934
83.4134615385 62.9441624365 12 0 1 27 28 39 40 41 42 43 47 48 48 0 0 145 427 441 519 532 537 561 654 670 752
0.0 14.9746192893 12 0 4 9 11 23 26 33 35 38 40 41 49 0 272 277 285 321 600 624 704 839 845 852 965
37.9807692308 57.3604060914 12 0 10 19 23 29 33 34 34 42 44 44 49 0 103 156 406 482 515 632 681 693 765 912 972
100.0 28.1725888325 12 0 0 5 7 9 11 22 23 31 35 45 46 0 0 133 176 197 517 575 614 655 700 792 923
66.5865384615 47.9695431472 12 0 7 8 13 14 16 17 21 23 24 28 47 0 0 109 201 255 319 475 486 496 903 928 962
57.2115384615 39.847715736 12 0 1 5 5 8 8 16 31 38 45 48 48 0 137 210 257 406 604 608 649 724 776 838 838
4.80769230769 59.1370558376 12 0 0 1 3 7 8 9 22 33 38 40 43 0 0 145 360 385 456 482 518 876 916 954 966
33.1730769231 32.4873096447 12 0 8 20 22 25 29 30 34 37 40 41 43 0 348 400 441 462 503 652 743 756 841 906 986
58.8942307692 48.4771573604 12 0 3 11 12 14 20 20 20 22 33 35 47 0 205 389 390 395 420 630 645 812 829 883 892
75.4807692308 32.2335025381 12 0 0 2 4 9 9 14 27 32 39 46 48 0 280 438 495 520 559 575 656 660 781 923 926
97.3557692308 71.5736040609 12 0 10 13 16 17 17 24 30 36 43 43 46 0 0 229 254 347 348 457 532 853 906 967 986
76
54.0130151844 30.5882352941 5
80.2603036876 71.3725490196 9
39.262472885 43.9215686275 4
45.5531453362 63.3333333333 3
77.2234273319 47.4509803922 1
100.0 19.2156862745 4
36.2255965293 43.137254902 9
17.7874186551 58.2352941176 2
54.4468546638 55.2941176471 2
39.6963123644 77.0588235294 7
65.9436008677 73.9215686275 7
50.9761388286 57.0588235294 3
26.8980477223 0.0 3
29.9349240781 39.2156862745 4
30.5856832972 56.862745098 7
5.20607375271 54.9019607843 2
55.3145336226 100.0 2
65.2928416486 36.862745098 9
68.546637744 59.2156862745 3
32.9718004338 32.5490196078 6
62.6898047722 17.4509803922 6
32.7548806941 46.6666666667 9
39.262472885 69.0196078431 3
55.748373102 64.1176470588 7
57.4837310195 9.01960784314 2
51.6268980477 16.2745098039 3
67.2451193059 21.1764705882 4
72.885032538 74.7058823529 9
22.9934924078 60.3921568627 6
40.7809110629 47.0588235294 6
58.7852494577 19.6078431373 4
40.5639913232 75.4901960784 9
50.5422993492 35.4901960784 1
64.2082429501 36.862745098 4
70.2819956616 71.1764705882 8
68.546637744 40.3921568627 9
88.7201735358 85.0980392157 4
59.8698481562 55.4901960784 1
58.7852494577 51.7647058824 2
56.8329718004 45.8823529412 5
27.9826464208 36.0784313725 7
47.5054229935 17.8431372549 4
87.4186550976 26.862745098 3
72.885032538 31.1764705882 4
64.6420824295 29.2156862745 2
76.7895878525 50.1960784314 7
34.9240780911 57.6470588235 9
68.3297180043 80.7843137255 9
32.1041214751 52.3529411765 3
50.5422993492 54.7058823529 4
57.0498915401 46.2745098039 2
30.1518438178 27.2549019608 2
17.7874186551 66.0784313725 6
59.4360086768 57.8431372549 4
25.3796095445 57.2549019608 9
38.3947939262 96.4705882353 7
15.4013015184 79.2156862745 5
65.5097613883 18.431372549 1
33.4056399132 46.2745098039 1
33.6225596529 54.1176470588 7
42.7331887202 62.9411764706 5
39.6963123644 29.2156862745 1
92.1908893709 39.4117647059 4
46.8546637744 48.2352941176 9
26.464208243 75.0980392157 3
49.6746203905 73.137254902 6
61.6052060738 55.8823529412 9
65.5097613883 38.431372549 9
81.9956616052 62.5490196078 6
30.5856832972 19.8039215686 1
52.4945770065 50.0 4
60.9544468547 11.7647058824 2
0.0 47.6470588235 9
20.1735357918 72.5490196078 4
52.9284164859 29.0196078431 5
55.3145336226 54.7058823529 2
