239
71.2624584718 55.2845528455 28 0 3 9 9 11 11 15 15 17 17 19 23 24 25 27 32 34 35 35 36 40 40 41 42 46 46 47 47 0 193 236 242 268 312 312 316 338 533 549 560 573 604 633 733 736 739 755 792 801 803 827 843 846 949 967 971
43.023255814 41.9512195122 28 0 0 1 1 2 2 4 7 8 8 9 14 16 17 24 26 27 27 28 30 35 36 36 38 40 43 47 49 0 0 113 207 255 257 269 288 394 412 424 433 489 498 502 504 557 662 673 721 775 813 823 825 841 855 887 978
27.4086378738 44.8780487805 28 0 1 7 9 9 12 13 14 19 19 20 21 22 24 24 28 30 31 31 32 33 36 37 39 40 42 42 46 0 0 126 128 179 198 214 220 254 280 293 330 379 418 457 463 538 563 569 603 672 768 794 888 939 961 990 995
73.4219269103 59.0243902439 28 0 3 3 9 9 9 11 16 21 23 25 29 30 32 32 32 32 33 33 36 38 40 41 42 43 44 47 48 0 117 119 129 130 138 260 262 285 306 313 427 449 468 548 566 618 691 732 751 798 823 893 903 960 978 981 982
67.7740863787 36.7479674797 28 0 2 7 9 10 10 11 14 16 19 24 25 25 25 26 29 31 31 34 39 39 40 41 42 43 47 47 47 0 115 118 125 215 218 290 309 315 334 436 467 639 692 722 735 738 767 784 845 846 852 871 880 917 943 948 999
51.6611295681 50.5691056911 28 0 3 4 4 7 7 7 7 8 9 11 11 17 18 18 20 20 21 29 30 30 34 43 44 45 45 46 49 0 0 196 228 244 339 340 367 406 465 499 583 630 638 666 684 711 743 746 797 817 835 875 884 885 899 908 930
54.9833887043 59.837398374 28 0 0 1 2 3 4 4 4 8 9 10 16 17 17 22 25 25 28 31 34 35 38 39 40 41 44 48 49 0 126 165 199 238 241 310 428 430 505 509 593 624 637 639 688 691 723 754 783 793 803 848 852 852 875 877 929
67.4418604651 24.2276422764 28 0 3 4 5 7 8 9 12 15 20 23 24 26 30 31 32 32 34 36 36 36 38 39 42 45 47 48 49 0 161 276 299 300 310 393 452 468 488 495 527 540 596 611 663 695 708 715 720 725 730 757 827 884 951 966 975
84.8837209302 43.0894308943 28 0 0 2 4 5 7 7 10 11 13 14 16 18 18 18 21 22 24 32 33 33 35 35 39 42 44 45 46 0 212 220 239 243 313 343 363 396 427 439 532 550 580 668 771 820 851 895 898 913 914 936 959 960 963 978 993
42.8571428571 20.325203252 28 0 0 1 7 7 7 9 9 9 10 11 22 22 24 26 31 32 32 34 35 35 37 37 38 42 49 49 49 0 128 135 201 202 248 261 332 340 346 359 403 438 466 503 545 547 599 689 744 766 792 816 825 907 945 957 973
47.1760797342 66.5040650407 28 0 2 3 3 4 4 5 6 8 9 12 12 13 13 13 14 17 18 23 26 28 34 35 38 39 44 46 47 0 165 182 236 237 295 328 330 345 352 425 469 491 511 537 548 604 633 637 740 751 808 845 848 928 944 965 968
48.6710963455 66.0162601626 28 0 2 2 2 3 3 4 6 8 9 10 13 16 17 18 19 21 22 24 25 25 27 29 36 38 44 46 46 0 0 114 165 167 183 196 272 309 317 344 380 401 427 451 490 507 606 610 620 626 635 696 854 910 922 966 994
35.049833887 45.3658536585 28 0 1 2 2 2 3 4 8 13 18 20 20 23 25 27 30 32 33 36 36 37 38 38 44 45 45 46 49 0 156 199 202 243 287 315 401 401 432 435 452 490 504 524 551 580 611 642 655 677 743 744 807 810 850 851 935
9.63455149502 45.5284552846 28 0 2 3 3 5 6 8 9 9 10 11 13 13 15 19 21 22 25 26 27 30 35 36 38 38 39 42 45 0 0 110 119 195 217 221 229 243 247 266 352 367 377 437 486 508 522 542 568 662 790 807 833 834 876 912 956
30.0664451827 47.9674796748 28 0 1 4 5 5 9 10 12 13 13 14 14 17 21 22 25 27 28 30 33 34 39 39 44 44 46 47 49 0 151 157 187 197 315 318 335 336 362 424 440 476 487 504 571 586 666 766 791 810 839 939 949 951 965 998 999
78.7375415282 21.4634146341 28 0 2 3 3 4 4 6 6 6 12 13 16 18 21 23 25 27 29 30 32 33 34 35 35 38 40 41 44 0 103 147 152 191 216 231 239 306 462 525 628 693 736 736 757 758 762 773 779 788 846 882 923 943 975 992 995
49.0033222591 50.8943089431 28 0 0 1 2 2 2 4 5 6 7 11 14 15 15 17 17 19 19 20 22 27 33 33 34 34 40 46 48 0 166 184 190 253 270 271 289 330 390 390 401 430 448 471 560 592 706 734 737 761 801 817 827 880 948 972 973
82.8903654485 47.6422764228 28 0 1 1 2 3 5 5 5 6 6 6 7 12 13 15 20 22 24 25 31 32 34 36 37 40 43 47 48 0 109 138 170 195 236 242 282 313 332 402 414 478 490 492 528 553 556 581 652 667 716 840 847 875 892 914 960
48.8372093023 29.1056910569 28 0 0 1 3 4 6 9 10 12 12 16 21 22 24 24 24 25 27 28 29 31 32 32 38 42 42 43 49 0 103 114 120 126 135 141 186 192 356 377 379 410 428 446 506 598 629 637 725 798 822 842 864 878 922 934 988
38.0398671096 100.0 28 0 2 5 5 8 8 11 13 15 15 21 24 25 25 26 27 28 32 33 34 34 39 40 42 42 44 48 49 0 123 156 175 213 237 282 296 304 314 321 363 365 494 508 511 535 714 788 798 848 882 882 914 927 957 969 980
35.049833887 52.1951219512 28 0 8 10 13 14 19 21 22 24 26 26 26 27 28 29 29 34 34 37 37 40 41 43 43 46 46 47 48 0 128 267 363 496 514 554 558 581 644 689 692 709 723 732 732 742 791 797 805 832 867 895 896 904 969 971 993
50.8305647841 50.406504065 28 0 4 5 5 6 8 10 11 14 15 15 21 21 22 26 28 36 38 38 39 39 40 42 43 44 44 44 47 0 0 112 120 181 210 248 254 316 323 356 375 431 460 495 502 553 612 664 680 744 788 818 830 879 891 905 912
19.4352159468 18.5365853659 28 0 1 2 3 3 7 7 8 14 17 17 17 18 21 26 26 26 29 31 31 33 35 35 39 42 47 48 49 0 114 162 163 181 186 194 204 249 340 348 352 363 367 375 383 438 442 467 615 630 635 767 797 857 923 962 974
60.1328903654 23.4146341463 28 0 3 4 5 5 6 8 10 10 11 12 13 16 16 17 17 18 20 23 29 29 32 34 34 37 39 40 44 0 135 150 162 237 257 290 309 315 355 375 430 431 497 524 559 602 609 711 712 736 840 853 855 909 912 928 948
71.4285714286 53.0081300813 28 0 3 4 5 7 10 11 13 14 14 17 18 18 19 27 31 32 33 35 36 38 39 41 41 45 46 47 48 0 124 131 184 191 203 264 335 418 444 452 494 524 565 627 646 674 681 684 685 738 739 754 834 842 851 889 936
53.9867109635 34.9593495935 28 0 1 8 8 12 13 14 14 16 18 22 24 25 26 27 27 29 30 30 33 35 36 37 40 41 43 47 49 0 156 158 202 208 238 293 298 332 334 389 493 525 541 685 693 743 749 780 787 796 808 834 851 863 898 913 994
57.1428571429 52.8455284553 28 0 0 3 6 9 10 11 16 16 18 20 21 22 22 24 26 26 28 30 33 34 37 40 40 42 42 45 47 0 0 131 157 159 168 170 209 242 279 285 338 362 373 418 444 446 503 506 513 517 546 651 820 862 893 925 971
30.73089701 36.7479674797 28 0 2 3 7 7 7 7 9 12 13 13 14 15 15 18 18 23 27 27 28 28 29 32 32 35 42 46 46 0 114 135 161 301 321 388 396 419 431 469 506 577 610 632 633 651 665 672 777 800 831 835 838 855 908 954 981
32.0598006645 56.4227642276 28 0 1 2 3 6 8 8 11 12 13 15 20 21 22 24 24 29 29 29 30 32 33 37 38 42 46 47 49 0 100 115 158 169 170 179 198 241 273 328 362 424 426 469 489 598 624 656 663 692 733 770 793 880 922 933 954
71.926910299 61.1382113821 28 0 1 2 2 3 4 5 8 8 8 9 13 14 15 19 20 24 24 29 29 31 31 34 37 37 38 45 46 0 109 172 198 228 244 268 304 344 362 376 377 393 490 552 693 700 737 772 791 820 839 857 865 871 873 986 992
59.634551495 61.3008130081 28 0 0 1 2 5 8 8 9 10 13 15 18 19 24 28 32 32 33 34 35 40 43 43 43 43 43 48 49 0 141 162 189 204 234 259 347 367 403 404 430 520 533 578 613 614 666 748 759 765 767 787 862 883 888 960 971
53.1561461794 48.6178861789 28 0 2 3 4 4 7 10 11 14 14 14 16 18 22 22 24 26 27 28 31 33 35 37 39 40 40 41 46 0 0 169 179 194 243 253 277 332 335 430 465 503 509 562 605 615 622 683 687 706 737 760 761 801 851 944 987
30.3986710963 56.0975609756 28 0 1 1 1 3 5 5 5 6 13 15 16 17 20 21 23 25 26 26 27 29 30 35 36 40 46 48 48 0 118 129 148 179 210 384 391 396 476 531 556 558 582 601 641 651 681 685 691 791 823 836 838 886 919 960 985
53.9867109635 38.0487804878 28 0 0 1 4 5 7 7 7 8 10 12 17 19 19 22 22 23 26 27 29 30 31 38 38 44 44 45 45 0 100 122 166 212 247 258 292 319 333 414 432 440 484 496 506 538 559 585 673 675 737 738 796 905 925 925 961
38.7043189369 31.3821138211 28 0 1 3 4 6 9 12 14 18 21 22 22 22 25 29 30 32 33 33 37 37 40 41 41 42 42 44 48 0 148 168 184 191 199 202 227 269 316 349 350 428 487 544 633 674 678 706 737 784 813 824 863 876 942 966 972
46.0132890365 18.8617886179 28 0 0 0 8 8 12 13 15 18 18 19 21 21 23 24 25 29 29 33 33 34 38 38 42 47 47 47 49 0 117 173 226 256 264 312 335 349 359 439 500 528 603 616 631 651 693 797 807 813 878 902 904 934 941 966 983
46.3455149502 57.0731707317 28 0 1 4 5 5 9 16 17 17 25 26 26 28 29 29 30 32 36 37 39 41 41 42 43 44 47 49 49 0 0 153 242 250 319 334 433 461 494 511 617 627 636 738 760 813 842 857 859 860 876 946 949 949 983 991 998
28.5714285714 32.8455284553 28 0 0 3 4 5 6 6 8 8 14 16 18 18 19 20 22 25 26 28 29 30 30 31 32 41 43 45 48 0 0 112 119 192 253 289 345 347 348 351 363 395 396 427 473 564 570 595 627 639 682 694 713 719 851 919 926
26.4119601329 5.85365853659 28 0 3 3 4 4 6 7 9 11 12 12 16 19 22 23 24 25 25 25 26 30 30 33 41 43 45 47 49 0 163 231 246 254 263 320 350 377 468 479 493 493 506 539 618 664 686 699 772 797 827 888 902 909 912 922 932
52.1594684385 37.0731707317 28 0 3 4 4 4 7 8 8 10 11 11 12 15 17 21 22 23 24 28 28 31 33 38 39 41 43 46 48 0 150 197 270 306 311 335 348 354 355 364 440 467 477 509 678 709 744 745 773 776 788 806 810 834 839 875 950
33.7209302326 43.2520325203 28 0 0 0 3 4 7 9 15 17 18 20 21 22 23 24 27 33 33 36 40 40 41 42 44 45 45 46 47 0 103 115 132 136 144 165 169 227 328 352 356 362 380 438 565 588 600 700 711 752 772 780 826 838 885 924 984
61.4617940199 67.4796747967 28 0 3 3 3 6 7 9 12 12 15 16 19 20 20 20 25 27 29 31 32 36 36 37 38 40 41 47 48 0 0 121 180 183 203 213 219 275 305 346 371 466 496 567 588 604 620 702 727 732 753 818 827 891 950 983 988
31.3953488372 35.9349593496 28 0 0 2 4 5 8 15 19 20 20 21 26 27 28 29 30 30 31 32 35 38 41 41 44 45 48 48 49 0 0 147 245 278 341 344 457 504 520 536 599 615 700 721 726 727 769 785 842 852 861 877 909 915 917 939 966
54.3189368771 26.8292682927 28 0 0 1 10 10 10 11 11 12 15 16 17 18 19 20 21 21 27 27 30 32 32 38 39 41 43 45 45 0 0 139 149 154 164 201 210 476 493 522 527 544 561 586 588 614 632 733 782 851 856 859 873 880 894 922 998
33.2225913621 40.162601626 28 0 1 1 4 9 16 21 22 22 25 26 28 28 31 31 33 33 34 41 41 42 44 44 44 45 45 46 49 0 115 157 179 286 302 304 339 350 365 369 396 411 466 473 570 585 643 680 717 721 753 770 798 807 861 932 951
95.3488372093 36.7479674797 28 0 1 2 8 9 10 10 13 16 18 20 20 20 21 27 28 28 29 30 30 32 32 36 40 43 46 47 49 0 123 163 170 208 241 273 314 355 366 406 418 470 514 545 551 618 660 697 714 841 854 858 873 910 914 923 957
38.0398671096 50.406504065 28 0 4 7 8 11 13 19 20 21 22 22 26 28 30 31 32 33 35 36 38 39 41 43 45 47 47 48 49 0 0 179 225 230 361 363 377 391 406 451 476 477 503 523 537 589 629 659 685 696 785 873 942 946 952 961 963
37.2093023256 27.4796747967 28 0 1 1 4 7 12 14 15 18 19 22 22 23 23 24 26 26 29 32 32 33 35 36 36 36 38 38 42 0 158 203 263 264 303 318 347 384 409 415 421 431 485 537 542 574 574 582 617 706 742 743 799 816 859 941 979
59.1362126246 21.4634146341 28 0 1 2 2 4 4 5 7 10 10 13 18 19 19 23 23 24 26 29 32 40 41 44 44 44 47 48 49 0 214 215 369 391 406 415 457 525 553 560 561 581 600 601 620 628 670 738 807 815 831 873 882 887 940 953 976
60.2990033223 18.5365853659 28 0 1 4 7 8 9 9 10 12 14 18 20 25 25 28 29 29 31 31 32 37 38 40 42 45 47 48 49 0 0 101 169 201 202 203 253 288 304 365 371 415 415 538 567 622 650 693 741 780 819 822 829 855 904 914 952
18.6046511628 53.8211382114 28 0 2 2 3 4 10 11 12 14 14 16 16 17 18 23 24 24 31 31 34 37 37 38 39 43 46 48 48 0 122 136 144 196 206 215 242 262 306 348 358 386 401 421 443 500 515 566 611 611 635 689 697 817 834 849 957
99.8338870432 4.87804878049 28 0 1 2 2 4 8 9 12 12 18 22 22 24 26 28 29 31 31 32 34 36 37 39 40 43 45 45 48 0 222 236 250 254 295 386 392 414 439 440 443 481 515 517 532 552 607 617 620 649 677 720 796 823 860 907 946
33.5548172757 50.081300813 28 0 1 4 4 6 8 12 12 14 15 18 19 23 23 24 24 28 28 29 29 30 35 36 43 43 44 46 48 0 109 110 150 153 190 458 464 479 492 498 502 550 659 661 698 717 732 736 782 794 795 824 844 857 867 938 959
38.2059800664 7.64227642276 28 0 0 3 5 8 9 9 9 10 11 13 14 14 15 16 17 18 20 23 25 30 31 34 35 36 36 45 46 0 107 118 206 236 261 262 266 270 278 315 356 456 461 474 477 505 554 670 734 746 794 834 846 922 938 981 994
29.5681063123 60.8130081301 28 0 6 6 8 8 13 14 14 16 17 17 21 23 24 26 27 27 27 30 36 37 38 39 41 42 42 45 46 0 0 215 361 383 386 393 448 503 510 518 545 549 594 638 643 671 688 690 714 777 782 799 812 853 859 893 948
64.7840531561 61.4634146341 28 0 1 2 2 5 6 6 14 15 20 20 26 27 27 30 30 30 31 35 36 36 37 38 38 39 41 41 41 0 115 127 130 236 397 413 421 433 475 513 563 640 653 661 701 849 862 875 888 902 910 912 961 972 981 984 993
55.8139534884 52.6829268293 28 0 0 1 4 7 7 8 10 12 13 15 18 20 20 23 26 26 28 34 34 35 36 36 41 42 44 47 49 0 150 197 235 266 271 292 360 370 377 433 468 549 555 575 632 663 673 707 801 815 863 881 946 957 958 981 985
35.049833887 67.3170731707 28 0 3 8 11 12 16 19 19 20 20 21 23 24 29 34 34 36 39 39 39 39 40 40 42 45 46 48 49 0 149 192 193 201 206 241 262 289 376 412 423 425 434 452 453 519 522 587 634 656 667 672 703 714 789 837 947
62.7906976744 6.34146341463 28 0 0 1 3 3 3 6 7 7 8 8 9 16 17 18 19 19 21 23 25 30 34 36 38 39 41 43 45 0 0 100 111 189 216 257 262 263 286 298 324 333 446 504 521 546 574 652 676 693 712 741 744 769 794 863 999
57.9734219269 61.4634146341 28 0 3 3 7 11 13 16 18 21 21 24 28 30 30 33 34 34 35 36 39 40 41 42 43 46 49 49 49 0 103 118 151 175 211 250 268 268 269 294 304 307 471 555 565 571 580 744 745 775 790 810 825 859 877 924 932
88.0398671096 37.2357723577 28 0 0 0 5 6 6 11 11 12 12 14 18 21 21 22 22 22 25 30 35 36 37 38 39 42 45 47 48 0 0 137 169 189 243 276 280 368 376 378 384 443 450 484 523 524 527 555 594 678 703 769 831 884 969 972 974
50.3322259136 46.0162601626 28 0 2 2 2 6 8 9 12 12 12 13 14 20 20 21 21 21 23 24 28 29 30 31 31 32 33 34 37 0 137 211 224 287 303 311 322 356 412 419 424 445 455 465 487 524 628 643 698 715 767 807 846 854 876 930 954
19.1029900332 27.4796747967 28 0 0 2 3 5 13 14 15 15 16 16 20 22 22 24 25 26 26 28 29 33 38 39 41 42 44 48 48 0 132 136 136 140 244 306 323 370 386 393 427 433 456 507 561 593 632 677 683 710 713 719 735 782 784 909 919
57.8073089701 10.081300813 28 0 0 0 4 9 9 15 15 17 19 21 25 25 29 32 33 37 37 38 38 39 40 40 40 41 43 43 49 0 150 153 163 202 215 241 258 364 422 443 510 524 590 592 611 625 637 694 741 769 786 811 899 907 944 953 957
63.4551495017 41.3008130081 28 0 0 0 3 5 9 9 10 10 15 16 19 20 20 21 24 25 26 26 27 27 27 30 31 32 41 43 49 0 0 123 150 196 199 245 258 271 293 301 314 347 451 500 520 572 590 617 642 661 745 755 793 878 886 892 979
47.6744186047 44.5528455285 28 0 0 9 9 10 12 13 14 14 15 19 21 21 22 22 23 24 30 32 33 34 37 38 38 40 41 43 45 0 159 179 185 210 216 222 276 301 322 351 357 372 409 483 678 739 754 766 770 777 850 853 865 866 887 931 954
60.9634551495 31.2195121951 28 0 6 8 10 11 17 18 19 21 26 27 28 29 30 34 35 38 38 40 41 41 43 44 45 45 47 49 49 0 122 123 157 189 269 326 332 343 373 413 421 472 580 609 615 681 736 737 741 779 826 913 942 950 961 983 998
41.0299003322 0.0 28 0 1 1 2 3 4 5 6 14 14 14 16 17 20 21 22 24 25 32 33 40 41 41 42 44 45 45 48 0 108 113 125 158 165 218 238 259 272 297 306 331 507 534 545 562 595 600 675 699 778 901 938 939 962 989 994
37.3754152824 38.3739837398 28 0 0 8 8 10 10 11 16 18 19 19 20 21 23 26 27 27 31 31 31 32 34 34 35 36 37 37 47 0 100 143 190 260 273 284 294 297 316 317 321 361 363 382 405 453 493 515 524 573 592 701 756 894 981 986 989
51.9933554817 45.0406504065 28 0 0 0 6 9 11 11 18 19 20 22 25 26 26 27 28 29 29 33 34 35 36 38 38 38 39 40 49 0 0 129 151 183 257 338 348 395 396 419 468 469 489 489 490 493 498 537 552 597 601 616 708 734 754 816 882
29.9003322259 44.8780487805 28 0 0 1 2 4 5 8 15 15 17 17 18 19 19 20 21 23 23 27 30 32 37 39 40 43 46 47 47 0 103 152 194 203 268 327 372 388 431 462 480 498 505 509 560 576 607 617 645 647 734 738 788 824 845 864 963
58.1395348837 37.8861788618 28 0 0 4 4 5 8 8 10 10 12 17 23 25 27 28 34 35 36 37 38 38 40 42 44 46 46 46 49 0 104 129 194 249 325 387 441 446 461 489 555 623 674 677 721 739 795 829 839 878 889 891 898 905 910 974 992
23.7541528239 14.9593495935 28 0 2 7 8 9 12 13 15 16 21 23 30 30 30 37 37 38 40 40 44 44 44 44 46 47 47 48 48 0 100 107 107 182 202 221 231 274 297 336 340 369 387 444 510 620 622 683 750 788 804 818 841 908 926 950 964
82.5581395349 50.5691056911 28 0 0 1 3 4 9 15 15 18 18 18 23 25 28 28 28 28 31 34 36 36 39 40 41 41 42 45 45 0 0 166 171 183 190 192 235 242 301 308 309 361 378 430 432 477 528 539 541 647 682 798 851 873 894 961 968
55.9800664452 56.4227642276 28 0 0 3 3 4 11 12 13 13 15 18 22 24 26 28 29 31 34 35 37 40 43 45 45 47 47 48 49 0 160 250 287 292 294 308 380 390 408 426 471 500 508 508 526 635 649 746 753 759 776 850 915 933 933 983 986
60.4651162791 47.4796747967 28 0 2 4 4 5 6 7 7 8 10 10 13 14 14 17 17 17 17 25 25 29 29 30 35 37 38 43 44 0 115 231 249 277 313 342 366 375 380 384 387 405 406 424 436 454 559 622 627 696 714 760 761 828 947 955 987
49.5016611296 59.3495934959 28 0 0 2 2 4 9 10 11 11 13 14 15 16 18 18 19 19 20 22 23 27 30 32 35 44 45 46 47 0 126 155 157 172 233 246 269 382 390 425 475 486 594 597 638 650 664 682 698 750 777 881 888 902 976 996 997
50.6644518272 30.5691056911 28 0 0 5 6 7 13 16 17 18 18 18 21 22 25 25 25 25 29 34 35 35 36 37 37 42 45 46 46 0 125 133 148 242 307 317 446 465 471 477 502 508 518 527 528 612 616 620 720 721 726 845 847 855 883 970 993
9.3023255814 24.2276422764 28 0 2 5 6 6 8 8 11 16 21 23 24 26 27 30 31 31 32 32 34 34 37 43 45 46 46 47 49 0 102 105 107 145 165 187 211 222 257 282 316 369 413 436 514 591 652 701 713 727 748 771 776 777 832 835 940
63.7873754153 39.674796748 28 0 2 2 4 5 7 8 11 11 13 14 17 17 18 21 22 28 28 30 31 31 34 35 42 46 47 48 49 0 165 188 218 227 245 264 285 308 334 370 451 491 504 578 585 601 617 715 755 777 806 815 901 936 958 971 981
43.3554817276 51.5447154472 28 0 0 2 3 6 9 10 11 11 13 18 20 21 22 23 23 23 25 26 30 31 31 31 34 39 45 45 47 0 131 203 215 261 368 378 386 471 473 484 500 502 515 519 539 556 674 696 759 805 822 881 947 952 964 966 982
59.4684385382 49.918699187 28 0 0 0 1 3 3 6 7 8 9 9 15 18 18 21 22 25 26 26 27 27 28 29 36 40 41 43 45 0 0 125 141 200 204 205 211 227 261 265 292 369 392 396 397 438 481 499 621 671 749 758 833 843 941 988 995
67.7740863787 54.9593495935 28 0 2 2 7 10 11 12 13 15 16 23 23 30 30 30 31 32 32 33 36 37 37 37 43 44 44 47 48 0 0 154 169 180 217 261 270 285 351 430 467 533 548 563 570 578 583 612 625 656 787 852 855 896 903 979 993
61.9601328904 68.2926829268 28 0 1 2 6 6 8 9 11 15 15 17 19 21 25 25 27 30 30 30 32 33 35 39 40 41 41 44 48 0 0 108 122 305 332 348 384 426 445 456 461 474 551 633 650 684 693 714 717 752 799 841 849 895 911 934 966
35.2159468439 62.1138211382 28 0 2 3 4 7 12 13 16 20 20 26 26 27 27 32 34 34 36 37 40 40 43 44 44 47 47 48 49 0 102 135 143 147 164 218 231 298 325 393 407 471 480 486 521 601 611 618 635 666 705 803 822 875 879 882 928
65.6146179402 48.2926829268 28 0 0 1 2 5 9 12 13 14 15 18 20 22 24 24 28 28 29 29 32 32 33 33 33 35 36 45 46 0 0 154 184 220 234 277 279 281 286 380 385 417 444 606 616 627 631 647 665 820 825 825 829 859 862 867 972
60.4651162791 36.7479674797 28 0 1 2 6 6 6 14 14 16 18 20 21 22 22 22 26 30 36 37 38 39 42 43 45 46 46 48 49 0 111 122 127 135 180 189 217 229 234 256 283 306 312 387 387 399 408 466 537 624 629 649 652 808 863 863 987
60.4651162791 66.6666666667 28 0 0 3 4 5 7 8 11 12 19 20 21 23 25 25 25 27 32 36 37 39 39 41 41 45 45 45 48 0 104 140 145 171 189 230 252 410 413 451 463 565 582 591 626 632 638 704 706 719 799 824 835 898 913 926 996
49.0033222591 61.6260162602 28 0 0 1 4 6 6 8 8 9 11 11 12 13 18 20 21 21 23 23 26 27 29 31 31 31 40 44 49 0 119 199 215 246 246 267 288 310 338 347 378 400 469 474 492 522 540 558 562 641 644 778 855 900 923 939 953
27.4086378738 21.6260162602 28 0 1 2 3 14 17 17 22 23 23 25 27 28 29 30 31 35 36 38 39 40 41 41 42 42 44 45 48 0 122 144 168 229 276 401 405 440 505 543 565 603 615 642 665 707 736 789 792 808 812 828 860 881 884 955 974
73.5880398671 41.9512195122 28 0 2 5 6 7 8 10 20 23 25 27 28 29 31 31 34 34 35 36 36 37 39 40 43 44 45 46 48 0 107 117 138 139 188 215 222 254 294 317 323 324 355 380 573 586 626 640 643 670 694 697 740 828 935 938 991
36.877076412 71.7073170732 28 0 2 3 5 8 12 12 14 16 17 17 21 21 22 25 29 33 35 35 36 37 37 40 41 43 43 46 47 0 101 176 234 266 420 429 493 538 566 593 613 618 699 828 829 871 926 941 960 986 987 988 993 993 994 996 998
39.0365448505 10.243902439 28 0 0 2 4 6 6 8 11 12 15 16 18 20 27 28 29 32 34 36 36 36 37 37 39 40 42 45 46 0 0 161 211 238 255 256 273 332 343 350 419 488 496 666 679 694 698 747 784 793 800 811 832 869 886 916 994
65.1162790698 54.7967479675 28 0 4 4 8 10 11 12 13 15 15 19 19 23 24 25 26 27 28 28 28 29 30 30 40 41 42 44 47 0 112 123 125 144 183 185 188 234 247 267 294 325 337 364 376 379 481 502 544 588 683 698 774 777 900 918 943
63.6212624585 67.9674796748 28 0 2 4 6 7 11 11 11 13 13 14 15 16 16 21 22 23 26 27 29 32 34 36 38 39 45 48 49 0 104 182 190 209 259 321 339 339 455 495 509 535 575 576 619 620 660 679 741 797 805 819 860 905 926 971 975
25.415282392 35.9349593496 28 0 0 2 2 2 3 3 6 6 7 7 11 11 12 13 16 18 18 21 31 36 38 38 38 43 44 45 46 0 0 101 104 128 189 207 255 306 342 344 357 371 458 480 488 494 536 607 635 637 682 773 792 925 964 988 991
57.3089700997 43.2520325203 28 0 0 4 5 9 10 10 12 13 14 17 17 19 20 22 23 24 25 26 32 32 34 36 41 42 46 47 47 0 132 134 154 209 231 245 287 309 318 436 480 510 553 597 613 624 713 719 732 811 922 930 942 954 960 973 992
39.7009966777 48.2926829268 28 0 2 3 3 5 6 7 8 8 9 19 20 23 27 28 29 30 31 33 36 40 42 44 44 46 46 49 49 0 134 232 251 280 337 367 418 420 424 441 464 472 496 630 652 719 739 754 783 783 796 838 842 848 922 935 963
53.1561461794 25.2032520325 28 0 2 3 4 4 5 5 5 6 7 8 13 14 16 19 20 21 21 24 25 25 27 27 30 39 41 46 48 0 136 277 297 318 321 379 410 416 447 466 535 587 603 612 612 689 742 756 791 796 801 816 839 878 880 928 929
29.7342192691 71.0569105691 28 0 0 0 1 2 3 3 4 7 8 9 10 10 14 14 15 17 19 19 25 28 32 34 36 36 40 43 49 0 226 271 272 291 294 340 395 427 428 448 464 496 497 505 546 547 569 585 639 645 646 665 772 864 896 920 984
24.9169435216 19.837398374 28 0 0 1 2 3 6 7 9 10 11 11 13 16 16 25 25 30 31 33 33 38 38 38 40 41 44 45 48 0 111 180 200 268 283 286 366 369 445 458 512 519 536 537 562 582 606 618 683 738 858 889 929 930 937 937 994
57.9734219269 22.1138211382 28 0 1 1 3 8 9 10 12 14 18 20 21 21 21 22 29 32 32 32 36 37 40 41 44 46 46 47 48 0 117 171 192 195 347 366 379 432 438 491 492 537 538 543 553 637 653 655 656 719 756 764 806 820 834 838 954
38.0398671096 33.8211382114 28 0 1 2 2 4 7 8 9 11 13 13 17 20 23 23 27 28 32 32 33 34 37 38 39 42 42 45 46 0 123 133 162 190 198 207 229 322 372 394 397 566 689 694 723 726 752 775 777 825 845 847 875 886 903 969 972
73.0897009967 39.837398374 28 0 1 4 7 10 10 11 12 13 13 14 20 21 22 22 22 23 30 31 33 34 34 34 37 39 41 45 47 0 186 202 204 215 216 247 252 316 318 324 451 462 480 485 510 544 552 584 592 628 790 823 855 855 867 908 932
24.2524916944 48.6178861789 28 0 1 4 7 9 11 18 21 23 26 27 29 29 30 30 31 33 34 36 37 39 42 45 45 46 46 47 48 0 118 150 193 198 315 359 363 364 389 394 428 467 470 495 546 557 605 613 682 693 707 715 785 811 832 904 936
30.5647840532 36.2601626016 28 0 13 16 17 18 18 21 22 23 24 26 26 27 27 28 35 35 36 37 39 41 43 45 45 47 48 49 49 0 101 129 262 294 302 342 347 365 419 420 428 578 708 774 828 833 854 873 910 913 944 956 968 969 972 975 983
76.4119601329 46.9918699187 28 0 5 7 8 9 10 10 10 10 10 13 13 16 21 25 29 30 31 31 36 36 36 38 45 46 46 49 49 0 0 119 164 180 205 245 367 387 422 503 549 552 561 563 642 652 672 708 709 720 730 734 817 839 969 977 991
74.0863787375 67.9674796748 28 0 0 0 2 3 3 4 8 9 10 13 19 19 19 20 21 23 25 26 27 27 32 35 42 44 45 47 49 0 0 117 128 134 156 185 322 345 377 383 445 580 588 618 627 632 701 703 764 792 828 874 950 961 962 963 974
35.049833887 48.4552845528 28 0 0 2 3 5 6 9 10 11 12 12 15 23 24 25 27 28 32 33 34 36 37 38 40 43 46 46 48 0 106 119 147 266 325 346 353 366 419 441 504 509 552 566 601 611 639 665 707 722 723 775 821 859 937 947 981
24.2524916944 38.2113821138 28 0 1 8 11 14 15 21 22 22 23 26 27 28 30 31 32 32 34 37 39 40 40 41 42 43 46 49 49 0 117 174 176 205 228 269 281 289 303 376 382 431 508 516 527 539 561 578 581 614 636 638 704 782 841 997 998
50.8305647841 59.512195122 28 0 1 2 3 3 6 7 9 9 12 12 14 18 18 20 21 22 23 27 33 35 37 38 38 44 45 48 49 0 106 265 293 297 307 330 374 388 396 417 468 515 529 582 583 718 729 772 788 809 829 863 865 906 914 955 987
34.0531561462 51.0569105691 28 0 2 4 5 6 7 7 8 8 11 14 14 14 17 18 19 19 20 20 24 26 27 32 35 39 41 45 48 0 102 103 253 289 306 342 406 414 437 463 467 483 563 593 601 623 669 674 745 802 890 907 915 949 953 957 995
51.9933554817 24.0650406504 28 0 0 0 4 6 9 12 12 12 13 13 20 22 24 24 28 32 33 34 35 35 37 38 38 42 43 43 46 0 123 212 230 235 255 266 316 318 342 390 390 445 464 523 552 568 621 632 682 686 730 736 740 792 845 938 983
27.2425249169 63.4146341463 28 0 1 2 4 4 6 6 7 8 8 8 9 10 14 16 20 22 25 28 33 37 38 38 47 47 48 49 49 0 0 115 175 257 302 328 332 393 416 421 480 488 504 530 622 622 686 699 707 746 775 835 923 956 963 983 993
29.5681063123 67.9674796748 28 0 4 5 7 9 12 13 14 16 18 20 22 22 25 26 27 27 27 28 29 29 38 40 42 44 46 47 48 0 0 155 166 208 252 293 297 330 382 384 508 541 548 557 562 588 597 626 708 723 753 767 784 786 820 955 968
50.0 22.7642276423 28 0 2 8 9 14 17 20 20 22 22 23 25 26 26 27 27 28 30 32 34 38 39 40 41 42 44 46 47 0 0 252 261 273 285 326 352 389 408 432 453 455 504 523 532 614 644 653 675 742 766 788 867 897 933 937 950
34.7176079734 70.7317073171 28 0 0 3 3 4 7 7 10 14 18 18 19 25 29 30 30 32 32 37 37 37 41 43 44 45 46 47 48 0 117 155 192 247 261 324 352 396 416 448 448 466 499 535 593 603 655 701 708 786 814 826 850 868 874 922 939
41.6943521595 74.7967479675 28 0 0 3 3 6 10 11 12 12 12 18 20 22 22 32 33 33 37 38 40 40 41 41 41 42 46 47 49 0 148 199 223 288 305 327 363 407 470 531 531 642 681 683 685 733 739 749 750 759 812 863 911 922 940 949 962
55.9800664452 72.1951219512 28 0 0 3 5 5 6 8 9 13 14 18 19 26 30 31 32 33 33 34 36 39 39 39 44 47 47 48 49 0 164 193 199 214 237 267 286 310 368 374 384 432 478 526 526 544 550 646 689 702 733 756 764 794 866 889 895
56.146179402 33.1707317073 28 0 0 1 6 9 12 14 14 16 16 17 19 20 24 24 25 30 31 34 38 39 39 40 42 44 44 45 49 0 0 102 125 128 179 258 271 320 377 382 386 402 458 480 485 518 601 686 693 697 710 771 805 832 834 887 932
66.9435215947 43.4146341463 28 0 1 6 13 15 15 19 20 20 23 24 24 24 26 28 29 29 31 35 36 37 39 39 42 42 44 47 49 0 112 198 253 257 263 283 424 454 463 467 476 562 572 587 630 652 672 717 747 760 799 810 820 829 832 894 958
44.1860465116 45.0406504065 28 0 3 5 5 8 9 10 10 13 19 19 25 26 28 28 29 29 29 33 34 37 37 38 38 41 43 44 49 0 142 151 166 175 181 215 222 279 283 298 318 340 379 395 465 498 537 561 603 653 664 852 860 864 943 990 995
50.3322259136 27.3170731707 28 0 1 1 5 5 5 6 11 12 12 14 15 15 19 22 22 25 28 29 31 37 37 39 41 42 47 48 48 0 0 101 113 126 158 168 207 208 217 278 344 354 405 421 464 489 579 655 724 766 808 843 878 910 935 948 991
44.6843853821 39.674796748 28 0 0 0 3 3 5 9 10 10 10 14 14 15 17 18 22 22 23 28 29 31 36 36 39 41 42 48 49 0 132 196 221 296 319 322 362 417 428 446 493 513 558 565 580 744 746 751 771 794 804 829 853 870 871 880 924
52.657807309 66.1788617886 28 0 0 1 5 14 14 16 16 18 19 19 20 24 25 26 30 32 33 33 34 34 35 35 37 39 40 44 48 0 109 117 136 143 162 215 251 253 298 311 324 325 426 509 512 582 582 609 652 765 779 806 855 884 887 929 933
26.4119601329 58.8617886179 28 0 4 4 4 4 5 6 10 13 16 19 22 23 23 23 26 28 30 32 33 33 34 35 40 40 40 44 47 0 0 101 118 169 215 276 335 349 396 412 429 468 482 491 530 580 588 589 633 650 699 713 731 797 888 926 941
19.1029900332 42.1138211382 28 0 0 1 1 6 7 12 12 14 17 17 19 19 20 21 21 26 26 30 32 32 33 37 39 41 44 45 49 0 127 141 176 177 238 251 306 330 339 345 367 412 448 470 472 506 506 510 585 673 682 741 780 800 843 993 995
71.2624584718 45.2032520325 28 0 0 1 2 6 9 10 11 13 13 17 18 19 19 21 25 28 30 32 34 35 41 41 43 43 44 46 47 0 0 122 124 157 184 269 328 352 354 374 418 436 437 438 477 485 492 500 524 573 608 686 796 808 849 870 887
57.6411960133 48.2926829268 28 0 0 2 4 6 8 9 11 11 16 17 17 17 19 20 22 24 30 31 34 36 38 41 43 46 48 48 49 0 0 157 208 210 261 268 274 275 304 343 383 395 411 423 427 471 477 495 597 610 642 748 755 773 863 950 960
52.4916943522 43.5772357724 28 0 1 1 2 7 11 12 13 13 16 17 18 18 18 20 20 25 25 25 28 30 33 33 38 42 42 46 47 0 142 179 195 288 292 350 380 398 436 450 469 557 584 647 666 673 679 732 747 755 757 794 896 914 924 954 982
65.9468438538 71.5447154472 28 0 1 2 4 5 7 8 13 14 16 18 20 23 26 29 29 33 34 36 37 42 43 44 48 48 48 49 49 0 112 137 260 283 386 396 501 540 551 559 578 590 602 615 626 628 665 684 691 730 761 795 802 850 860 880 970
33.0564784053 53.0081300813 28 0 0 2 3 4 6 7 7 10 10 12 13 18 19 20 25 25 27 28 29 32 40 44 45 46 46 47 48 0 135 276 378 393 482 487 511 537 544 602 625 669 670 693 717 737 740 769 774 791 840 872 878 890 933 944 954
68.438538206 41.4634146341 28 0 0 0 7 8 8 10 10 10 11 11 11 14 17 18 18 28 30 30 31 32 34 35 35 38 40 48 48 0 0 133 137 157 159 209 234 284 287 458 496 546 610 657 665 695 710 713 723 794 804 828 844 910 943 946 956
55.3156146179 40.487804878 28 0 1 4 10 16 18 20 20 20 21 23 24 25 30 34 38 40 42 44 44 45 45 45 45 46 48 48 48 0 0 114 129 143 172 195 312 363 372 377 395 399 453 459 527 556 603 618 634 665 720 772 808 890 932 946 979
64.4518272425 62.2764227642 28 0 2 2 8 11 15 15 16 17 19 21 22 25 26 27 28 35 36 36 36 38 39 40 42 46 47 48 49 0 101 199 206 241 274 352 363 407 434 442 446 450 510 511 535 563 568 656 694 748 823 834 849 928 946 976 981
38.2059800664 48.7804878049 28 0 0 1 3 6 10 11 13 17 17 19 21 21 22 22 22 23 29 31 32 32 33 33 34 38 44 45 46 0 130 132 222 367 406 410 413 439 440 449 494 504 506 512 545 559 615 635 645 680 702 748 781 809 876 949 996
43.3554817276 32.5203252033 28 0 0 1 3 4 6 10 14 16 16 17 18 23 23 25 27 30 31 32 33 33 34 35 36 40 42 43 49 0 106 182 183 257 310 397 398 420 468 513 519 576 597 651 662 668 695 701 712 748 855 889 907 953 954 966 987
49.0033222591 50.081300813 28 0 1 2 3 6 10 10 14 15 15 16 18 21 22 23 24 24 26 27 29 29 31 32 38 41 46 47 47 0 183 184 205 213 220 233 358 360 410 417 431 524 530 555 702 703 735 740 783 787 817 883 928 943 949 960 964
26.5780730897 40.8130081301 28 0 0 1 1 7 10 14 15 17 18 18 20 23 23 27 28 32 35 36 37 38 38 39 41 41 42 42 46 0 0 102 114 152 208 221 267 312 329 352 467 512 519 522 522 648 662 762 770 803 821 842 873 883 896 991 993
39.2026578073 37.5609756098 28 0 1 9 9 11 18 25 25 26 26 27 30 32 32 32 32 35 36 36 41 43 43 44 45 45 45 45 46 0 165 178 184 216 240 280 314 367 391 402 418 424 461 479 483 521 601 608 619 627 647 655 656 789 859 865 980
49.3355481728 35.4471544715 28 0 2 3 4 5 9 9 9 14 15 16 19 21 23 25 27 31 35 37 38 39 40 43 43 44 48 48 49 0 131 142 169 179 194 233 301 375 408 421 505 550 586 606 671 691 704 712 713 765 773 800 826 906 941 974 983
51.8272425249 73.4959349593 28 0 4 5 6 6 7 8 8 8 10 14 14 18 18 20 20 21 23 27 29 31 36 37 44 45 46 47 49 0 0 145 171 184 258 271 277 307 322 335 435 449 458 463 662 690 725 733 755 805 813 834 888 901 943 947 967
12.7906976744 60.162601626 28 0 2 7 8 8 9 9 11 19 20 20 23 27 28 29 31 32 32 33 35 36 37 38 38 39 41 43 46 0 114 114 153 156 165 210 212 224 231 255 344 375 424 442 487 518 621 627 685 703 728 831 863 872 878 889 965
48.8372093023 38.8617886179 28 0 6 7 10 10 13 15 16 18 19 19 22 23 25 26 27 28 28 30 32 37 41 43 44 44 45 48 49 0 0 102 134 194 257 302 333 388 411 464 504 526 538 566 575 576 583 588 614 646 720 759 821 845 934 936 974
40.8637873754 63.2520325203 28 0 1 6 6 7 11 12 13 13 16 23 24 24 25 25 25 26 26 27 30 31 32 35 36 38 38 39 41 0 119 123 161 194 224 245 274 281 295 369 401 405 477 611 625 642 656 666 728 740 752 755 836 836 860 875 974
16.9435215947 49.2682926829 28 0 0 2 5 7 7 9 10 11 12 15 20 20 21 24 25 26 27 28 30 35 36 37 38 40 41 43 47 0 108 155 176 202 231 281 333 342 349 388 428 466 504 529 539 563 606 666 678 685 712 811 824 834 867 957 995
52.9900332226 13.9837398374 28 0 0 1 3 4 4 5 6 10 10 15 20 20 21 22 23 27 28 29 32 35 36 38 46 46 48 49 49 0 0 102 193 222 291 342 344 351 360 431 467 536 556 604 605 607 618 673 681 728 836 887 932 937 955 965 993
59.4684385382 55.4471544715 28 0 2 3 5 8 10 11 17 17 18 21 24 27 28 29 31 32 34 38 40 40 41 43 46 47 48 48 48 0 0 106 173 253 357 389 501 505 554 559 563 567 569 607 625 660 681 707 745 812 843 843 847 894 914 919 931
41.0299003322 59.3495934959 28 0 4 6 6 7 11 11 12 13 22 26 26 28 29 31 31 32 32 35 35 35 36 36 37 37 44 46 46 0 134 146 187 202 324 372 401 443 484 503 516 520 530 564 654 668 759 771 774 806 845 851 867 930 939 981 983
50.4983388704 51.8699186992 28 0 0 3 5 12 13 18 18 18 19 20 20 24 25 25 26 27 36 36 37 38 41 41 46 46 46 47 48 0 0 109 119 129 160 192 283 297 427 481 551 561 609 621 685 691 713 821 852 872 898 899 901 922 947 990 997
43.1893687708 40.8130081301 28 0 0 1 6 12 14 17 18 19 20 20 21 21 24 25 27 27 27 32 35 39 40 41 43 45 47 47 48 0 0 175 183 203 214 218 219 221 264 277 289 321 326 348 380 525 530 555 603 659 688 703 704 868 956 962 974
32.5581395349 45.6910569106 28 0 0 3 4 4 6 7 15 16 17 18 20 21 23 23 24 28 29 29 29 30 30 33 35 36 40 41 48 0 100 116 146 193 339 365 373 411 428 450 515 634 668 697 710 727 811 820 863 873 894 912 925 947 948 957 976
40.0332225914 62.6016260163 28 0 0 2 2 4 4 7 7 8 12 15 18 18 20 23 24 24 25 27 29 31 33 33 33 33 34 39 43 0 140 152 183 189 198 214 280 282 306 418 423 424 433 449 513 566 606 612 632 633 729 756 844 883 998 998 999
67.6079734219 30.5691056911 28 0 0 0 4 5 6 6 8 9 11 11 16 18 19 19 21 23 26 28 30 33 33 34 36 36 40 40 44 0 119 136 136 146 210 213 272 354 370 378 391 510 547 586 620 640 654 718 727 750 795 878 910 915 949 957 976
56.146179402 62.2764227642 28 0 0 0 3 4 7 7 7 9 13 13 16 18 20 20 26 27 29 29 31 32 34 34 35 35 38 45 46 0 151 248 264 265 294 346 354 379 380 402 464 472 475 483 506 559 598 614 670 725 768 788 828 930 936 952 977
42.0265780731 61.7886178862 28 0 0 4 5 5 12 15 18 20 22 23 24 27 29 32 36 37 38 39 40 41 41 41 41 43 44 45 46 0 117 187 193 257 260 273 302 342 344 428 428 459 496 508 509 534 665 710 824 876 878 893 908 924 953 959 982
27.7408637874 46.6666666667 28 0 2 3 7 8 8 11 13 17 17 27 28 29 29 31 33 37 37 40 41 42 45 45 45 46 47 47 49 0 0 116 138 146 152 164 239 289 296 315 332 346 413 421 470 483 551 708 722 751 783 808 881 932 972 976 995
29.7342192691 47.3170731707 28 0 0 0 7 8 11 15 16 17 18 20 22 23 24 25 26 26 28 29 31 33 35 35 36 39 40 44 47 0 0 111 141 172 200 246 277 317 400 440 480 504 659 693 701 716 730 730 731 781 795 802 802 814 861 864 910
53.488372093 19.674796748 28 0 0 1 2 8 9 11 13 20 24 25 27 32 36 40 40 41 41 41 43 43 45 46 46 47 48 48 49 0 111 168 180 183 203 240 241 322 325 337 343 433 476 489 547 588 594 630 655 705 798 845 886 887 922 926 941
47.8405315615 20.6504065041 28 0 3 5 6 7 10 11 15 17 19 20 21 21 22 29 30 31 33 33 33 36 39 40 42 44 45 45 47 0 0 123 167 174 192 192 200 209 313 346 369 444 452 545 588 642 663 687 725 748 784 824 827 849 856 942 973
29.5681063123 36.4227642276 28 0 2 4 4 7 8 9 9 9 12 13 14 16 17 18 23 24 26 26 26 35 36 36 41 44 48 49 49 0 100 128 212 232 253 297 301 314 335 355 419 500 557 590 658 670 697 717 719 750 768 854 898 900 904 935 936
60.4651162791 36.7479674797 28 0 2 4 4 5 6 15 15 20 20 21 23 24 24 25 30 33 35 37 38 38 38 43 43 44 44 48 49 0 110 116 140 295 354 362 364 370 403 423 441 485 519 591 595 623 653 693 759 781 798 822 834 865 916 947 961
57.6411960133 62.6016260163 28 0 1 1 2 3 5 6 6 6 17 20 20 23 26 31 32 32 32 33 35 39 39 42 43 44 45 45 46 0 0 146 162 197 225 376 422 451 486 492 513 515 525 564 569 572 614 653 720 734 785 785 831 872 939 955 980
46.3455149502 14.6341463415 28 0 1 2 3 3 3 3 5 6 8 9 9 11 12 13 18 21 26 28 29 32 39 40 40 41 42 46 47 0 121 126 129 153 178 186 208 222 257 306 334 407 437 444 458 469 529 555 658 672 694 779 868 881 891 905 930
55.8139534884 75.1219512195 28 0 0 6 9 12 12 13 15 15 18 19 21 21 24 24 26 27 28 28 31 35 35 36 37 42 46 47 49 0 161 161 273 289 296 333 353 360 369 374 459 493 517 548 548 564 590 626 641 647 735 770 798 872 960 977 998
20.4318936877 55.2845528455 28 0 1 2 3 5 9 13 15 16 20 21 22 22 22 24 28 28 28 30 31 33 37 41 44 47 47 48 49 0 107 116 135 161 192 271 331 362 381 439 444 455 470 479 620 654 679 806 851 873 900 909 910 946 962 980 990
32.0598006645 45.0406504065 28 0 1 2 3 4 7 7 8 9 9 15 18 20 24 24 27 33 34 35 36 38 38 41 45 46 47 48 49 0 111 137 140 145 146 149 170 243 366 389 398 456 456 460 522 551 552 653 693 783 853 897 902 936 939 954 967
50.6644518272 27.6422764228 28 0 2 6 7 12 12 13 14 16 16 20 21 24 26 27 28 30 31 32 33 34 35 40 41 41 43 45 46 0 132 186 253 271 280 354 361 449 499 549 560 568 569 655 669 676 689 822 826 830 841 845 888 897 901 905 954
55.9800664452 45.5284552846 28 0 5 11 12 13 13 18 19 21 24 24 27 27 27 28 31 31 32 34 35 35 36 37 38 43 45 45 49 0 132 170 176 295 352 442 454 468 492 512 514 548 549 614 665 674 691 714 762 795 810 845 854 879 891 895 985
44.5182724252 40.8130081301 28 0 2 3 3 5 6 6 6 6 12 13 14 14 18 18 18 18 23 23 24 27 31 33 39 45 46 49 49 0 133 182 192 278 300 312 366 428 477 484 608 654 668 691 693 715 739 752 771 791 801 838 839 878 919 943 958
65.6146179402 47.9674796748 28 0 3 4 5 8 8 9 9 13 16 19 21 21 22 24 26 26 27 28 31 33 33 35 35 39 40 41 43 0 107 117 136 161 198 214 245 287 299 365 428 442 446 449 467 564 635 700 719 760 771 882 943 965 967 981 987
18.6046511628 51.0569105691 28 0 1 2 3 6 8 8 12 15 16 16 16 18 18 20 21 21 29 29 33 36 36 37 42 46 47 47 49 0 148 158 235 244 248 276 298 380 412 426 485 503 541 598 598 631 654 660 669 828 829 886 899 920 923 986 999
53.8205980066 45.0406504065 28 0 6 9 12 15 19 19 20 20 22 24 25 26 28 29 29 31 32 33 34 34 36 37 37 39 39 39 44 0 122 179 182 216 222 249 359 377 381 391 498 610 632 641 676 688 725 734 784 898 913 914 937 941 955 965 987
58.6378737542 34.6341463415 28 0 0 0 1 2 4 5 7 7 8 10 11 12 13 15 16 24 27 27 29 29 33 37 39 39 40 42 45 0 0 107 176 201 232 248 305 347 351 379 517 520 552 633 636 669 700 727 783 822 840 853 888 912 940 965 989
44.8504983389 54.9593495935 28 0 0 4 8 9 11 13 18 20 20 21 23 24 27 28 29 29 30 32 33 35 35 36 37 38 38 39 47 0 123 140 142 176 177 181 218 279 335 358 389 395 437 449 484 536 633 639 641 694 714 761 771 775 800 813 948
32.0598006645 56.4227642276 28 0 0 0 1 4 7 9 9 10 11 17 19 20 22 23 25 26 27 32 40 41 41 41 42 43 44 44 49 0 105 109 117 124 131 156 164 177 262 274 377 384 410 412 420 596 603 660 758 788 794 821 852 871 888 909 929
40.5315614618 67.1544715447 28 0 2 3 6 9 9 9 12 12 14 15 16 18 20 21 22 22 24 28 31 33 38 40 41 41 43 43 46 0 100 122 259 293 293 400 415 447 470 473 505 574 584 623 641 661 682 686 699 770 855 869 873 937 990 997 997
100.0 19.837398374 28 0 1 2 3 6 9 9 12 13 13 16 16 18 18 20 20 20 21 22 25 26 28 32 35 39 45 47 49 0 119 160 164 171 185 193 199 358 370 394 532 546 555 567 758 769 774 774 809 866 876 880 882 894 916 935 978
38.3720930233 41.1382113821 28 0 2 5 5 8 9 10 10 14 15 17 18 18 18 27 28 28 31 33 35 36 41 41 44 44 44 49 49 0 192 201 226 338 407 415 443 444 511 541 557 603 658 676 814 830 861 878 880 886 886 936 941 954 955 961 971
29.4019933555 23.9024390244 28 0 0 1 4 6 6 8 8 9 10 10 12 12 13 18 19 21 22 29 30 32 36 43 43 45 45 46 49 0 0 114 204 217 236 265 288 465 466 494 521 542 564 600 642 673 752 756 787 812 863 875 875 893 893 943 974
11.2956810631 51.2195121951 28 0 0 1 1 1 4 5 5 6 6 7 8 13 14 16 16 20 23 25 26 29 29 35 35 36 40 42 44 0 119 137 163 176 214 236 275 310 334 339 355 374 389 393 446 480 587 719 749 753 769 785 871 875 881 912 958
50.0 53.3333333333 28 0 0 1 6 10 10 15 17 17 20 21 22 26 26 27 27 30 30 30 36 38 39 39 39 43 44 48 48 0 115 129 133 135 174 201 333 341 412 532 549 550 578 611 651 714 741 742 753 767 781 823 908 926 940 951 951
75.2491694352 33.3333333333 28 0 1 1 3 3 3 5 6 8 9 11 16 21 23 26 27 28 29 30 36 40 43 43 44 46 49 49 49 0 182 192 215 252 275 307 439 469 492 559 564 571 609 643 677 677 756 810 810 843 896 946 953 960 967 991 999
55.3156146179 65.6910569106 28 0 0 1 3 4 4 6 6 6 8 12 15 19 21 25 26 27 32 33 34 36 36 37 38 42 47 47 47 0 0 134 151 153 181 181 190 229 233 340 347 369 396 472 485 531 548 572 623 637 657 722 722 748 826 909 915
0.0 84.5528455285 28 0 1 5 8 10 10 11 11 13 14 15 16 20 22 24 24 25 26 28 34 34 35 36 37 42 45 49 49 0 0 118 218 245 265 300 317 334 339 351 530 559 610 644 782 787 806 834 844 879 893 906 910 949 959 973 984
50.6644518272 12.8455284553 28 0 1 2 4 5 5 5 5 8 9 10 10 12 14 15 16 24 26 33 33 38 39 41 41 41 41 43 49 0 0 124 145 295 328 360 367 394 417 476 493 504 527 590 597 619 702 748 752 759 785 793 849 862 899 972 984
73.5880398671 63.5772357724 28 0 5 5 5 9 11 14 15 17 17 18 20 23 26 29 29 30 33 34 35 35 42 42 46 47 47 49 49 0 0 158 158 194 289 395 400 414 455 459 516 539 547 668 687 712 729 756 802 848 872 879 924 952 985 992 995
54.8172757475 46.6666666667 28 0 0 0 1 1 2 7 9 14 14 16 16 18 20 21 21 21 21 23 26 26 34 35 39 40 42 45 46 0 121 144 173 247 253 301 351 381 427 479 488 518 522 543 575 576 585 594 617 668 676 722 724 763 797 887 979
59.3023255814 55.2845528455 28 0 0 3 3 8 9 9 10 13 13 14 17 20 27 33 35 35 37 38 41 41 41 42 46 46 47 48 48 0 143 150 180 227 308 368 399 405 416 440 443 491 510 552 579 580 600 618 690 705 775 850 889 897 902 987 989
53.6544850498 40.6504065041 28 0 5 5 8 10 11 12 16 18 23 24 26 30 31 32 32 37 38 38 39 39 42 46 46 46 47 47 48 0 180 199 199 264 281 374 430 466 473 488 504 521 538 658 680 750 783 804 812 829 829 865 867 928 929 972 982
48.5049833887 32.3577235772 28 0 1 1 2 5 8 12 15 15 15 17 19 19 20 22 23 24 24 25 26 30 30 35 35 36 40 40 44 0 0 107 113 171 325 355 368 377 401 428 430 531 538 593 601 634 637 662 749 761 772 815 870 884 951 961 984
69.26910299 39.3495934959 28 0 5 6 6 6 6 7 8 8 9 11 12 13 14 14 16 16 17 17 19 21 21 26 31 39 41 42 46 0 114 181 192 219 224 238 269 309 449 476 530 576 588 618 628 633 660 665 679 692 725 764 808 845 907 909 952
50.1661129568 61.7886178862 28 0 0 5 6 8 8 11 17 20 20 23 24 26 29 30 32 33 34 37 39 39 40 40 40 41 42 43 46 0 0 103 135 201 217 258 293 309 462 479 536 564 581 647 683 715 779 786 822 841 865 919 934 938 973 987 999
63.122923588 69.1056910569 28 0 2 8 8 9 10 11 12 13 18 19 20 20 22 24 25 26 26 28 29 29 38 39 40 41 43 47 49 0 0 100 102 127 136 138 144 162 165 184 193 356 391 429 503 533 569 587 606 608 642 648 676 690 894 907 966
53.488372093 31.2195121951 28 0 1 1 5 5 5 5 6 9 10 13 15 20 20 20 21 30 32 32 36 37 39 40 42 44 46 48 49 0 172 173 207 245 267 286 393 407 409 438 438 471 479 590 608 675 688 720 738 779 795 848 866 873 901 918 998
49.3355481728 29.756097561 28 0 0 2 5 8 11 12 15 16 17 18 24 26 26 29 31 32 32 34 37 37 39 40 41 41 43 43 46 0 0 131 134 164 321 381 383 390 396 447 467 479 572 596 634 661 694 699 819 863 872 875 883 885 953 957 970
50.0 34.3089430894 28 0 2 5 5 8 9 11 12 12 14 15 16 17 19 20 20 20 22 26 33 33 35 35 38 39 40 43 46 0 110 113 159 292 302 356 387 395 410 465 503 530 548 563 675 688 693 695 709 713 794 804 850 933 941 975 983
59.8006644518 53.0081300813 28 0 3 5 6 7 7 10 15 20 23 24 25 26 28 29 30 30 32 33 34 35 36 37 37 37 46 47 47 0 0 103 158 167 237 248 328 352 526 546 554 606 634 652 667 691 695 716 722 752 803 815 946 962 970 980 997
75.9136212625 53.8211382114 28 0 2 5 5 5 7 8 9 9 19 20 21 24 28 28 28 28 30 30 31 32 35 40 43 45 45 46 46 0 186 209 236 263 300 350 377 394 417 436 445 493 564 565 574 606 630 653 661 688 711 792 807 808 822 863 902
62.1262458472 60.162601626 28 0 1 1 1 3 5 6 8 11 11 12 12 14 15 16 22 22 24 24 25 29 35 35 36 38 42 45 45 0 0 115 141 165 202 307 313 330 335 342 372 373 395 415 444 493 562 574 592 675 703 754 785 842 882 906 953
57.8073089701 41.7886178862 28 0 0 5 6 7 7 7 8 9 11 21 23 25 27 27 28 31 32 34 34 37 37 38 39 39 40 49 49 0 0 129 146 207 216 245 317 323 324 383 485 491 528 541 554 557 619 627 721 760 793 859 906 920 934 958 985
35.049833887 23.5772357724 28 0 4 6 7 7 7 11 13 15 15 16 17 19 20 25 29 29 31 36 38 38 38 40 42 45 48 48 48 0 103 158 169 195 201 224 248 284 356 359 401 430 450 487 535 618 652 676 676 697 718 762 769 815 901 952 992
42.8571428571 39.0243902439 28 0 0 2 3 3 5 7 8 10 11 11 15 16 16 17 19 20 27 31 32 32 34 39 40 45 45 47 49 0 113 122 127 158 259 270 275 291 351 353 410 410 433 513 537 581 595 607 781 825 848 873 878 884 905 911 958
50.3322259136 67.6422764228 28 0 4 5 6 6 8 8 10 10 14 16 18 25 26 28 31 32 32 33 33 34 37 38 38 45 47 48 49 0 0 130 237 289 333 352 379 409 419 450 509 511 542 564 615 652 659 695 756 763 806 862 884 906 956 960 976
75.9136212625 43.9024390244 28 0 2 2 5 6 8 11 11 15 16 16 16 21 22 24 25 30 30 31 34 34 37 38 41 44 46 48 49 0 122 203 269 273 276 303 315 340 345 346 483 493 532 543 615 625 629 636 677 759 809 821 859 864 913 927 980
24.9169435216 48.7804878049 28 0 0 0 2 4 5 9 10 12 17 18 22 24 29 31 35 38 41 41 43 44 44 44 45 45 47 49 49 0 102 103 118 153 185 208 225 258 283 295 298 333 368 373 375 464 474 522 526 566 576 640 714 719 741 779 826
50.8305647841 17.5609756098 28 0 1 3 4 5 9 11 11 12 18 18 24 24 26 27 28 30 33 33 34 36 38 41 45 46 47 47 47 0 133 137 155 158 162 334 374 374 378 382 407 562 568 698 737 764 769 770 776 809 851 898 905 965 967 981 992
48.1727574751 72.6829268293 28 0 0 2 3 4 4 5 8 10 11 17 23 23 25 25 26 36 36 36 38 40 41 45 45 46 46 46 47 0 159 166 307 330 356 362 433 478 511 514 528 574 580 595 611 614 616 643 712 734 740 757 828 874 883 914 977
50.9966777409 30.243902439 28 0 1 2 2 3 3 4 4 5 7 7 9 13 13 14 15 25 25 25 28 28 31 32 38 41 48 49 49 0 188 192 195 205 222 239 295 321 354 365 370 413 440 467 478 597 603 663 692 702 792 801 844 864 885 950 981
41.3621262458 67.6422764228 28 0 2 2 5 9 10 11 12 13 20 22 22 23 25 26 28 29 30 32 32 32 37 42 42 42 46 48 49 0 0 116 117 147 148 251 305 395 401 430 439 440 446 471 472 585 626 648 688 714 725 757 758 801 859 904 914
67.4418604651 28.1300813008 28 0 6 8 11 12 13 14 14 15 18 18 19 20 21 22 23 24 25 30 32 36 39 41 43 43 45 47 48 0 102 112 136 293 349 354 400 435 460 534 579 592 660 701 715 731 742 785 788 801 909 911 919 947 955 960 990
45.5149501661 44.0650406504 28 0 0 1 1 5 7 9 9 9 11 13 13 14 18 20 21 21 26 27 27 27 28 32 35 42 45 45 49 0 111 126 129 258 325 344 372 587 589 609 615 626 658 676 721 750 770 883 889 903 920 938 963 969 976 988 995
41.6943521595 42.4390243902 28 0 3 4 5 6 7 10 10 11 12 13 16 17 19 21 25 26 27 29 29 35 38 40 42 45 47 47 48 0 0 148 158 186 319 357 359 404 433 471 496 531 557 596 646 675 683 708 729 740 778 812 852 855 859 880 957
9.46843853821 13.0081300813 28 0 2 7 7 7 8 8 8 8 11 11 14 15 16 16 24 24 24 26 28 33 34 36 40 45 46 47 49 0 120 207 231 255 269 274 292 344 371 440 451 456 525 527 528 556 655 665 693 704 758 761 782 798 845 887 952
58.4717607973 50.243902439 28 0 0 6 10 11 12 13 16 17 18 19 20 21 22 23 25 26 26 27 29 30 34 39 42 46 46 46 49 0 0 149 204 302 313 340 393 440 441 529 571 663 675 691 695 751 832 846 851 876 890 893 923 933 966 989 994
56.8106312292 25.2032520325 28 0 1 2 4 8 12 15 19 19 20 21 21 25 25 26 26 27 27 31 31 32 32 36 37 37 39 45 49 0 101 148 162 194 198 214 304 306 322 329 341 365 429 429 475 580 702 703 769 821 833 898 935 965 966 995 999
42.6910299003 47.3170731707 28 0 1 1 3 6 7 8 14 14 17 21 22 25 28 29 29 30 30 32 33 36 40 41 41 44 46 46 48 0 161 212 259 280 291 326 349 401 437 443 455 476 501 534 552 552 553 575 576 605 606 639 749 753 833 846 877
44.1860465116 46.5040650407 28 0 0 2 4 4 6 6 7 7 8 10 12 17 24 24 26 28 29 33 37 38 39 39 41 41 41 41 49 0 142 279 327 386 397 439 450 476 509 518 521 529 555 631 666 674 679 703 739 750 780 795 816 852 928 966 967
29.5681063123 60.162601626 28 0 3 4 8 8 8 11 12 12 13 14 15 17 18 22 23 23 27 27 34 34 36 38 40 41 41 45 47 0 251 293 316 370 415 422 429 468 509 524 543 551 603 606 623 635 640 666 694 739 750 757 802 832 838 903 993
75.9136212625 37.3983739837 28 0 2 2 7 10 14 14 14 17 20 22 24 25 26 27 29 34 35 36 37 37 37 42 45 45 46 47 47 0 0 104 192 207 228 281 283 341 400 432 452 480 483 555 563 631 698 701 704 722 731 796 813 858 889 941 999
37.8737541528 64.0650406504 28 0 0 1 7 10 12 13 16 16 19 23 24 26 26 26 27 32 32 33 34 36 39 43 43 44 45 47 49 0 0 108 160 178 189 192 319 361 402 403 408 460 492 496 581 695 711 722 802 832 849 863 873 873 902 992 996
57.6411960133 34.3089430894 28 0 1 2 8 8 9 10 13 15 17 18 20 21 23 24 24 25 27 28 31 32 37 37 39 39 44 47 48 0 101 160 161 190 224 235 240 269 289 346 415 424 503 529 546 589 591 622 681 780 802 833 833 881 904 914 964
27.9069767442 46.9918699187 28 0 2 2 2 3 5 5 9 10 12 14 15 15 15 16 17 19 25 26 27 28 29 31 32 33 37 41 46 0 0 147 165 212 234 250 277 300 312 361 432 456 486 500 571 591 592 692 777 798 849 852 901 926 928 942 975
42.3588039867 53.6585365854 28 0 2 9 10 15 16 17 17 17 18 20 21 22 26 27 27 29 29 29 29 34 34 36 37 39 39 46 46 0 132 143 199 211 264 307 354 472 501 532 599 612 639 678 713 721 729 730 730 851 890 915 922 925 932 947 948
51.3289036545 72.6829268293 28 0 0 5 12 12 12 15 15 18 18 23 24 25 25 26 26 27 27 33 33 33 35 40 41 44 46 46 46 0 0 100 122 130 141 151 212 230 250 283 297 327 337 352 427 457 506 512 580 587 639 658 733 746 848 940 998
37.2093023256 18.2113821138 28 0 0 3 3 4 6 10 10 11 11 13 18 20 23 23 30 31 33 33 34 38 39 40 40 41 41 44 45 0 118 224 295 329 343 352 356 402 415 446 485 537 567 613 690 716 821 843 846 868 879 899 915 938 959 963 978
28.7375415282 30.406504065 28 0 2 9 12 13 14 15 15 15 17 20 21 21 26 27 28 30 35 38 39 39 41 46 46 47 47 47 48 0 0 126 156 166 175 176 234 256 272 356 427 485 526 532 559 560 582 611 636 657 693 773 820 866 866 956 970
62.1262458472 49.1056910569 28 0 1 3 9 9 10 11 12 13 13 15 17 20 20 26 27 29 31 32 33 33 34 35 38 39 41 44 49 0 107 117 142 196 214 214 222 244 261 263 319 409 444 460 464 484 576 639 700 707 716 716 815 834 853 868 928
77.0764119601 35.9349593496 28 0 2 2 4 5 6 8 10 13 13 15 20 20 22 24 26 29 29 30 30 31 33 35 38 38 47 48 49 0 114 130 130 139 148 174 178 260 399 473 479 532 535 562 570 631 648 650 701 759 789 823 833 839 869 873 898
40.0332225914 27.9674796748 28 0 3 4 5 7 12 13 14 15 19 19 21 24 25 29 29 31 32 33 34 36 36 37 39 41 42 45 46 0 0 107 168 185 239 251 295 333 402 408 430 469 485 492 494 511 538 618 625 640 655 688 723 750 758 794 907
46.0132890365 37.8861788618 28 0 2 3 8 9 10 11 11 12 13 17 17 18 19 22 24 24 24 30 33 36 41 41 42 42 46 48 48 0 111 127 143 158 172 217 265 286 293 297 366 422 457 500 517 529 541 580 610 616 642 765 808 883 891 929 987
34.3853820598 59.1869918699 28 0 1 1 2 8 9 15 16 17 20 20 22 28 28 28 29 32 32 33 33 35 38 42 43 45 46 46 49 0 0 103 111 156 246 298 322 337 355 378 427 504 548 573 582 623 644 660 680 803 804 820 826 832 848 942 986
58.6378737542 43.0894308943 28 0 2 4 4 4 5 8 8 14 16 18 21 22 26 26 30 32 33 36 37 38 40 42 45 45 46 46 48 0 126 129 181 187 214 228 322 333 392 441 446 450 463 466 495 589 597 683 696 702 718 731 753 774 785 960 979
26.9102990033 45.3658536585 28 0 3 4 4 7 7 10 15 17 17 18 19 19 20 21 25 28 28 29 30 30 31 34 36 39 40 44 47 0 111 120 133 197 254 259 408 436 506 507 525 536 561 584 595 658 730 762 774 897 916 928 929 941 942 995 998
47.6744186047 47.9674796748 28 0 1 4 6 9 15 16 17 17 18 19 19 23 25 28 28 31 34 36 38 39 41 42 42 43 43 44 47 0 109 158 159 204 252 262 450 471 487 492 495 520 538 543 570 581 608 613 675 694 807 807 820 893 921 946 997
46.6777408638 13.3333333333 28 0 6 12 13 15 15 18 18 21 22 23 24 26 27 29 31 33 33 34 35 36 38 42 44 44 44 47 48 0 120 131 179 243 269 283 296 373 403 450 490 624 722 730 779 821 823 827 856 874 876 903 952 954 959 971 994
73.4219269103 25.0406504065 28 0 0 4 5 6 11 11 17 20 22 22 24 25 26 29 30 31 33 36 39 41 42 42 43 45 47 48 49 0 123 200 291 308 389 414 416 417 424 460 470 527 527 585 596 613 666 701 789 792 815 825 869 922 961 980 989
31.8936877076 61.1382113821 28 0 0 0 3 8 10 14 14 16 16 16 16 19 19 22 24 28 29 30 30 34 34 34 39 41 42 43 45 0 110 124 174 239 294 341 435 439 460 484 490 507 514 528 573 579 581 582 689 767 803 821 889 928 932 972 990
51.6611295681 59.674796748 28 0 2 4 7 8 10 16 16 21 24 25 25 25 27 28 29 30 31 32 32 36 36 39 41 45 45 46 46 0 0 150 163 234 258 269 315 325 327 415 418 428 445 447 461 539 613 683 713 741 764 820 825 865 923 931 950
380
76.7830045524 44.6009389671 7
62.5189681335 72.9264475743 3
66.0091047041 23.7871674491 1
63.1259484067 50.7042253521 5
54.1729893778 45.2269170579 1
72.5341426404 65.1017214397 4
69.9544764795 74.1784037559 4
84.6737481032 76.3693270736 4
77.5417298938 73.8654147105 7
59.4840667678 76.3693270736 7
61.9119878604 48.8262910798 4
82.2458270106 39.4366197183 3
60.5462822458 46.0093896714 9
59.1805766313 45.696400626 1
62.3672230653 35.6807511737 1
74.6585735964 58.2159624413 5
60.5462822458 74.1784037559 8
80.1213960546 50.234741784 9
47.9514415781 65.2582159624 6
58.8770864947 37.558685446 6
40.971168437 52.5821596244 6
55.0834597876 53.8341158059 2
41.1229135053 45.0704225352 4
51.7450682853 62.9107981221 4
70.2579666161 43.0359937402 7
81.6388467375 41.9405320814 4
50.8345978756 73.3959311424 7
42.6403641882 25.5086071987 8
52.2003034901 22.3787167449 1
66.1608497724 54.6165884194 4
50.531107739 38.9671361502 1
46.282245827 23.7871674491 8
67.2230652504 44.4444444444 9
68.1335356601 65.2582159624 3
65.0986342944 35.2112676056 5
61.0015174507 51.9561815336 2
48.2549317147 51.1737089202 7
55.5386949924 67.6056338028 3
49.1654021244 77.6212832551 4
50.0758725341 42.2535211268 9
48.2549317147 54.9295774648 3
45.5235204856 37.0892018779 1
45.220030349 25.3521126761 5
31.8664643399 63.2237871674 5
41.4264036419 74.3348982786 5
65.5538694992 77.7777777778 8
80.4248861912 76.0563380282 9
58.2701062215 51.3302034429 1
87.5569044006 38.1846635368 6
57.3596358118 64.7887323944 3
68.4370257967 27.5430359937 5
69.3474962064 42.5665101721 6
53.5660091047 38.9671361502 3
52.5037936267 37.0892018779 7
40.2124430956 37.7151799687 7
53.4142640364 30.5164319249 4
54.4764795144 42.7230046948 3
83.9150227618 76.6823161189 7
61.3050075873 41.627543036 6
48.1031866464 46.4788732394 9
50.8345978756 41.9405320814 3
38.0880121396 60.2503912363 8
68.1335356601 29.420970266 6
48.7101669196 70.579029734 1
61.3050075873 61.5023474178 7
41.1229135053 66.510172144 3
58.1183611533 48.6697965571 6
52.3520485584 57.9029733959 9
67.0713201821 0.0 9
55.2352048558 46.4788732394 4
70.7132018209 45.2269170579 7
54.4764795144 71.9874804382 8
78.4522003035 48.5133020344 2
57.8148710167 48.8262910798 3
64.9468892261 35.3677621283 7
30.8042488619 37.4021909233 5
86.0394537178 60.2503912363 4
81.0318664643 32.7073552426 5
57.3596358118 26.2910798122 6
19.8786039454 24.5696400626 2
0.0 32.0813771518 6
42.7921092564 71.9874804382 7
46.282245827 35.9937402191 3
52.5037936267 54.303599374 4
71.1684370258 56.9640062598 2
43.7025796662 41.1580594679 1
49.0136570561 62.9107981221 9
48.8619119879 46.3223787167 9
32.3216995448 34.2723004695 8
34.1426403642 39.9061032864 9
40.3641881639 66.6666666667 5
71.6236722307 57.1205007825 3
65.7056145675 51.6431924883 6
57.5113808801 71.5179968701 6
39.3019726859 60.8763693271 5
55.0834597876 84.3505477308 3
71.4719271624 38.0281690141 9
37.3292867982 43.0359937402 9
72.5341426404 45.2269170579 4
66.1608497724 95.7746478873 9
45.5235204856 72.4569640063 1
48.7101669196 48.6697965571 6
76.7830045524 41.1580594679 2
67.2230652504 63.8497652582 8
64.9468892261 37.4021909233 1
38.5432473445 58.0594679186 7
50.9863429439 36.9327073552 1
59.3323216995 59.1549295775 6
30.0455235205 25.8215962441 9
71.3201820941 45.3834115806 3
57.0561456753 73.5524256651 5
66.6160849772 41.3145539906 4
82.0940819423 36.7762128326 9
72.5341426404 65.4147104851 6
64.7951441578 43.9749608764 3
79.5144157815 55.2425665102 7
95.751138088 53.2081377152 4
45.3717754173 67.2926447574 6
27.7693474962 18.6228482003 2
66.1608497724 55.8685446009 6
51.593323217 64.0062597809 4
73.2928679818 69.7965571205 1
41.5781487102 51.0172143975 2
68.8922610015 56.4945226917 1
62.215477997 35.9937402191 3
47.0409711684 86.6979655712 9
52.8072837633 75.117370892 6
52.3520485584 65.2582159624 3
43.3990895296 46.4788732394 5
54.0212443096 30.985915493 4
70.2579666161 50.5477308294 9
75.4172989378 40.3755868545 4
59.3323216995 45.0704225352 3
52.9590288316 47.5743348983 8
69.8027314112 60.0938967136 6
78.4522003035 66.1971830986 8
69.8027314112 69.7965571205 1
67.5265553869 63.3802816901 8
63.8846737481 73.082942097 1
61.3050075873 52.269170579 2
71.7754172989 61.8153364632 1
33.8391502276 41.7840375587 1
33.535660091 49.6087636933 4
56.6009104704 48.200312989 1
48.1031866464 12.20657277 7
55.3869499241 44.7574334898 5
56.6009104704 65.7276995305 1
61.6084977238 52.4256651017 1
51.2898330804 57.1205007825 8
68.5887708649 35.0547730829 6
64.6433990895 69.9530516432 2
49.1654021244 47.8873239437 5
77.8452200303 41.7840375587 2
55.3869499241 58.8419405321 7
63.8846737481 54.7730829421 5
44.7647951442 48.9827856025 6
94.2336874052 52.8951486698 2
62.9742033384 77.151799687 3
31.7147192716 50.5477308294 7
30.3490136571 64.1627543036 6
48.2549317147 55.5555555556 4
55.6904400607 44.1314553991 7
35.3566009105 47.5743348983 1
70.4097116844 70.579029734 9
67.2230652504 24.1001564945 5
62.8224582701 57.5899843505 9
70.2579666161 36.7762128326 8
46.7374810319 49.1392801252 9
62.8224582701 39.1236306729 5
37.6327769347 35.8372456964 4
57.8148710167 90.9233176839 6
57.0561456753 37.8716744914 6
47.4962063733 52.4256651017 4
50.3793626707 62.2848200313 5
83.7632776935 85.1330203443 5
86.9499241275 48.6697965571 3
58.4218512898 25.1956181534 8
54.0212443096 49.4522691706 4
68.1335356601 35.6807511737 1
41.2746585736 63.6932707355 6
60.8497723824 62.441314554 2
31.7147192716 31.1424100156 4
71.4719271624 22.6917057903 8
76.0242792109 48.200312989 3
61.9119878604 41.627543036 6
63.277693475 38.4976525822 4
65.402124431 49.1392801252 7
75.8725341426 62.7543035994 7
54.6282245827 46.0093896714 9
64.6433990895 51.1737089202 6
44.4613050076 35.0547730829 7
50.2276176024 51.3302034429 5
82.2458270106 21.5962441315 4
66.0091047041 54.1471048513 7
66.3125948407 92.1752738654 9
44.0060698027 54.9295774648 2
59.4840667678 34.2723004695 5
56.2974203338 48.8262910798 2
91.1987860395 61.9718309859 8
56.1456752656 83.5680751174 6
69.6509863429 29.420970266 9
53.8694992413 56.0250391236 3
62.6707132018 68.7010954617 3
62.0637329287 63.6932707355 5
64.7951441578 70.4225352113 9
56.4491654021 55.2425665102 7
27.4658573596 15.0234741784 5
55.3869499241 62.5978090767 7
57.2078907436 73.082942097 5
58.5735963581 60.8763693271 2
42.9438543247 48.8262910798 4
63.1259484067 47.1048513302 4
91.3505311077 81.5336463224 7
95.2959028832 36.6197183099 8
49.0136570561 41.3145539906 3
65.8573596358 42.5665101721 9
55.0834597876 58.372456964 5
37.6327769347 48.8262910798 9
56.6009104704 71.2050078247 8
63.277693475 49.2957746479 5
41.5781487102 51.4866979656 2
56.904400607 62.5978090767 7
71.1684370258 61.8153364632 5
52.8072837633 48.3568075117 2
68.4370257967 81.3771517997 2
19.4233687405 53.5211267606 9
66.7678300455 71.8309859155 5
53.717754173 32.3943661972 1
57.5113808801 52.5821596244 6
35.9635811836 67.1361502347 6
100.0 73.082942097 7
22.6100151745 44.6009389671 8
58.2701062215 32.5508607199 5
56.7526555387 63.0672926448 2
64.0364188164 33.9593114241 2
72.9893778452 36.9327073552 1
46.7374810319 59.6244131455 1
51.7450682853 60.5633802817 7
52.5037936267 64.7887323944 2
70.1062215478 41.7840375587 7
60.5462822458 68.2316118936 6
56.7526555387 13.1455399061 8
52.3520485584 41.627543036 9
30.8042488619 100.0 7
52.2003034901 52.1126760563 1
59.7875569044 37.4021909233 1
44.3095599393 39.2801251956 1
49.6206373293 43.661971831 6
64.0364188164 82.3161189358 7
44.9165402124 20.5007824726 2
62.0637329287 57.5899843505 1
35.2048558422 62.441314554 3
49.6206373293 57.7464788732 7
61.0015174507 66.0406885759 6
49.3171471927 65.1017214397 3
42.7921092564 45.3834115806 7
81.4871016692 65.8841940532 2
58.4218512898 49.1392801252 1
56.904400607 24.2566510172 4
79.6661608498 58.9984350548 6
45.8270106222 52.5821596244 2
70.8649468892 62.5978090767 1
75.5690440061 28.3255086072 3
59.7875569044 19.2488262911 6
58.2701062215 26.1345852895 6
68.5887708649 74.3348982786 3
55.9939301973 46.1658841941 9
31.2594840668 70.7355242567 9
39.3019726859 55.5555555556 6
65.2503793627 55.2425665102 9
68.8922610015 70.2660406886 5
52.655538695 43.661971831 1
33.3839150228 82.3161189358 7
35.2048558422 56.6510172144 7
54.3247344461 34.7417840376 6
62.9742033384 42.7230046948 3
54.6282245827 91.0798122066 8
69.0440060698 39.7496087637 2
56.6009104704 41.627543036 5
62.215477997 48.6697965571 4
39.1502276176 31.455399061 4
60.8497723824 70.1095461659 8
67.0713201821 55.7120500782 2
47.6479514416 37.4021909233 7
61.9119878604 60.7198748044 3
33.8391502276 39.1236306729 7
74.6585735964 54.1471048513 7
43.2473444613 39.1236306729 2
75.7207890744 52.269170579 6
48.1031866464 48.6697965571 5
92.564491654 61.6588419405 1
47.1927162367 76.9953051643 8
58.5735963581 60.5633802817 5
63.5811836115 56.338028169 6
48.1031866464 37.558685446 7
89.0743550835 35.0547730829 8
68.4370257967 50.3912363067 4
57.6631259484 52.5821596244 4
65.2503793627 37.0892018779 1
41.5781487102 36.9327073552 3
50.9863429439 52.7386541471 3
72.8376327769 84.8200312989 6
47.6479514416 56.8075117371 6
61.6084977238 29.2644757433 8
66.1608497724 61.8153364632 4
68.8922610015 79.3427230047 4
44.7647951442 72.1439749609 2
78.9074355083 63.6932707355 1
61.6084977238 32.5508607199 5
78.4522003035 64.6322378717 9
75.7207890744 67.1361502347 9
75.5690440061 38.8106416275 2
72.5341426404 44.1314553991 8
59.1805766313 47.730829421 7
48.8619119879 75.5868544601 9
53.8694992413 81.3771517997 3
66.1608497724 3.7558685446 1
35.3566009105 50.5477308294 1
78.4522003035 36.4632237872 3
65.8573596358 43.9749608764 1
53.1107738998 32.0813771518 7
92.564491654 55.2425665102 4
73.4446130501 58.8419405321 7
52.8072837633 62.2848200313 4
52.3520485584 68.544600939 1
61.4567526555 47.8873239437 8
76.4795144158 54.1471048513 1
75.8725341426 32.0813771518 9
85.8877086495 62.9107981221 6
64.7951441578 58.2159624413 6
66.3125948407 37.4021909233 1
64.339908953 63.3802816901 4
69.1957511381 55.8685446009 4
32.4734446131 45.0704225352 1
42.9438543247 43.661971831 2
67.8300455235 50.3912363067 1
70.8649468892 55.2425665102 5
54.6282245827 49.6087636933 1
70.7132018209 50.234741784 5
65.402124431 29.5774647887 9
69.3474962064 57.7464788732 2
46.4339908953 61.9718309859 5
60.6980273141 32.3943661972 4
61.7602427921 56.1815336463 1
77.8452200303 63.6932707355 4
63.7329286798 57.2769953052 5
62.3672230653 62.5978090767 9
64.339908953 59.7809076682 8
63.4294385432 74.9608763693 7
59.9393019727 53.2081377152 4
51.7450682853 60.7198748044 1
45.9787556904 34.5852895149 9
47.344461305 66.0406885759 3
40.971168437 99.8435054773 4
61.0015174507 55.2425665102 4
73.2928679818 65.5712050078 9
57.6631259484 68.8575899844 6
59.1805766313 55.3990610329 8
57.966616085 38.8106416275 5
42.6403641882 56.338028169 9
64.4916540212 44.7574334898 4
65.0986342944 35.9937402191 1
56.4491654021 58.5289514867 8
41.4264036419 31.1424100156 6
61.9119878604 51.1737089202 4
73.1411229135 54.1471048513 3
64.7951441578 50.7042253521 4
63.8846737481 48.3568075117 2
63.5811836115 47.2613458529 1
49.468892261 20.3442879499 9
89.8330804249 51.799687011 9
67.3748103187 59.6244131455 6
43.8543247344 64.6322378717 3
51.593323217 61.3458528951 7
48.7101669196 61.8153364632 9
51.4415781487 50.3912363067 7
62.3672230653 85.9154929577 6
75.4172989378 43.0359937402 9
67.0713201821 43.5054773083 1
29.1350531108 74.6478873239 2
