128
0.0 79.6905222437 38 0 0 1 3 4 8 9 10 14 16 16 16 18 19 20 20 20 20 22 24 27 30 30 32 32 34 35 36 37 37 41 41 43 44 46 47 49 49 0 0 146 199 226 255 364 371 380 391 419 441 455 459 460 486 491 503 528 546 596 604 612 615 618 649 691 727 732 735 743 750 757 778 786 816 919 920
66.2835249042 5.99613152805 38 0 2 4 5 5 8 9 9 10 11 11 11 12 13 19 19 19 20 23 23 27 27 28 30 31 32 34 37 37 42 44 45 45 47 47 47 47 49 0 121 141 180 253 276 297 328 379 383 418 429 436 439 449 474 502 511 521 530 579 592 631 681 704 705 727 743 750 769 773 784 806 820 863 878 923 931
18.5823754789 22.6305609284 38 0 0 0 0 2 2 6 6 6 9 9 13 13 14 15 17 18 19 22 23 27 28 30 31 31 35 36 36 39 41 42 42 43 43 48 48 49 49 0 100 128 164 194 228 240 267 325 338 358 361 382 385 392 399 413 457 473 549 578 590 620 665 682 695 703 708 727 734 780 807 827 883 908 913 930 972
52.8735632184 63.829787234 38 0 0 1 6 7 8 8 9 9 11 12 15 16 17 17 17 17 18 19 19 19 22 23 24 25 26 27 27 32 34 35 37 37 37 38 40 45 48 0 0 103 104 230 252 253 274 320 329 344 397 420 420 423 451 491 493 501 526 534 575 619 649 693 716 726 744 757 762 764 773 816 839 870 886 898 951
58.6206896552 25.1450676983 38 0 0 0 1 1 2 8 10 10 10 12 12 12 15 15 16 16 16 20 20 23 24 27 29 29 30 30 31 31 37 39 40 40 44 46 48 48 48 0 138 183 267 269 312 339 362 373 390 408 409 420 449 458 477 514 540 559 572 614 658 659 660 693 698 741 754 760 803 840 856 857 869 870 907 947 988
57.8544061303 17.9883945841 38 0 0 1 1 4 7 11 11 12 15 15 16 18 18 20 22 22 23 24 26 28 29 29 30 31 31 32 33 34 39 39 40 41 43 45 46 47 49 0 0 121 124 145 178 178 190 193 222 253 259 266 275 344 353 354 364 398 404 448 468 476 478 502 515 531 554 623 656 667 691 796 862 909 910 926 980
74.1379310345 81.2379110251 38 0 1 2 2 2 5 5 5 7 8 12 13 14 14 14 14 15 15 17 19 19 20 21 21 23 27 32 32 33 34 36 38 40 41 42 47 47 49 0 111 126 144 194 238 289 314 383 394 400 415 429 442 456 497 539 583 587 589 604 638 674 680 685 689 729 741 798 806 819 836 840 867 879 898 950 996
56.5134099617 26.6924564797 38 0 0 1 2 4 6 7 11 20 20 20 20 22 22 23 23 24 25 26 28 29 31 32 33 33 34 34 35 35 35 35 36 38 39 41 41 46 46 0 142 151 193 219 222 234 267 275 280 339 344 364 398 420 433 443 473 484 533 538 559 596 620 636 638 638 748 771 780 805 829 832 856 901 956 979 992
22.7969348659 39.4584139265 38 0 1 2 2 2 3 4 7 8 12 13 14 15 16 18 18 19 19 19 21 21 22 25 26 26 27 28 29 30 31 39 40 41 41 44 46 48 48 0 106 144 212 219 243 275 302 308 370 383 399 407 464 481 556 569 587 611 619 635 640 738 767 794 799 814 823 833 852 863 883 887 893 895 896 975 977
50.3831417625 39.4584139265 38 0 0 1 1 2 2 3 7 7 7 8 10 11 11 12 14 15 15 15 19 20 22 24 30 32 34 37 37 38 39 41 45 45 45 47 48 49 49 0 103 112 153 174 238 280 292 357 379 428 444 456 469 484 542 547 563 581 628 643 647 661 694 712 720 721 738 746 832 838 855 861 872 922 929 953 977
49.6168582375 39.6518375242 38 0 0 0 2 3 4 4 6 6 7 9 11 11 13 14 15 16 16 16 17 18 20 20 24 24 25 27 31 33 37 38 38 39 40 40 42 46 48 0 118 127 146 272 276 277 340 350 351 365 396 411 419 490 540 580 581 639 644 650 663 680 685 734 748 865 875 876 884 889 895 920 940 945 955 978 985
65.3256704981 0.0 38 0 0 0 2 3 4 7 7 11 11 12 12 12 13 15 17 18 19 20 21 21 24 26 26 26 29 30 30 32 35 36 37 38 40 44 45 46 49 0 145 154 162 174 184 216 282 305 350 394 470 478 488 504 516 526 529 536 554 657 669 670 677 678 714 727 734 737 754 767 777 802 847 858 858 867 963
75.6704980843 49.1295938104 38 0 1 3 4 5 6 6 7 8 12 15 17 17 17 19 21 21 23 27 29 30 30 31 31 32 32 33 33 34 34 34 35 40 40 43 43 46 47 0 121 128 154 200 249 293 338 365 370 400 413 416 416 439 442 446 460 461 527 550 583 618 669 669 694 783 831 870 879 882 898 916 918 936 950 975 994
88.122605364 36.3636363636 38 0 0 2 3 5 5 5 6 8 8 9 10 10 10 12 17 18 18 19 22 23 25 26 27 27 28 29 32 33 36 37 38 41 44 45 48 48 49 0 116 153 187 192 207 212 229 292 300 311 319 319 357 394 404 416 418 424 429 455 476 485 502 509 596 604 648 653 660 667 706 726 821 845 877 950 960
72.4137931034 38.1044487427 38 0 2 2 2 5 8 11 13 14 14 15 16 17 17 18 19 21 21 22 23 25 26 26 27 31 32 32 33 34 35 35 38 39 43 43 44 44 46 0 0 132 158 167 171 171 240 256 257 269 270 295 303 325 352 401 449 453 456 475 601 624 668 670 721 739 799 832 850 851 853 867 870 881 888 990 996
44.4444444444 49.7098646035 38 0 0 2 2 2 4 9 10 10 10 11 12 13 19 19 21 21 23 24 27 28 29 29 30 30 31 31 32 33 33 34 37 40 41 42 45 49 49 0 103 110 131 144 157 164 204 216 234 239 264 282 301 333 339 370 390 426 446 456 468 550 590 593 595 659 660 671 675 680 698 705 735 831 850 994 998
65.7088122605 44.8742746615 38 0 1 1 1 2 3 5 6 8 9 9 10 10 10 13 18 18 19 20 21 21 23 26 29 37 37 38 40 40 41 42 43 43 44 46 47 48 49 0 108 121 139 166 184 191 206 212 313 343 357 399 403 428 436 488 548 554 566 577 612 620 685 738 766 771 801 803 832 835 853 895 901 905 911 936 977
74.3295019157 40.2321083172 38 0 4 4 4 5 6 6 8 8 8 8 10 10 11 11 13 13 15 16 19 22 24 25 25 26 27 29 37 38 38 38 39 41 42 43 46 48 49 0 106 164 180 184 237 291 314 333 340 346 381 399 410 420 435 463 488 502 512 561 607 609 663 704 732 758 798 804 812 817 829 835 847 880 899 942 954
47.7011494253 52.998065764 38 0 1 1 2 2 3 5 7 7 12 13 14 16 18 20 21 21 22 24 25 27 27 29 30 31 32 33 34 34 34 35 37 38 40 42 45 45 49 0 133 134 171 179 181 201 263 293 373 426 426 452 501 538 554 554 559 656 713 716 724 746 750 752 772 777 812 813 829 847 853 947 959 968 969 996 997
36.7816091954 78.1431334623 38 0 0 0 0 1 1 3 4 5 7 7 9 10 12 14 16 18 19 19 21 23 26 28 28 29 30 31 32 33 35 37 39 41 43 44 44 46 49 0 0 123 199 252 268 279 290 320 399 413 426 489 501 517 518 554 608 616 635 641 652 677 686 699 730 774 834 849 873 909 916 933 941 958 970 979 993
70.30651341 37.9110251451 38 0 0 0 1 2 3 4 4 5 7 8 9 10 12 13 13 15 20 21 21 22 22 22 24 27 27 27 29 37 38 39 39 41 42 43 45 47 48 0 100 102 135 147 191 192 236 240 291 353 367 386 390 402 407 431 438 495 512 539 564 593 611 654 659 675 716 730 733 843 879 919 924 958 968 969 997
40.8045977011 20.1160541586 38 0 0 0 4 6 6 9 10 14 14 14 15 16 17 17 20 21 22 24 28 30 32 37 37 38 39 41 41 42 43 43 45 46 48 48 49 49 49 0 0 122 137 180 190 195 196 225 233 239 267 270 361 380 408 408 441 444 445 486 529 566 571 578 653 654 718 774 889 906 947 963 977 984 991 994 995
56.3218390805 29.0135396518 38 0 0 0 2 3 4 7 7 8 10 11 12 17 17 18 23 23 26 27 28 29 30 36 36 37 38 38 39 40 40 40 42 43 46 46 48 48 49 0 0 144 147 148 161 196 308 323 338 366 380 412 412 444 467 511 512 520 566 584 616 636 693 714 722 777 779 806 838 886 891 947 952 969 991 992 993
49.2337164751 63.249516441 38 0 0 1 1 1 3 4 5 6 7 8 9 11 14 17 19 20 20 21 23 23 24 24 28 29 30 32 32 36 36 39 41 42 43 43 44 46 47 0 0 142 171 198 215 231 242 245 251 301 309 343 349 359 365 380 403 515 525 537 546 584 601 615 631 635 683 693 709 719 727 759 805 891 923 943 957
52.4904214559 37.7176015474 38 0 0 3 5 5 5 6 6 7 8 10 10 10 11 15 15 16 18 19 20 21 23 25 27 29 29 30 31 31 32 32 33 35 39 40 45 46 47 0 107 109 126 142 148 155 215 226 234 243 244 269 352 397 406 436 459 497 501 555 580 581 601 602 622 640 680 685 699 783 804 805 808 829 868 963 998
72.030651341 47.001934236 38 0 1 1 1 1 3 4 4 5 7 9 9 14 15 15 16 18 20 24 25 30 30 31 32 33 34 37 38 39 40 40 43 45 45 45 48 49 49 0 109 114 116 143 151 158 209 215 217 241 291 301 327 347 360 371 394 453 487 505 539 601 657 685 711 715 721 738 743 793 796 815 845 883 939 968 990
52.6819923372 20.502901354 38 0 1 3 3 4 6 10 12 13 16 17 17 19 22 24 25 27 30 30 30 30 31 31 32 32 35 35 36 39 40 40 41 41 44 44 46 47 47 0 114 177 203 234 256 273 366 390 390 402 414 419 433 460 471 475 500 616 655 743 762 768 770 793 826 841 852 862 867 869 909 935 942 946 960 978 998
52.2988505747 27.079303675 38 0 2 2 4 4 5 5 5 6 7 8 9 9 11 16 17 17 19 19 19 20 20 21 22 23 23 24 31 31 32 35 36 37 40 42 43 46 47 0 101 106 147 151 184 194 196 197 226 235 256 275 292 304 325 384 414 416 447 480 517 542 556 571 578 653 683 688 698 708 748 801 866 943 946 959 982
43.1034482759 44.2940038685 38 0 0 4 5 7 7 9 10 12 14 15 15 15 15 17 22 24 25 25 28 28 29 30 30 31 32 33 34 35 37 38 43 43 45 45 46 46 47 0 100 172 174 200 285 316 317 323 371 388 418 451 529 542 564 571 588 603 607 609 619 626 636 639 670 694 766 780 785 794 806 825 841 841 862 932 998
98.6590038314 34.8162475822 38 0 0 0 2 2 4 4 5 11 11 13 14 16 17 19 19 19 24 25 26 27 27 28 29 32 33 33 33 34 35 35 37 41 42 44 44 47 48 0 124 130 130 182 207 230 266 282 305 315 325 341 371 429 468 523 526 530 546 547 556 557 598 602 608 610 625 662 663 665 667 701 734 810 837 963 999
72.2222222222 57.4468085106 38 0 2 2 2 5 5 8 8 9 11 11 17 20 24 25 26 27 29 30 31 32 32 33 34 34 37 41 41 41 42 42 43 45 45 48 48 49 49 0 0 138 196 218 219 228 359 367 403 446 448 458 482 490 520 521 591 620 635 660 680 693 700 725 729 780 793 794 794 804 885 909 911 912 951 965 994
42.337164751 43.7137330754 38 0 1 2 7 7 8 9 10 10 12 12 13 13 14 15 17 18 19 22 25 26 27 27 28 28 29 29 30 30 30 33 35 37 39 42 42 43 45 0 114 139 141 151 192 242 252 256 277 285 348 410 439 441 449 452 482 507 544 550 576 612 630 708 711 712 741 755 770 782 820 825 862 884 966 978 997
46.5517241379 32.8820116054 38 0 0 0 10 11 12 15 15 16 16 16 16 18 18 19 21 21 22 24 24 24 27 29 29 29 30 32 32 32 39 40 43 44 46 47 47 48 49 0 0 147 147 197 285 297 308 386 411 423 452 458 515 545 554 566 574 588 598 626 643 664 706 707 717 720 750 778 798 816 821 856 868 902 906 912 982
38.8888888889 81.2379110251 38 0 0 2 3 3 5 6 9 11 11 13 14 14 14 15 17 17 17 22 28 28 29 30 33 34 37 38 38 39 40 41 42 43 43 45 46 48 49 0 104 110 171 174 190 230 246 254 317 320 400 403 406 430 432 464 470 474 487 587 598 601 605 632 647 714 718 751 802 803 808 819 872 899 902 938 957
60.9195402299 51.8375241779 38 0 1 3 5 7 9 9 9 12 14 15 16 16 17 19 22 22 22 23 24 24 25 25 30 30 33 33 33 35 36 37 38 38 39 40 43 46 47 0 105 105 122 122 139 183 199 234 328 395 423 433 464 469 477 527 531 535 581 608 746 770 776 785 792 799 800 817 820 850 853 866 881 899 941 941 967
36.2068965517 42.9400386847 38 0 2 2 4 5 7 8 10 11 14 15 15 16 16 17 17 19 20 22 23 28 30 30 30 32 32 34 38 38 41 43 43 43 46 48 48 49 49 0 0 100 160 192 212 216 219 233 242 292 301 313 333 337 343 352 374 386 392 439 478 538 575 582 627 627 640 649 654 688 692 785 811 823 875 911 980
70.30651341 60.1547388781 38 0 0 1 3 3 4 4 4 5 5 12 12 14 15 16 16 17 17 18 21 22 23 23 27 28 28 29 30 31 33 34 35 36 38 40 42 42 45 0 100 111 159 180 181 191 195 199 219 273 280 304 331 346 400 401 405 410 421 421 426 452 470 505 521 537 551 594 602 617 637 693 711 737 741 947 965
61.877394636 40.0386847195 38 0 0 1 2 3 4 5 6 8 10 15 16 18 19 20 23 24 25 27 27 29 30 31 32 36 36 40 41 42 42 42 43 45 46 46 47 48 48 0 0 106 112 125 141 182 210 235 239 251 258 276 299 375 404 460 499 514 598 600 613 615 639 716 764 777 793 797 812 826 854 886 908 925 948 967 997
42.5287356322 49.3230174081 38 0 0 0 1 2 2 8 8 12 15 16 20 22 24 24 25 25 27 28 28 29 30 33 33 34 35 36 38 39 40 44 44 45 45 46 47 47 48 0 156 174 231 248 255 326 367 369 393 399 414 422 453 488 497 499 512 588 598 627 640 670 678 741 760 781 784 794 838 859 865 905 908 931 944 949 970
72.030651341 57.253384913 38 0 0 2 4 5 6 7 7 8 9 12 13 14 15 16 16 18 19 20 20 20 21 21 22 22 22 25 28 28 33 34 37 40 42 42 43 43 49 0 0 140 157 166 183 194 217 222 226 256 335 342 374 490 529 554 598 609 613 624 627 637 656 715 736 749 754 769 785 793 796 807 810 848 928 962 993
39.4636015326 43.7137330754 38 0 1 4 8 8 9 10 10 11 11 16 16 17 17 19 19 21 22 25 27 27 27 31 32 32 34 34 34 36 37 38 39 39 40 44 46 47 49 0 0 105 105 134 168 203 203 269 272 277 384 436 438 501 531 585 597 654 655 663 670 683 691 701 724 725 753 767 769 800 865 866 941 942 945 964 972
100.0 59.5744680851 38 0 0 1 2 2 3 3 5 5 8 11 12 13 14 16 17 17 18 19 30 30 33 34 34 35 35 36 37 40 40 42 43 43 44 45 45 46 49 0 125 132 175 220 229 284 285 286 325 365 435 513 536 574 589 623 630 690 724 729 748 787 827 834 857 865 871 911 921 943 956 962 987 990 995 997 998
73.9463601533 28.4332688588 38 0 2 3 4 5 7 10 10 11 11 13 15 15 17 18 19 21 22 23 24 24 25 26 26 28 33 33 35 37 37 40 40 43 44 46 47 49 49 0 0 100 186 188 210 213 227 242 253 324 335 388 405 470 502 516 536 548 571 606 664 693 703 707 731 749 829 842 860 874 904 912 927 954 966 974 993
59.0038314176 100.0 38 0 0 0 0 6 8 8 11 13 15 15 17 17 19 20 20 21 23 23 26 27 27 30 30 31 31 31 32 33 35 36 38 40 44 45 45 48 49 0 167 184 195 251 281 294 300 313 334 343 366 366 457 485 487 516 552 565 624 630 631 665 723 744 797 814 856 858 892 898 908 909 918 944 946 960 979
89.0804597701 22.6305609284 38 0 0 1 6 6 7 9 10 11 13 14 17 18 18 18 19 20 21 21 23 24 24 24 25 29 30 30 31 31 35 36 36 38 38 42 48 48 49 0 131 159 172 178 206 218 223 227 247 284 288 315 377 413 418 451 478 583 590 598 609 642 643 719 777 790 850 878 897 901 918 938 940 946 949 962 984
11.877394636 32.3017408124 38 0 0 1 3 4 5 6 6 7 8 9 11 12 14 15 16 16 17 17 20 20 22 22 24 25 28 31 31 33 37 39 42 44 46 46 46 48 48 0 0 119 230 250 256 270 271 299 301 366 377 401 405 457 480 516 545 593 602 707 732 736 737 750 761 797 818 824 837 842 859 884 932 937 938 951 957
76.8199233716 41.9729206963 38 0 2 3 3 3 5 5 7 10 10 11 13 13 14 14 15 20 21 22 26 27 29 30 30 31 32 34 35 37 39 40 41 41 44 44 47 47 49 0 104 115 117 125 143 150 158 170 177 193 201 209 239 246 317 346 507 514 525 535 593 597 651 666 680 691 711 744 746 807 826 828 838 851 859 919 949
59.7701149425 26.1121856867 38 0 0 2 2 2 3 4 4 6 8 8 9 10 10 13 18 19 23 23 25 27 28 28 29 29 32 34 37 38 41 42 42 44 44 44 45 45 47 0 135 162 199 245 252 253 300 347 388 411 453 461 478 481 516 617 659 664 667 670 695 712 725 735 736 787 797 851 861 892 900 906 923 928 933 950 957
59.1954022989 62.4758220503 38 0 0 0 2 7 7 8 9 9 10 12 16 17 17 21 21 21 22 22 24 28 31 31 32 34 36 36 37 37 38 39 39 41 42 42 43 49 49 0 0 118 165 171 186 199 248 293 294 312 323 333 338 364 404 416 435 467 500 515 528 531 555 567 594 677 721 745 778 812 845 868 926 929 940 969 976
57.0881226054 17.7949709865 38 0 0 0 0 3 4 4 4 7 9 10 11 13 16 16 17 20 21 23 24 25 26 26 28 29 31 31 31 31 33 34 36 39 41 45 46 46 48 0 105 154 176 210 242 251 280 285 341 420 422 501 501 533 551 583 600 604 622 641 650 654 678 688 770 773 789 834 840 851 860 894 895 921 936 960 970
57.4712643678 46.8085106383 38 0 1 1 2 3 3 5 6 8 9 11 13 13 13 14 14 15 17 18 20 20 20 25 26 28 28 30 31 32 32 34 34 37 38 39 40 43 48 0 196 199 214 265 270 273 278 362 378 398 400 458 460 474 494 496 497 503 525 538 575 600 608 610 627 705 825 826 827 855 862 865 868 890 913 914 939
18.0076628352 19.5357833656 38 0 1 1 1 2 4 5 5 7 7 9 10 13 15 18 21 22 22 24 25 25 28 28 30 32 33 34 35 36 36 40 41 42 42 45 46 48 48 0 0 100 105 138 140 140 164 185 191 234 270 277 340 367 400 431 475 503 534 569 597 615 663 685 690 781 783 804 809 832 851 886 896 919 924 946 946
72.4137931034 39.4584139265 38 0 2 3 3 5 8 8 9 12 13 16 19 21 21 21 23 23 24 25 27 29 32 32 33 33 36 38 39 39 41 41 43 47 47 47 49 49 49 0 0 116 121 177 242 250 269 409 428 432 459 466 467 547 576 593 622 631 634 649 652 715 717 719 725 733 756 785 801 870 870 883 920 938 941 945 978
57.4712643678 41.0058027079 38 0 0 4 8 9 10 10 11 11 12 14 15 17 17 20 20 21 23 24 27 28 28 28 29 33 33 34 34 36 37 38 38 39 41 41 47 47 47 0 0 156 173 199 203 257 291 295 305 313 324 347 348 349 352 370 373 383 435 515 521 521 623 631 636 647 659 662 706 729 735 783 828 829 894 904 975
61.3026819923 10.6382978723 38 0 0 1 1 4 4 7 10 13 14 15 16 17 17 18 20 21 23 23 24 25 26 27 28 28 29 33 35 36 37 37 37 39 41 44 49 49 49 0 0 111 119 127 149 231 265 283 292 293 325 332 337 367 421 455 479 482 509 558 586 608 608 618 631 633 634 685 853 888 899 900 914 926 930 932 933
36.7816091954 64.9903288201 38 0 1 1 2 4 5 5 6 7 8 9 10 11 13 14 14 16 17 18 18 18 21 22 23 23 24 24 24 26 26 28 30 30 31 41 43 44 46 0 134 157 207 208 250 259 270 320 369 413 417 441 472 517 531 548 588 592 594 618 628 631 636 689 714 727 746 791 806 807 824 849 871 872 904 924 978
44.8275862069 53.9651837524 38 0 0 0 4 6 6 6 9 9 12 13 14 14 16 17 18 21 21 21 22 24 24 27 27 27 29 31 33 38 38 40 41 44 47 48 48 49 49 0 0 201 247 250 319 348 363 383 398 413 423 425 455 462 462 470 499 512 512 519 530 542 555 564 637 657 660 719 731 732 779 784 795 870 909 962 973
42.5287356322 23.5976789168 38 0 1 4 5 6 6 6 7 7 8 9 9 18 19 20 21 21 21 23 25 25 26 28 29 31 32 36 37 41 42 44 44 45 46 46 46 47 48 0 128 141 227 306 308 325 388 398 401 428 429 429 434 482 501 540 548 559 572 580 590 628 652 674 692 724 766 797 804 846 855 921 931 936 937 957 962
60.153256705 35.0096711799 38 0 1 4 4 10 11 12 12 12 16 18 20 21 21 21 25 25 26 27 27 29 29 30 31 31 36 37 39 39 40 42 42 43 44 46 47 49 49 0 100 106 121 147 161 198 251 266 286 347 352 359 371 464 488 512 536 539 551 565 587 599 604 760 769 769 771 819 822 830 837 839 844 920 937 965 982
58.8122605364 53.1914893617 38 0 3 3 4 6 7 8 9 10 11 11 13 14 15 16 17 17 20 23 25 26 26 28 34 35 35 38 39 40 41 43 43 46 47 47 49 49 49 0 104 150 166 198 202 213 263 275 345 350 369 393 411 429 445 461 472 472 488 503 529 576 627 654 657 702 734 804 818 860 883 899 904 936 962 968 996
57.2796934866 61.7021276596 38 0 0 1 2 4 4 5 8 9 11 11 13 14 15 16 18 22 25 27 28 30 34 35 35 36 40 40 40 40 42 43 45 45 45 45 47 47 49 0 169 185 212 241 272 299 394 395 408 416 425 433 464 474 482 534 547 550 564 611 637 650 662 671 681 732 734 757 766 786 841 885 896 906 909 954 958
34.8659003831 29.4003868472 38 0 4 4 5 5 8 9 9 10 11 12 16 17 20 20 23 24 27 29 31 31 32 33 34 34 35 39 42 43 45 45 46 46 47 47 48 48 49 0 115 116 124 163 169 175 191 219 230 259 322 339 381 414 441 452 454 470 492 495 505 552 558 613 616 619 635 638 648 682 711 741 859 867 878 979 985
68.0076628352 44.2940038685 38 0 0 1 2 2 4 4 5 6 10 11 12 14 16 19 22 25 25 26 30 30 33 33 34 36 36 39 40 41 41 44 44 44 44 45 45 46 49 0 100 134 161 176 190 244 249 260 262 269 284 323 327 445 466 473 476 494 523 546 582 585 615 637 651 683 771 779 788 791 793 851 893 909 919 942 998
76.8199233716 66.9245647969 38 0 0 1 3 5 5 6 6 13 13 14 14 14 15 18 19 21 21 23 23 25 26 27 28 28 30 30 31 33 35 37 40 41 42 42 46 49 49 0 106 175 233 237 273 276 281 290 347 365 370 387 412 472 500 503 582 615 621 648 688 701 772 805 807 832 845 902 907 914 927 941 944 951 969 987 988
46.3601532567 32.4951644101 38 0 1 4 9 10 11 11 11 12 13 14 15 17 18 18 24 24 26 27 27 27 27 27 27 28 28 29 31 32 33 36 36 39 40 43 43 46 49 0 101 151 152 153 174 185 242 260 297 299 300 336 338 343 353 363 396 416 444 446 529 544 550 584 591 592 601 610 616 669 676 750 786 808 949 958 963
64.5593869732 85.2998065764 38 0 2 4 5 5 7 8 11 11 15 15 17 17 19 20 27 27 28 30 31 31 32 32 34 35 36 37 37 38 38 39 40 40 41 43 45 45 49 0 111 162 186 204 212 225 238 239 297 302 316 321 329 364 429 456 557 578 625 667 691 705 712 718 754 764 765 803 804 828 844 889 920 960 982 988 992
65.1340996169 45.4545454545 38 0 0 1 1 3 3 5 5 7 8 10 13 13 15 16 17 18 18 18 19 20 21 24 26 27 29 32 33 35 36 38 38 39 39 40 42 48 48 0 101 108 109 133 136 169 195 234 247 264 274 279 286 320 393 429 453 480 512 517 533 545 571 636 679 680 737 782 815 818 888 890 890 893 901 931 976
17.816091954 38.4912959381 38 0 0 0 1 1 2 2 2 3 4 7 10 12 12 13 14 16 16 21 23 24 24 26 27 30 31 31 31 32 34 34 36 40 41 41 43 48 49 0 131 190 221 228 242 243 255 277 284 312 317 336 385 443 449 467 519 525 539 555 556 559 562 622 632 640 669 674 691 744 751 813 824 848 913 915 971
68.5823754789 23.9845261122 38 0 2 3 4 8 9 12 13 13 16 18 18 19 19 21 24 28 28 29 29 30 32 32 33 34 34 35 37 38 38 38 40 42 43 44 47 49 49 0 0 134 207 212 229 237 252 269 332 358 397 423 433 552 609 649 650 668 670 671 685 718 723 731 734 742 763 766 824 841 881 897 912 958 959 981 985
52.4904214559 44.8742746615 38 0 0 0 0 3 3 4 4 5 6 6 7 7 9 10 11 12 14 18 22 23 28 30 37 38 39 39 39 40 40 41 43 45 46 46 46 47 48 0 157 159 162 172 296 319 324 330 333 368 379 395 399 420 423 423 474 481 560 575 606 609 628 639 672 677 682 718 734 762 763 777 816 851 876 969 996
86.0153256705 30.3675048356 38 0 1 2 2 3 7 8 8 9 10 11 12 13 14 15 15 16 17 20 20 22 23 23 24 25 28 30 31 36 39 40 41 42 42 43 44 47 49 0 114 169 174 202 274 287 289 294 344 348 356 390 400 414 418 456 456 500 541 555 565 567 574 583 591 609 654 673 676 693 702 762 772 776 796 836 928
64.367816092 37.7176015474 38 0 4 6 7 7 8 9 9 11 11 13 13 13 16 20 20 20 20 24 25 26 31 32 33 33 34 34 35 35 36 37 38 39 40 42 45 48 48 0 157 177 187 189 194 196 210 222 323 327 367 377 379 409 418 443 462 502 504 505 517 519 523 529 579 585 597 685 712 714 733 742 795 869 927 931 999
51.3409961686 23.4042553191 38 0 1 4 4 5 6 7 9 12 12 13 15 16 16 17 21 21 25 25 28 29 29 34 36 37 38 39 41 41 43 43 45 46 46 47 48 49 49 0 254 271 274 281 317 328 337 348 353 377 400 416 423 439 517 526 529 578 614 631 650 664 670 686 700 752 780 783 806 832 836 857 858 862 868 872 946
82.5670498084 68.085106383 38 0 2 2 2 5 6 7 11 12 12 14 14 17 17 18 18 19 23 23 27 27 31 33 34 35 36 37 39 40 40 41 44 46 46 47 47 48 49 0 0 125 134 162 164 169 173 206 206 223 241 285 406 417 429 532 544 550 602 700 716 720 726 766 778 824 846 851 881 883 916 919 926 926 941 964 993
82.183908046 45.2611218569 38 0 0 2 3 3 4 4 6 6 7 7 9 10 13 14 15 18 20 22 27 28 30 32 32 34 35 36 36 37 40 41 43 43 45 47 47 48 49 0 109 160 178 203 211 227 243 253 276 333 339 353 420 481 490 494 500 535 579 597 641 650 660 669 704 705 721 726 726 742 764 767 829 845 899 932 963
41.9540229885 62.2823984526 38 0 0 0 1 2 5 6 8 9 10 12 12 13 17 17 19 20 21 25 27 27 28 30 31 32 35 36 36 39 40 41 41 44 45 45 46 47 49 0 0 105 115 183 197 252 295 338 339 398 424 460 463 467 478 584 597 616 627 650 682 703 705 716 720 757 805 845 875 922 925 928 943 982 987 989 994
74.3295019157 45.6479690522 38 0 1 1 2 2 10 10 13 13 14 15 15 15 16 18 22 22 23 25 25 26 28 28 29 29 31 34 36 38 40 42 43 44 44 46 47 49 49 0 132 138 192 193 306 325 329 333 334 340 389 417 448 463 530 556 562 571 571 590 608 622 679 714 738 768 790 804 807 849 868 887 907 945 964 987 999
67.2413793103 22.8239845261 38 0 0 5 6 6 7 7 9 11 12 12 12 14 16 17 19 21 21 24 25 25 25 26 28 31 31 31 32 33 33 35 37 37 40 40 41 42 42 0 119 154 165 206 210 211 225 225 303 321 361 371 383 407 410 472 496 507 511 525 533 533 573 574 606 625 631 641 662 668 695 745 753 761 902 954 992
49.2337164751 47.582205029 38 0 0 1 1 6 6 7 11 12 12 13 16 19 20 23 26 26 27 28 28 28 29 30 30 30 31 32 33 34 38 38 41 44 45 46 47 47 49 0 180 183 218 236 238 239 300 310 339 381 394 438 472 474 480 484 528 544 575 583 584 586 589 605 610 622 732 733 735 768 854 864 866 874 913 962 973
38.8888888889 39.2649903288 38 0 0 4 6 7 7 7 8 10 11 11 12 13 13 16 17 17 18 19 21 21 21 24 25 28 30 32 33 36 38 38 39 43 45 45 47 49 49 0 113 134 154 164 181 242 261 269 288 333 336 345 372 375 405 411 438 450 451 501 502 533 579 600 670 700 702 735 774 889 901 915 946 963 965 984 996
63.2183908046 57.4468085106 38 0 1 2 3 6 7 8 8 12 12 13 14 14 18 19 19 20 20 21 28 28 28 29 29 30 32 34 34 37 40 42 44 45 45 46 46 46 47 0 110 116 124 136 153 194 263 286 294 301 304 308 316 377 394 401 463 557 558 561 623 634 701 745 753 786 791 803 816 823 834 889 908 927 931 940 951
41.5708812261 58.8007736944 38 0 0 0 1 1 1 2 7 8 10 12 15 16 17 19 21 21 22 22 26 26 27 27 32 32 36 40 41 42 42 42 43 44 47 48 48 49 49 0 0 115 147 210 232 242 264 270 310 336 341 360 361 393 440 495 498 510 618 693 714 715 736 749 776 824 825 830 833 838 851 918 918 947 981 985 990
78.1609195402 74.081237911 38 0 1 3 3 3 4 6 7 7 7 10 10 12 13 15 15 15 17 17 19 20 21 22 24 27 27 28 32 34 37 41 42 44 44 46 47 47 49 0 104 132 143 163 175 192 223 301 352 409 445 446 497 552 554 556 567 571 575 599 606 614 634 637 644 710 721 739 749 753 755 765 773 861 888 889 890
30.2681992337 24.1779497099 38 0 1 4 5 5 5 9 11 13 15 15 15 16 17 19 20 21 22 22 24 24 26 27 27 27 31 32 32 36 37 39 40 43 43 44 45 45 46 0 105 131 145 184 274 275 302 312 328 333 335 389 398 409 410 436 458 468 530 552 596 602 629 649 663 672 759 775 786 803 836 884 897 917 919 930 934
50.9578544061 56.6731141199 38 0 4 5 6 7 10 10 11 12 17 17 17 17 19 20 22 23 24 24 25 26 27 30 30 31 32 33 36 36 36 40 42 42 43 44 45 48 49 0 130 134 223 223 256 256 294 299 310 312 340 356 371 391 400 409 446 472 506 555 571 591 612 630 669 733 735 738 777 876 877 926 958 978 987 996 998
95.9770114943 31.914893617 38 0 0 1 2 3 5 5 5 6 7 7 9 11 15 17 21 22 24 25 26 28 28 30 31 32 32 32 33 33 34 41 41 41 42 43 45 48 48 0 120 125 125 133 192 255 282 288 327 345 360 390 423 435 441 469 491 495 555 556 628 633 686 690 700 700 726 739 742 818 828 866 876 903 926 961 979
61.877394636 63.249516441 38 0 0 1 1 2 6 9 9 10 11 11 12 15 15 16 23 23 24 24 25 26 26 31 31 32 34 34 35 38 39 40 42 43 44 47 47 47 49 0 0 104 111 129 162 179 189 198 251 334 359 367 381 469 520 522 558 568 618 628 655 688 722 743 760 780 786 790 805 821 824 833 841 860 869 900 984
42.7203065134 52.2243713733 38 0 0 1 2 3 4 7 11 11 11 12 12 15 15 16 18 20 21 22 22 23 25 30 30 30 32 33 34 35 35 35 37 40 40 43 44 44 48 0 124 150 178 193 220 225 238 241 290 409 419 446 501 527 540 554 561 562 565 569 636 675 739 780 799 825 835 853 878 887 901 916 945 958 970 973 992
84.0996168582 40.6189555126 38 0 0 0 4 5 7 7 8 8 10 11 11 13 13 14 14 16 17 17 19 19 20 20 21 21 22 23 25 27 29 30 32 33 38 39 42 43 43 0 146 207 251 259 266 273 292 339 344 353 386 395 422 440 445 447 447 482 483 487 494 556 625 627 784 789 811 819 864 879 889 920 927 940 948 994 997
73.754789272 44.8742746615 38 0 2 2 3 6 6 7 7 8 8 12 13 15 15 17 18 18 22 24 25 28 29 29 32 33 34 35 36 38 39 40 42 44 45 46 47 49 49 0 100 116 148 178 212 222 246 248 261 279 279 285 314 319 326 397 425 440 446 512 551 576 582 606 622 628 644 704 729 746 815 822 852 882 904 925 989
64.1762452107 64.0232108317 38 0 0 1 2 3 8 11 12 12 13 18 18 19 24 25 26 27 27 28 29 31 31 31 33 33 34 34 38 39 39 40 41 42 42 44 44 47 49 0 121 144 159 171 193 211 220 248 269 308 344 349 353 382 421 440 464 490 496 523 547 592 604 617 720 732 748 760 775 781 782 803 819 836 921 970 999
72.4137931034 48.7427466151 38 0 0 1 3 3 3 4 4 5 7 14 14 14 17 17 20 21 22 22 24 27 30 30 31 31 33 35 36 37 39 40 40 41 43 43 44 44 48 0 107 116 125 132 139 230 246 269 310 315 413 416 439 450 528 540 549 584 593 603 610 688 761 775 813 842 859 886 905 916 918 923 925 967 989 991 992
48.6590038314 58.413926499 38 0 2 4 6 9 10 13 13 15 16 17 18 21 22 23 23 23 23 24 24 25 26 28 29 29 29 31 32 32 35 36 37 39 44 45 48 48 49 0 105 126 144 185 208 227 230 243 251 257 280 313 372 412 433 459 492 524 544 563 633 644 649 704 704 708 709 712 757 761 783 795 809 858 867 879 899
92.337164751 65.9574468085 38 0 2 2 4 5 8 14 14 16 18 20 21 22 24 26 26 27 28 28 30 31 34 35 35 35 37 38 39 39 40 42 43 43 46 48 48 48 49 0 0 124 171 173 183 184 215 297 314 318 371 441 449 474 506 509 512 534 538 568 587 615 622 635 635 638 643 708 714 729 773 781 845 854 865 925 958
63.601532567 9.09090909091 38 0 2 4 5 5 6 6 6 7 8 8 10 12 15 15 22 23 24 25 26 26 27 29 30 33 35 40 40 40 41 41 43 43 45 45 47 49 49 0 127 154 166 170 204 205 231 231 234 243 287 312 321 336 350 360 368 375 383 464 488 501 511 517 548 622 679 682 703 717 776 837 898 931 934 955 994
84.2911877395 35.3965183752 38 0 1 2 5 6 6 6 11 12 14 14 15 15 15 17 18 19 20 21 23 25 26 26 29 30 32 32 33 40 41 42 43 43 44 46 47 47 49 0 102 130 168 208 223 238 266 299 335 358 391 394 423 429 464 485 527 575 626 654 656 685 690 715 737 770 778 788 833 840 844 853 857 907 946 959 993
36.7816091954 31.7214700193 38 0 1 2 2 5 7 8 9 9 11 12 14 16 18 18 21 21 23 24 24 25 25 27 28 28 30 34 34 35 37 40 42 43 44 44 46 47 47 0 163 183 230 236 321 321 334 348 424 436 478 495 504 504 519 546 548 558 634 649 668 670 686 720 720 726 757 780 790 797 832 844 848 879 937 948 972
30.2681992337 57.4468085106 38 0 0 1 4 5 7 7 7 9 11 11 12 12 13 15 17 17 19 20 21 22 26 26 27 29 29 29 30 32 34 35 37 38 39 40 42 47 47 0 102 109 118 152 156 162 224 245 255 281 320 382 472 473 507 516 588 596 618 641 690 755 804 858 879 889 899 904 910 910 910 923 931 959 977 985 995
58.4291187739 20.8897485493 38 0 0 1 2 2 4 8 10 11 12 16 17 18 20 22 24 26 27 27 28 30 30 30 31 31 32 34 37 40 42 42 42 42 43 45 45 46 48 0 102 111 117 130 153 172 200 203 204 211 228 247 265 346 347 391 393 434 444 450 464 517 536 597 609 698 704 715 750 759 790 802 849 874 880 913 930
71.8390804598 37.5241779497 38 0 0 2 2 2 2 4 5 8 8 10 10 13 14 16 17 21 23 24 25 25 25 26 26 28 29 33 37 37 40 41 42 42 48 48 49 49 49 0 125 141 211 248 253 273 331 357 357 410 446 471 475 488 511 511 512 517 548 550 588 624 627 631 634 644 657 689 699 757 763 771 830 840 845 943 974
81.9923371648 61.3152804642 38 0 1 4 8 9 9 10 11 17 19 22 24 24 27 27 30 30 30 31 31 33 33 34 35 37 37 39 41 41 42 45 45 45 45 46 48 49 49 0 0 103 115 143 151 164 180 182 258 312 344 420 428 503 528 539 560 561 561 581 622 626 650 705 710 715 732 770 770 822 875 875 891 941 954 984 991
50.5747126437 28.2398452611 38 0 1 1 1 1 5 6 10 12 12 18 18 24 25 25 26 27 27 30 31 32 32 34 34 34 38 41 44 45 45 46 46 46 46 46 47 48 48 0 152 174 176 203 214 235 271 314 330 344 405 416 417 420 428 433 442 465 471 474 512 521 534 566 583 611 619 666 684 686 708 731 739 818 930 937 959
58.4291187739 43.1334622824 38 0 2 3 7 11 13 13 14 15 16 17 17 18 19 21 23 25 25 29 30 30 31 31 32 33 33 33 34 37 38 40 42 45 45 46 48 48 49 0 170 207 213 223 228 235 236 306 316 381 395 430 452 461 470 476 527 548 550 599 637 652 671 679 694 709 744 754 772 781 828 876 935 936 955 956 998
57.8544061303 32.4951644101 38 0 3 3 4 5 5 6 7 13 13 13 13 13 14 14 15 15 16 20 23 23 24 26 27 27 27 33 33 35 37 39 42 42 46 47 47 48 48 0 0 149 154 170 211 230 241 312 330 343 345 361 385 407 418 450 476 492 507 522 536 600 607 612 641 705 722 768 794 805 863 901 929 943 955 955 976
67.2413793103 45.2611218569 38 0 1 6 7 8 10 11 11 13 15 15 16 17 19 19 19 20 23 27 28 28 29 32 34 37 37 39 40 40 40 41 41 43 43 44 44 44 47 0 0 100 109 124 127 136 167 231 234 257 264 295 310 358 374 378 402 430 430 431 460 471 480 482 517 527 543 631 657 660 662 852 924 924 949 990 998
37.7394636015 47.001934236 38 0 0 1 1 2 3 3 6 11 12 14 14 15 15 17 18 19 21 21 22 23 24 25 29 29 29 31 32 34 35 36 38 41 41 45 46 48 49 0 105 130 133 186 197 237 246 256 258 272 277 316 372 376 484 488 530 544 554 558 560 561 564 564 602 642 650 688 716 783 863 863 868 890 972 975 994
93.1034482759 68.4719535783 38 0 1 3 5 6 7 9 10 11 12 14 15 15 16 16 17 18 19 21 23 24 27 27 28 29 33 36 37 38 38 40 40 44 45 48 48 49 49 0 115 118 163 219 229 266 300 318 322 330 376 384 410 412 523 532 548 574 640 640 649 686 692 692 696 699 737 785 788 788 817 884 903 911 928 942 952
77.2030651341 45.6479690522 38 0 0 0 1 1 1 3 5 5 5 8 9 14 14 15 16 18 20 22 22 24 24 26 28 29 29 29 30 32 33 34 36 36 39 44 44 45 47 0 114 119 187 195 216 217 232 235 277 323 400 443 444 470 479 517 526 533 569 595 612 643 648 663 682 686 689 766 780 833 866 873 888 906 918 925 985
66.6666666667 57.6402321083 38 0 0 2 2 3 5 6 7 8 10 12 12 13 13 17 17 18 24 28 31 32 34 35 36 36 36 37 38 38 39 43 45 46 47 47 47 48 49 0 0 126 155 191 197 217 286 350 360 393 408 433 434 442 443 489 500 523 568 580 582 597 622 663 677 705 724 725 742 749 762 778 829 868 914 971 976
37.1647509579 56.2862669246 38 0 1 1 3 6 10 11 11 13 13 17 18 18 18 19 20 21 22 25 26 26 27 28 28 29 35 36 39 41 41 42 43 43 44 47 47 47 49 0 160 193 204 218 228 258 285 287 294 329 366 424 490 499 509 515 521 553 581 596 598 628 673 687 744 748 757 785 822 858 881 950 957 968 971 987 990
73.5632183908 75.0483558994 38 0 0 0 3 4 5 9 10 10 11 11 14 14 15 18 18 18 19 20 23 27 28 28 29 30 30 33 33 34 35 36 38 38 39 42 47 49 49 0 0 102 105 161 164 230 236 275 303 315 345 357 363 368 394 465 466 485 516 544 591 613 615 692 693 704 734 754 787 801 809 817 839 855 899 937 998
45.4022988506 82.3984526112 38 0 0 3 6 13 17 17 18 18 22 23 27 27 30 32 32 32 34 34 34 35 36 36 37 38 40 40 40 42 43 43 44 44 46 46 48 48 49 0 105 115 207 236 248 255 262 262 264 316 319 334 405 411 458 480 569 592 599 607 642 679 697 711 742 761 787 793 809 823 844 883 910 930 963 968 972
72.4137931034 49.1295938104 38 0 0 0 1 3 8 8 9 12 14 15 16 17 19 20 21 21 23 25 26 26 28 30 33 36 37 37 37 38 39 42 42 43 43 45 46 46 48 0 105 122 143 203 233 242 255 257 263 273 306 321 362 369 380 400 404 416 429 469 521 538 551 555 617 637 650 658 691 762 770 781 803 817 889 897 934
61.1111111111 33.4622823985 38 0 0 2 3 4 4 4 7 7 8 10 13 14 15 17 18 27 28 29 30 32 34 35 35 36 36 37 37 37 40 41 41 46 47 47 47 48 49 0 128 132 143 146 178 202 250 293 302 345 358 369 369 389 410 410 504 508 522 536 540 558 590 627 638 652 665 690 742 755 798 810 830 859 882 930 955
32.183908046 10.4448742747 38 0 0 3 3 3 4 5 7 9 10 11 11 14 16 19 20 22 24 24 24 25 25 29 29 30 30 33 35 37 39 39 41 41 43 44 45 46 49 0 107 107 118 136 171 177 204 222 268 276 278 279 284 297 301 321 327 364 374 390 428 457 470 489 532 591 596 606 611 696 742 745 803 876 940 945 957
76.8199233716 66.7311411992 38 0 0 1 3 4 5 5 5 5 10 11 12 13 15 15 16 17 18 23 24 25 27 29 31 34 35 35 36 36 38 39 40 42 42 43 44 47 47 0 138 236 248 307 309 337 348 367 380 408 425 434 521 541 564 592 595 595 600 610 632 684 706 714 716 751 767 842 854 877 880 882 887 932 935 970 982
61.877394636 49.9032882012 38 0 2 3 5 7 7 8 11 12 13 15 17 17 18 25 27 28 28 29 30 32 32 34 34 35 35 38 38 40 41 42 44 45 46 47 48 48 49 0 100 157 158 168 191 214 216 226 239 333 383 385 410 435 437 443 444 466 501 508 509 513 521 554 583 592 668 676 693 707 730 842 899 903 920 963 975
71.8390804598 52.2243713733 38 0 7 7 8 8 12 15 15 16 16 17 18 19 20 22 24 26 26 28 28 29 30 30 30 31 31 32 33 34 36 39 40 41 41 43 44 47 48 0 0 104 116 122 128 191 191 193 252 256 261 276 281 404 421 436 457 467 487 516 535 623 626 652 679 691 695 719 767 792 832 865 878 886 889 946 947
56.3218390805 44.4874274662 38 0 1 1 2 5 5 6 10 10 11 12 12 13 14 17 19 21 22 22 23 24 24 24 28 29 30 31 33 35 36 36 37 37 38 39 41 49 49 0 137 152 154 178 181 240 248 277 328 351 355 372 383 391 421 463 470 478 495 541 559 605 610 641 660 740 745 755 803 811 830 846 865 902 912 986 987
72.2222222222 46.8085106383 38 0 0 1 1 3 4 4 6 8 9 11 11 13 13 16 20 20 20 22 24 25 27 29 31 33 34 35 35 36 36 38 40 42 43 45 47 48 49 0 147 177 184 192 212 243 276 301 316 376 440 459 475 477 485 489 490 497 508 526 577 587 598 631 644 680 685 687 692 694 709 765 830 843 848 866 924
89.846743295 44.4874274662 38 0 1 1 1 3 5 6 8 10 10 11 13 13 13 14 14 16 17 18 19 19 22 22 27 31 33 33 33 33 36 36 38 41 43 43 44 46 46 0 123 168 183 198 277 311 340 362 371 385 392 395 420 436 446 452 472 510 532 536 610 633 656 657 660 733 748 768 771 808 821 823 836 856 861 862 962
72.4137931034 60.1547388781 38 0 2 3 7 7 9 9 10 11 12 14 14 14 16 18 19 20 20 21 22 24 27 29 30 33 33 34 35 36 39 39 41 42 43 45 47 48 49 0 179 181 261 309 319 331 334 356 379 390 429 439 450 477 517 537 554 573 576 637 667 687 707 729 749 766 776 794 802 821 836 853 881 895 914 923 952
69.1570881226 37.7176015474 38 0 1 2 2 3 4 4 6 13 15 16 16 16 17 18 19 21 21 22 22 23 23 24 26 27 35 36 37 37 37 38 38 39 42 42 46 46 47 0 0 104 134 158 208 212 237 238 248 260 265 341 365 365 382 422 429 458 460 512 531 565 662 668 669 672 679 713 742 826 858 865 867 933 934 938 984
79.8850574713 47.001934236 38 0 0 3 3 4 5 6 6 8 9 10 10 14 14 15 16 16 16 18 20 23 25 26 29 30 30 32 33 34 37 40 42 43 43 47 47 47 48 0 110 112 113 135 158 177 191 192 216 220 240 300 321 349 352 357 357 367 419 467 516 564 636 674 707 747 749 765 779 808 813 845 884 885 891 900 983
65.5172413793 65.7640232108 38 0 1 7 7 8 9 9 10 12 14 14 14 18 19 20 20 21 21 22 23 24 24 25 26 27 27 29 33 34 40 42 42 43 44 44 45 47 49 0 0 108 164 226 227 234 240 259 295 325 333 353 387 445 452 485 490 503 553 556 611 611 620 629 693 726 736 741 780 820 822 853 922 942 951 952 955
77.3946360153 44.4874274662 38 0 1 1 2 3 3 4 6 6 8 9 10 13 15 15 15 17 17 19 22 26 26 27 27 29 30 31 32 32 33 33 35 36 36 39 42 46 47 0 141 165 172 325 330 332 342 359 369 387 392 445 449 497 503 521 573 585 649 678 708 721 755 757 787 816 836 838 900 916 924 934 949 950 966 985 987
57.0881226054 29.9806576402 38 0 2 3 3 5 6 6 6 7 8 8 10 11 14 15 16 16 16 17 19 19 25 25 27 28 29 29 30 31 32 33 33 37 38 39 43 43 46 0 111 138 142 161 170 187 198 204 226 253 278 318 340 362 405 425 436 442 452 492 525 531 582 623 646 665 665 671 746 837 883 893 900 930 956 958 961
61.1111111111 76.2088974855 38 0 0 2 2 8 9 10 11 14 15 16 18 21 21 21 23 24 25 27 28 29 31 31 35 36 37 37 38 39 40 41 42 44 44 44 45 49 49 0 151 169 182 216 239 252 264 268 275 280 298 342 344 349 383 428 433 456 470 485 559 604 653 654 711 740 795 800 842 843 866 876 878 914 932 951 974
245
39.6850393701 43.7623762376 5
47.874015748 21.9801980198 6
10.3937007874 63.9603960396 8
57.6377952756 64.3564356436 3
59.3700787402 74.2574257426 9
1.10236220472 35.8415841584 6
22.3622047244 57.6237623762 7
63.7795275591 51.6831683168 3
72.7559055118 60.5940594059 3
47.7165354331 56.0396039604 5
58.4251968504 52.8712871287 4
50.8661417323 64.5544554455 2
46.2992125984 64.9504950495 5
70.7086614173 58.8118811881 6
43.937007874 89.1089108911 3
32.5984251969 49.3069306931 2
57.6377952756 31.4851485149 6
40.157480315 76.6336633663 9
67.7165354331 47.7227722772 6
54.8031496063 70.8910891089 9
53.2283464567 37.8217821782 3
43.937007874 69.3069306931 7
59.842519685 50.297029703 8
38.8976377953 78.2178217822 6
51.968503937 20.0 1
60.4724409449 67.5247524752 4
55.4330708661 38.4158415842 9
42.8346456693 49.3069306931 1
66.9291338583 47.1287128713 1
24.094488189 74.8514851485 5
50.0787401575 48.7128712871 4
48.6614173228 61.7821782178 3
40.7874015748 33.6633663366 2
55.7480314961 53.0693069307 6
44.094488189 34.6534653465 4
65.1968503937 32.6732673267 1
52.7559055118 89.900990099 7
55.5905511811 39.2079207921 5
48.5039370079 77.4257425743 4
52.7559055118 56.2376237624 2
56.5354330709 48.3168316832 4
37.1653543307 64.9504950495 6
33.8582677165 70.8910891089 5
43.3070866142 76.0396039604 4
55.4330708661 54.6534653465 2
53.5433070866 52.8712871287 9
46.6141732283 31.2871287129 7
68.3464566929 21.9801980198 8
70.8661417323 7.32673267327 3
50.0787401575 35.4455445545 2
56.5354330709 42.7722772277 6
55.4330708661 25.7425742574 1
61.5748031496 42.1782178218 9
0.0 54.0594059406 2
46.9291338583 59.801980198 3
56.2204724409 45.9405940594 2
61.7322834646 46.1386138614 6
60.3149606299 49.1089108911 7
71.1811023622 44.7524752475 5
63.7795275591 41.5841584158 1
18.4251968504 64.7524752475 4
51.6535433071 66.7326732673 4
13.0708661417 54.0594059406 6
45.0393700787 94.0594059406 2
51.0236220472 71.6831683168 9
69.9212598425 85.3465346535 7
87.4015748031 34.4554455446 3
29.9212598425 73.8613861386 9
17.7952755906 54.8514851485 5
65.0393700787 19.0099009901 4
40.0 74.6534653465 3
52.2834645669 65.3465346535 7
67.4015748031 51.8811881188 6
74.6456692913 26.9306930693 1
49.2913385827 80.396039604 1
81.4173228346 64.9504950495 7
72.125984252 53.6633663366 9
43.7795275591 41.9801980198 1
27.5590551181 80.7920792079 2
34.6456692913 64.9504950495 7
58.8976377953 56.0396039604 2
34.4881889764 36.6336633663 6
44.2519685039 67.3267326733 8
45.0393700787 65.5445544554 4
72.9133858268 61.3861386139 5
43.7795275591 69.1089108911 6
44.094488189 65.3465346535 8
71.6535433071 65.9405940594 5
37.3228346457 37.2277227723 6
42.8346456693 30.6930693069 2
69.2913385827 45.3465346535 4
56.062992126 51.8811881188 6
55.5905511811 20.396039604 2
29.7637795276 60.9900990099 2
36.3779527559 0.0 2
47.7165354331 53.4653465347 1
45.5118110236 79.0099009901 5
42.8346456693 40.396039604 9
41.4173228346 60.5940594059 3
40.9448818898 32.2772277228 7
62.0472440945 46.7326732673 1
37.1653543307 72.4752475248 2
51.3385826772 33.4653465347 5
31.811023622 38.2178217822 5
66.2992125984 79.4059405941 6
31.4960629921 25.1485148515 2
47.5590551181 38.2178217822 8
42.9921259843 51.0891089109 6
30.7086614173 55.8415841584 5
45.3543307087 81.3861386139 2
61.7322834646 41.7821782178 8
80.7874015748 63.7623762376 1
52.9133858268 32.6732673267 1
21.4173228346 78.0198019802 9
37.0078740157 16.4356435644 6
43.3070866142 91.0891089109 8
48.031496063 34.4554455446 6
56.5354330709 51.0891089109 9
50.2362204724 38.6138613861 1
39.6850393701 38.8118811881 7
64.7244094488 72.2772277228 6
73.5433070866 41.5841584158 2
64.094488189 71.6831683168 1
66.9291338583 59.4059405941 7
40.0 20.7920792079 2
62.9921259843 29.504950495 3
63.1496062992 56.0396039604 4
52.7559055118 73.8613861386 3
21.1023622047 50.099009901 8
70.7086614173 59.603960396 2
34.9606299213 73.4653465347 2
27.0866141732 42.9702970297 4
51.6535433071 67.7227722772 3
100.0 35.0495049505 9
8.50393700787 85.9405940594 4
59.0551181102 54.6534653465 1
43.1496062992 72.8712871287 9
63.4645669291 57.0297029703 8
43.4645669291 89.504950495 8
37.7952755906 80.0 5
58.2677165354 41.7821782178 7
57.9527559055 47.5247524752 8
39.3700787402 44.5544554455 1
71.811023622 21.5841584158 9
38.5826771654 100.0 1
38.2677165354 24.7524752475 3
52.9133858268 57.0297029703 3
29.1338582677 27.1287128713 4
45.1968503937 35.0495049505 2
54.6456692913 67.7227722772 2
47.2440944882 68.5148514851 3
46.4566929134 82.3762376238 2
70.3937007874 48.5148514851 5
38.2677165354 51.6831683168 8
68.031496063 94.6534653465 6
70.0787401575 60.198019802 1
56.8503937008 55.4455445545 1
46.7716535433 50.297029703 1
61.7322834646 3.56435643564 9
66.4566929134 26.3366336634 1
55.905511811 54.8514851485 6
47.7165354331 47.3267326733 9
50.0787401575 49.3069306931 3
38.4251968504 99.801980198 3
64.4094488189 68.5148514851 6
55.7480314961 32.2772277228 9
55.2755905512 66.1386138614 5
51.0236220472 83.3663366337 5
45.8267716535 62.5742574257 8
54.6456692913 41.7821782178 7
50.2362204724 78.2178217822 6
62.8346456693 56.4356435644 2
30.8661417323 39.4059405941 2
49.6062992126 67.9207920792 2
56.2204724409 60.396039604 3
74.9606299213 22.1782178218 8
25.1968503937 72.4752475248 8
66.4566929134 73.2673267327 1
48.6614173228 30.6930693069 2
68.9763779528 45.5445544554 5
67.874015748 62.9702970297 9
58.4251968504 77.8217821782 6
40.0 54.6534653465 4
51.1811023622 51.0891089109 6
76.8503937008 32.8712871287 4
66.1417322835 34.8514851485 7
25.1968503937 36.2376237624 5
50.0787401575 36.0396039604 2
50.5511811024 60.9900990099 3
31.0236220472 19.603960396 5
55.7480314961 45.7425742574 2
11.0236220472 24.3564356436 4
70.5511811024 60.9900990099 9
81.4173228346 38.8118811881 8
35.4330708661 28.3168316832 1
30.3937007874 34.4554455446 2
46.4566929134 39.2079207921 1
50.5511811024 82.5742574257 4
51.4960629921 80.198019802 9
41.4173228346 59.801980198 6
45.1968503937 48.7128712871 9
50.7086614173 60.5940594059 3
49.1338582677 45.5445544554 4
61.1023622047 21.3861386139 4
68.188976378 33.2673267327 3
14.8031496063 99.0099009901 3
31.811023622 36.4356435644 7
43.6220472441 49.702970297 5
41.8897637795 48.5148514851 3
72.9133858268 49.1089108911 2
54.3307086614 52.6732673267 2
69.1338582677 45.1485148515 2
86.2992125984 91.2871287129 6
60.157480315 63.1683168317 4
7.24409448819 26.1386138614 4
53.5433070866 43.5643564356 3
49.1338582677 74.4554455446 3
61.1023622047 13.8613861386 5
24.7244094488 49.3069306931 9
54.9606299213 39.603960396 8
49.4488188976 26.3366336634 1
67.874015748 64.7524752475 8
72.2834645669 83.1683168317 7
46.4566929134 50.495049505 5
50.0787401575 63.1683168317 8
46.7716535433 60.5940594059 1
22.9921259843 30.297029703 2
48.3464566929 47.7227722772 1
64.4094488189 70.8910891089 8
63.1496062992 46.3366336634 4
55.7480314961 74.6534653465 2
53.7007874016 78.2178217822 8
45.8267716535 22.7722772277 6
68.6614173228 72.4752475248 4
39.5275590551 60.7920792079 8
59.842519685 56.6336633663 9
40.6299212598 88.1188118812 8
74.8031496063 60.198019802 9
59.3700787402 38.6138613861 4
35.4330708661 35.6435643564 4
48.3464566929 39.2079207921 6
53.2283464567 61.3861386139 8
68.6614173228 34.6534653465 4
50.0787401575 53.8613861386 7
46.6141732283 48.7128712871 2
