112
6.2818336163 39.5604395604 30 0 0 1 3 3 4 5 5 8 11 11 12 14 14 16 17 17 20 20 21 22 24 30 33 42 43 45 46 48 49 0 116 149 175 206 320 345 362 418 431 502 538 549 574 602 650 662 668 677 729 742 761 768 806 859 883 900 920 931 955
65.5348047538 49.0842490842 30 0 3 6 7 8 11 12 13 14 15 15 21 22 24 26 27 30 35 36 36 37 38 39 41 42 43 46 47 49 49 0 0 122 134 147 177 266 346 347 361 413 441 454 455 459 487 502 562 600 638 664 691 716 740 767 770 809 930 978 984
30.0509337861 37.5457875458 30 0 1 2 6 11 12 12 19 21 21 23 24 25 25 26 26 27 27 28 30 33 35 37 39 41 41 43 43 48 49 0 129 142 143 162 241 246 336 359 408 436 464 486 491 520 526 539 564 593 596 628 639 654 668 740 765 831 860 886 915
49.5755517827 85.5311355311 30 0 0 4 4 6 7 9 10 13 14 16 18 18 19 20 21 22 25 26 27 28 30 30 32 37 41 43 44 49 49 0 100 153 163 175 201 206 228 253 265 275 286 342 363 390 462 468 472 490 501 511 514 643 735 790 834 844 859 876 930
47.3684210526 35.7142857143 30 0 0 2 2 3 4 4 4 8 9 10 11 12 12 16 17 19 19 20 23 25 27 28 28 32 35 38 38 41 48 0 0 124 134 175 250 255 262 313 371 382 523 544 562 598 622 636 666 693 728 750 857 861 899 906 914 918 926 938 970
48.2173174873 43.2234432234 30 0 7 8 8 13 13 15 15 16 17 22 22 24 29 31 32 34 35 36 36 38 38 40 43 44 45 46 48 48 49 0 135 219 239 242 251 288 289 294 298 402 416 418 479 536 578 594 650 674 698 787 834 866 870 870 914 914 979 981 995
3.73514431239 17.5824175824 30 0 1 2 2 4 4 6 7 7 8 8 10 12 13 14 18 23 23 30 31 33 34 37 37 38 39 40 45 48 49 0 106 113 161 195 237 263 287 390 398 404 432 433 435 444 464 501 516 516 520 655 729 741 745 812 826 852 878 930 972
34.1256366723 59.1575091575 30 0 1 3 3 7 8 8 9 10 10 12 12 17 17 18 18 23 27 27 27 28 30 34 35 37 40 43 44 45 47 0 150 172 234 241 274 277 309 347 391 406 407 460 520 544 556 569 646 663 669 688 689 711 730 742 749 937 947 955 973
18.3361629881 52.380952381 30 0 2 3 4 4 5 7 9 10 10 12 15 21 22 25 25 27 28 29 31 32 37 39 41 41 44 45 46 46 47 0 144 160 211 254 311 352 372 378 378 420 446 477 492 510 522 553 610 621 635 660 725 758 804 845 860 886 921 925 969
55.3480475382 16.3003663004 30 0 0 2 2 4 6 10 12 13 13 22 23 23 23 26 27 29 29 29 30 30 33 37 39 41 43 43 48 49 49 0 0 178 287 291 293 293 304 306 323 323 339 396 414 416 556 569 607 647 679 700 722 782 806 820 837 876 895 913 944
25.1273344652 0.0 30 0 8 8 9 13 14 14 16 17 20 22 24 27 27 28 28 31 31 37 38 42 43 43 44 44 44 45 47 47 48 0 109 119 157 162 167 172 217 225 235 241 264 287 305 331 425 509 546 593 613 641 658 694 717 731 742 780 810 814 859
47.8777589134 78.7545787546 30 0 2 2 3 6 9 10 10 12 12 14 16 19 22 23 23 26 27 28 32 33 33 34 34 36 38 41 42 44 49 0 107 157 185 256 259 260 289 313 324 357 407 430 441 446 506 519 543 554 616 625 667 686 751 773 800 808 907 920 969
30.220713073 38.8278388278 30 0 1 3 5 6 7 8 8 15 16 17 19 24 26 28 29 30 33 33 34 37 38 38 39 45 45 46 46 48 48 0 112 129 237 248 345 369 369 383 394 423 427 432 439 510 518 524 588 600 605 610 686 694 696 737 761 800 884 902 939
22.0713073005 58.7912087912 30 0 5 5 6 6 7 8 8 13 15 22 26 29 29 30 32 32 32 33 34 35 36 36 41 41 42 43 44 47 47 0 0 106 159 160 187 190 202 242 258 278 288 314 381 414 444 536 567 576 616 630 664 708 745 805 819 841 865 956 973
36.1629881154 48.5347985348 30 0 1 3 4 5 8 9 10 11 11 11 12 17 18 19 19 21 24 25 25 28 35 36 37 37 40 41 46 47 49 0 124 188 260 282 298 312 389 402 441 446 459 479 500 509 537 561 584 611 615 634 652 734 752 754 823 846 886 956 976
67.2325976231 69.0476190476 30 0 4 5 6 7 8 10 14 15 17 20 20 21 22 24 25 26 26 28 29 31 31 31 32 38 39 40 41 44 48 0 139 142 153 189 196 261 269 319 338 454 459 491 511 534 550 571 623 665 733 803 819 822 848 926 937 937 974 985 994
50.7640067912 57.6923076923 30 0 2 2 6 6 10 11 13 17 18 18 18 19 19 21 21 21 23 23 24 26 28 30 30 32 32 35 38 39 45 0 104 141 165 257 299 328 346 353 379 415 444 451 452 461 493 547 583 585 591 637 663 705 756 759 835 907 930 962 972
38.2003395586 40.1098901099 30 0 2 7 8 9 9 10 10 13 14 16 16 17 19 21 23 23 23 24 24 24 31 31 34 37 38 39 45 47 49 0 0 142 176 177 196 197 198 204 253 281 286 290 401 414 469 494 572 636 642 654 656 711 802 900 923 969 982 989 990
49.4057724958 23.2600732601 30 0 0 1 1 4 4 4 5 6 8 9 11 12 14 19 20 22 26 28 30 32 34 35 36 37 40 44 45 46 49 0 165 168 203 222 250 277 370 381 400 421 429 435 474 483 489 499 543 580 623 634 714 731 742 758 804 809 890 903 975
53.480475382 69.4139194139 30 0 1 2 3 4 4 7 9 9 11 12 14 15 17 18 22 25 28 28 28 33 34 39 44 45 46 46 49 49 49 0 105 176 207 216 262 262 314 378 384 391 393 419 463 478 493 563 565 579 611 654 679 729 796 803 824 884 900 961 966
34.80475382 34.4322344322 30 0 0 0 3 5 6 8 9 9 10 10 11 14 16 16 18 19 20 20 22 25 28 30 31 31 33 39 42 42 47 0 100 112 135 144 163 227 242 281 307 319 396 410 439 497 547 602 659 691 713 713 727 730 737 762 849 855 874 965 996
27.3344651952 29.304029304 30 0 0 1 3 3 5 6 8 14 18 21 24 25 26 30 32 35 36 37 38 40 40 41 43 44 45 46 48 48 48 0 0 140 153 156 194 222 224 285 331 338 369 405 478 478 516 537 556 572 583 627 649 662 691 718 732 835 858 881 984
32.4278438031 57.8754578755 30 0 0 3 5 7 7 7 9 10 12 16 19 20 20 20 22 23 28 29 29 32 33 36 40 41 42 44 46 48 49 0 175 202 298 326 330 333 337 339 356 385 425 467 468 481 535 544 569 572 659 764 778 795 838 853 854 873 908 910 928
51.6129032258 42.8571428571 30 0 0 0 1 1 3 3 7 9 11 12 13 16 20 20 23 24 24 25 27 28 28 28 35 39 44 44 47 47 48 0 0 139 172 185 197 206 218 244 257 267 385 393 478 491 538 556 625 652 657 687 762 790 823 844 901 974 985 988 998
39.3887945671 54.0293040293 30 0 0 2 3 3 3 10 11 12 12 13 14 15 16 16 17 19 19 21 25 27 27 32 33 35 40 41 41 42 43 0 0 144 196 206 214 220 312 346 398 414 476 482 552 566 584 605 612 620 659 661 662 696 723 844 874 967 969 973 977
32.7674023769 39.5604395604 30 0 5 6 9 10 10 15 15 16 16 17 18 22 25 26 28 29 29 32 32 37 37 38 42 42 43 45 47 47 49 0 132 158 175 211 248 280 318 431 453 469 476 495 520 563 582 583 595 638 682 693 733 750 787 795 805 831 886 911 936
100.0 45.6043956044 30 0 2 2 4 4 5 7 8 9 10 12 17 19 21 23 25 26 26 27 27 31 32 34 35 37 42 45 47 48 49 0 100 100 128 133 229 297 299 333 389 404 463 473 497 513 514 714 725 731 746 752 761 799 827 832 864 887 912 941 954
56.0271646859 60.4395604396 30 0 2 2 9 10 10 10 11 11 12 13 16 16 17 18 19 21 24 26 30 33 37 37 38 41 42 43 43 44 44 0 0 120 139 142 164 168 169 172 249 349 439 439 451 464 485 490 490 527 540 573 584 597 612 632 731 751 823 901 996
86.078098472 76.5567765568 30 0 4 7 9 10 11 11 13 14 17 18 20 23 25 25 29 31 35 35 39 40 40 40 40 41 41 41 44 44 49 0 0 112 123 238 255 315 328 369 467 486 506 549 556 565 577 584 593 604 615 637 714 717 772 807 830 859 976 980 988
59.7623089983 54.0293040293 30 0 2 8 10 11 11 13 14 14 14 19 24 24 27 29 32 33 36 36 37 37 38 39 39 40 42 42 45 46 49 0 0 138 222 285 354 403 426 482 516 529 536 558 628 663 689 704 708 761 788 810 855 883 911 914 928 939 939 945 976
44.6519524618 82.2344322344 30 0 0 2 8 8 13 14 14 15 16 20 23 28 28 30 30 30 32 34 38 38 39 39 39 40 42 44 45 46 48 0 130 133 159 162 164 184 189 224 235 262 318 350 377 449 541 560 561 581 636 649 677 678 747 748 787 798 893 922 969
19.6943972835 57.326007326 30 0 0 4 5 5 9 13 14 14 15 16 18 18 20 24 24 27 27 28 30 33 34 35 36 37 38 41 41 44 49 0 149 151 154 156 206 309 367 373 405 428 448 488 523 543 565 573 632 687 695 702 706 715 730 832 848 854 956 960 979
68.5908319185 76.1904761905 30 0 1 9 9 10 12 13 15 15 19 21 27 27 29 30 30 31 31 32 34 35 36 37 37 37 37 43 45 46 47 0 153 155 175 239 357 398 427 452 472 517 519 555 591 601 616 646 664 710 747 808 818 834 840 841 855 879 907 918 967
16.9779286927 57.326007326 30 0 0 1 3 8 10 11 11 13 14 14 16 17 18 18 21 26 26 26 27 27 30 35 37 38 39 45 46 47 49 0 0 139 166 195 196 201 282 292 348 398 425 428 461 476 508 633 638 711 731 762 772 837 851 878 927 931 982 983 988
68.0814940577 41.7582417582 30 0 3 3 4 4 5 6 7 8 10 12 12 13 14 20 20 20 22 25 25 35 35 36 36 40 41 41 41 44 48 0 101 119 327 387 392 425 431 460 468 517 533 537 556 583 591 595 636 661 669 670 678 732 732 751 782 868 923 928 929
49.2359932088 66.1172161172 30 0 0 2 5 5 7 9 9 12 13 18 18 22 24 25 26 27 28 30 34 34 35 37 39 39 40 40 43 46 46 0 162 180 248 264 315 335 353 362 414 459 469 552 591 650 680 694 700 732 782 797 847 854 862 871 871 956 977 985 992
16.4685908319 25.4578754579 30 0 2 3 7 8 9 9 12 13 14 15 20 21 21 22 22 22 25 25 31 33 36 36 38 39 42 43 46 47 48 0 118 137 167 188 254 309 313 409 444 557 579 625 643 664 669 676 692 699 800 806 816 831 845 861 863 877 883 918 986
59.0831918506 69.5970695971 30 0 2 2 4 8 9 9 17 17 21 23 25 26 26 26 28 30 35 35 35 36 37 38 40 40 42 47 47 48 49 0 108 115 209 236 255 257 260 272 282 306 315 316 348 363 412 458 462 479 551 559 563 584 668 754 883 921 930 944 958
37.181663837 27.2893772894 30 0 1 3 4 4 9 9 10 10 11 13 15 15 16 17 17 25 27 30 32 33 35 36 40 41 42 45 46 47 47 0 0 187 219 289 290 297 310 316 387 387 409 463 472 529 604 617 649 670 677 750 760 763 799 812 862 862 905 905 947
47.5382003396 59.1575091575 30 0 0 4 5 8 8 9 13 13 17 17 21 24 25 26 27 28 30 30 31 31 33 35 38 39 39 40 44 45 46 0 117 152 231 248 250 280 283 311 430 448 474 481 498 501 510 514 539 542 588 622 623 646 676 753 804 885 896 969 995
29.8811544992 71.2454212454 30 0 0 1 2 4 4 6 7 10 11 13 13 15 15 16 17 17 20 28 28 28 28 32 33 38 40 40 41 45 45 0 139 187 198 231 237 372 403 407 433 482 514 519 527 534 538 568 580 602 604 630 634 679 803 809 818 857 878 884 960
63.3276740238 20.8791208791 30 0 5 6 8 8 10 11 15 16 18 22 22 24 25 25 26 28 29 30 30 32 33 35 36 36 37 41 42 43 46 0 175 243 254 277 296 307 323 405 410 434 435 439 456 479 496 509 524 547 568 601 626 653 693 701 780 783 810 953 983
29.2020373514 26.5567765568 30 0 1 2 4 4 6 7 9 16 16 17 21 23 24 25 27 29 29 29 31 34 35 38 38 40 40 42 46 47 47 0 0 126 140 180 192 204 237 248 267 289 345 371 381 394 400 451 509 511 561 569 573 627 697 782 841 847 867 882 972
46.3497453311 46.336996337 30 0 0 5 7 13 15 16 16 16 18 18 19 19 21 23 28 28 28 30 31 34 35 35 37 40 41 41 41 47 48 0 126 135 211 230 244 265 283 294 313 321 330 354 377 380 483 526 686 722 747 772 788 801 844 870 891 910 916 918 922
55.6876061121 55.1282051282 30 0 1 3 3 4 4 4 5 6 7 8 12 16 16 16 19 20 20 24 25 25 26 32 32 36 37 39 44 46 49 0 0 132 152 216 220 260 321 322 364 449 453 467 481 490 503 509 523 528 587 592 592 669 760 766 779 821 867 928 948
59.7623089983 36.8131868132 30 0 2 3 5 6 9 10 10 11 12 14 17 18 18 18 20 22 26 27 35 36 37 38 43 45 45 45 45 47 47 0 130 140 141 181 199 207 234 311 369 399 479 482 487 513 539 555 556 557 584 614 648 655 791 805 838 894 906 918 941
58.4040747029 51.0989010989 30 0 0 2 3 4 7 10 12 14 15 18 19 20 22 23 23 25 26 27 27 28 31 33 36 37 37 38 38 39 41 0 155 155 191 191 267 319 337 362 413 454 476 487 526 529 543 586 622 642 657 657 684 708 771 808 812 822 859 910 991
29.5415959253 67.5824175824 30 0 2 3 4 5 5 7 8 8 9 11 11 17 22 23 27 28 28 29 30 31 34 36 38 40 41 42 45 47 48 0 121 226 263 283 299 311 321 359 415 459 488 493 568 596 613 613 631 672 733 759 763 817 883 887 892 923 943 958 964
47.8777589134 68.1318681319 30 0 1 1 6 8 9 11 13 14 15 15 17 18 19 20 22 33 33 33 34 34 35 39 39 40 42 43 44 45 46 0 100 189 196 248 300 326 342 369 383 416 420 445 490 530 544 553 578 588 656 671 671 745 775 793 803 814 836 919 923
46.519524618 33.6996336996 30 0 1 5 7 7 8 9 10 12 14 17 17 18 19 20 23 25 26 29 31 39 40 40 42 43 44 45 45 46 47 0 0 103 137 140 173 182 210 210 270 345 368 392 497 518 527 551 603 619 627 761 798 799 802 809 826 828 925 926 933
40.5772495756 33.3333333333 30 0 1 2 4 6 7 11 11 17 18 20 22 24 25 27 29 31 32 35 36 37 38 39 40 43 46 46 47 48 49 0 140 153 157 162 251 265 325 394 421 466 520 552 597 606 615 622 624 630 641 665 696 730 774 806 809 821 885 956 988
46.8590831919 47.9853479853 30 0 0 0 1 3 4 5 8 11 11 11 13 16 16 18 20 20 21 22 26 27 28 28 29 35 38 39 42 44 46 0 107 151 200 298 360 402 416 458 477 483 516 565 567 580 594 594 602 614 652 709 735 742 774 821 827 851 852 867 936
23.7691001698 48.9010989011 30 0 4 7 9 10 11 18 19 20 20 21 22 26 27 27 27 28 28 31 32 33 33 41 42 43 44 46 47 47 47 0 139 150 233 240 246 295 307 361 407 487 555 560 595 614 634 637 653 664 683 685 692 731 731 750 769 782 813 827 888
63.4974533107 82.0512820513 30 0 1 2 2 7 10 11 14 15 15 16 16 18 23 24 24 27 27 28 31 32 35 36 38 40 41 43 43 47 49 0 0 118 171 263 265 351 352 441 460 498 503 533 541 568 581 587 606 617 632 686 722 804 832 854 863 866 887 889 896
35.6536502547 21.6117216117 30 0 1 4 6 6 6 12 17 18 19 19 19 20 24 25 27 28 28 29 31 31 31 33 34 35 39 39 42 43 48 0 0 138 139 173 186 193 216 230 235 244 271 373 401 452 466 522 530 614 685 743 750 750 802 878 880 881 895 910 920
31.5789473684 59.3406593407 30 0 1 8 8 10 12 15 17 17 22 23 23 24 24 25 27 27 29 29 31 32 34 35 38 39 43 44 44 45 45 0 117 171 187 226 234 242 246 320 356 380 403 437 490 495 501 597 649 775 809 814 845 846 912 916 933 947 961 972 995
24.1086587436 53.663003663 30 0 2 2 5 7 9 10 11 12 13 13 13 13 15 15 20 21 23 30 34 37 37 40 40 41 43 44 47 48 48 0 0 119 127 136 209 296 304 331 339 347 374 394 442 488 536 554 568 571 590 620 682 689 718 741 743 791 821 893 920
53.3106960951 53.2967032967 30 0 0 5 14 16 16 17 18 26 26 26 28 29 29 31 33 34 35 36 41 42 42 43 43 44 46 46 47 48 48 0 171 201 216 226 227 265 323 332 338 417 421 422 519 521 628 634 637 677 685 730 761 796 812 862 889 894 898 924 953
14.0916808149 51.8315018315 30 0 1 1 1 7 7 10 10 13 14 18 20 21 21 23 24 32 33 33 33 36 38 39 40 40 42 42 43 44 48 0 185 236 283 295 328 358 359 404 407 418 427 453 508 549 596 625 636 663 666 696 718 820 840 866 924 939 946 966 977
39.0492359932 88.2783882784 30 0 1 1 1 2 8 8 9 9 13 14 18 18 26 27 30 33 34 34 35 37 38 39 39 40 40 43 48 49 49 0 132 147 272 332 345 345 390 396 404 437 456 470 498 530 557 631 641 673 700 740 750 781 797 814 823 917 920 980 981
52.1222410866 58.0586080586 30 0 2 3 10 10 11 14 15 17 18 18 20 21 25 26 27 27 27 28 29 32 34 34 39 41 42 46 46 46 46 0 140 151 174 177 208 232 270 282 283 355 368 377 445 467 522 527 580 595 725 734 754 760 765 820 899 912 915 959 961
55.3480475382 29.4871794872 30 0 0 1 5 6 6 7 9 11 11 14 15 16 18 19 21 26 28 28 29 31 32 35 36 40 42 42 44 44 46 0 103 121 140 144 165 170 176 264 330 370 435 443 645 667 712 715 734 746 784 788 842 867 874 878 892 899 913 917 925
50.0848896435 43.7728937729 30 0 1 1 4 4 8 8 8 9 10 11 12 13 17 17 17 18 22 26 31 32 33 33 36 40 41 43 43 45 46 0 116 152 156 209 234 274 314 366 403 404 415 441 466 498 526 546 702 709 730 807 818 848 849 860 867 900 906 971 981
8.99830220713 66.1172161172 30 0 0 3 3 4 7 7 10 13 13 13 16 18 20 20 20 22 22 27 28 29 30 31 31 37 38 39 46 47 49 0 0 103 193 211 238 277 312 321 412 448 449 506 607 628 632 690 735 736 739 763 793 815 825 832 875 880 915 975 997
26.9949066214 59.706959707 30 0 0 0 1 3 4 4 5 9 11 11 12 12 18 22 23 23 28 28 29 30 35 35 35 36 37 39 46 48 49 0 0 142 152 164 182 213 220 225 262 291 308 323 330 363 431 476 523 644 645 683 687 727 769 826 830 905 960 970 984
48.5568760611 61.5384615385 30 0 1 1 2 7 11 11 14 15 19 23 23 23 24 27 29 29 31 36 37 37 39 41 44 44 46 46 47 47 48 0 118 183 213 228 251 253 296 351 450 459 469 485 546 599 624 646 699 702 758 770 792 811 813 847 932 939 950 953 995
43.2937181664 35.347985348 30 0 5 8 9 11 12 13 15 16 17 17 23 24 26 28 28 31 33 33 33 34 34 38 42 43 45 47 47 48 48 0 162 169 215 228 228 230 247 247 306 312 427 455 468 485 644 645 653 659 693 717 808 808 842 860 906 944 958 961 987
50.4244482173 45.7875457875 30 0 3 4 4 4 6 7 9 11 15 19 20 25 25 26 27 27 30 30 31 31 32 32 32 39 40 44 44 48 49 0 101 119 121 136 181 247 275 445 498 568 584 619 651 668 692 712 715 721 796 800 834 854 885 890 909 939 956 994 999
40.7470288625 63.1868131868 30 0 3 3 4 7 10 10 10 10 12 13 13 14 14 15 16 17 20 26 27 33 38 38 38 41 41 45 45 46 48 0 195 204 277 294 351 389 413 503 521 559 638 638 669 726 733 749 768 768 774 818 847 858 901 913 914 937 944 965 984
54.4991511036 41.5750915751 30 0 1 7 9 9 9 12 15 16 18 20 23 25 25 26 28 28 30 30 33 36 36 39 44 44 46 47 48 48 49 0 120 135 161 256 258 264 295 305 332 338 398 418 585 612 638 694 718 735 784 788 805 806 811 853 920 947 967 978 979
54.1595925297 32.2344322344 30 0 1 2 3 5 6 11 14 15 17 19 23 27 28 28 30 31 35 36 36 36 39 40 41 41 45 47 47 49 49 0 118 148 154 234 272 337 412 444 454 462 551 552 598 629 702 712 739 740 753 782 811 880 881 884 904 929 972 977 984
23.259762309 25.2747252747 30 0 3 7 11 11 11 12 13 16 16 17 17 18 19 19 21 22 23 24 26 27 29 34 35 36 36 37 43 48 49 0 113 134 141 156 161 177 199 216 224 246 265 288 358 367 397 473 495 503 529 535 622 861 887 896 922 946 955 957 974
49.0662139219 69.4139194139 30 0 0 1 3 3 4 4 5 5 10 13 14 15 19 20 24 27 28 29 30 30 31 31 31 31 34 36 39 42 49 0 164 222 249 361 366 396 407 440 448 454 454 481 485 496 503 514 532 593 604 614 646 677 706 835 848 880 925 970 979
54.3293718166 22.5274725275 30 0 4 4 7 11 12 13 14 15 17 17 21 21 22 22 23 29 31 33 33 34 35 39 39 39 41 42 42 47 49 0 0 117 119 134 177 222 225 240 269 310 312 339 385 391 507 562 594 596 603 661 705 776 824 824 828 888 913 939 958
59.0831918506 23.4432234432 30 0 1 1 1 2 2 3 4 4 7 7 10 11 11 13 17 17 18 18 20 23 24 28 31 33 35 38 39 42 46 0 0 190 201 211 215 247 310 332 345 363 399 418 437 439 474 523 569 579 637 651 679 740 772 797 826 845 886 990 992
32.0882852292 81.8681318681 30 0 0 0 1 3 5 6 6 8 16 18 19 20 22 23 24 28 30 33 34 36 41 43 43 44 45 46 48 48 48 0 126 150 199 225 267 277 292 324 351 367 382 397 441 465 504 513 531 642 654 660 674 704 777 781 831 859 867 873 878
15.1103565365 75.4578754579 30 0 1 1 4 5 8 9 11 14 14 15 19 19 19 21 24 27 29 31 32 35 36 39 42 42 44 45 46 46 48 0 123 171 174 221 225 242 244 291 301 306 315 326 362 365 366 416 425 440 525 527 593 646 773 810 825 877 896 908 956
77.0797962649 45.2380952381 30 0 1 1 2 3 4 4 7 11 11 11 12 17 17 21 25 25 26 28 29 31 33 34 34 35 36 37 44 46 47 0 129 168 181 182 223 225 240 248 261 265 293 327 338 362 391 452 458 499 522 651 654 712 741 764 853 855 870 898 920
14.2614601019 48.3516483516 30 0 0 4 7 7 8 9 9 10 12 13 15 19 20 25 25 26 27 27 29 31 31 32 35 35 39 40 41 41 48 0 104 106 138 155 310 328 376 604 610 616 657 673 684 708 724 725 728 731 747 753 770 790 791 809 833 914 929 963 977
41.2563667233 58.7912087912 30 0 9 12 12 13 14 16 17 18 19 19 20 21 21 23 23 23 23 27 31 31 31 34 34 35 36 36 37 43 43 0 0 114 123 157 160 241 251 300 302 323 334 345 350 383 384 392 394 438 447 708 714 751 755 767 780 815 843 854 995
50.0848896435 69.9633699634 30 0 1 5 5 6 6 8 9 12 16 18 21 22 23 26 26 29 31 32 32 39 40 42 43 44 46 49 49 49 49 0 100 104 266 294 299 315 367 374 374 413 425 446 498 563 563 584 634 687 703 711 736 750 800 839 880 917 992 996 998
21.0526315789 42.1245421245 30 0 0 1 8 9 10 12 12 12 12 19 20 20 21 22 24 24 25 25 32 32 33 36 37 38 38 38 40 43 47 0 114 131 140 185 192 196 251 258 262 281 301 335 407 463 497 515 579 593 606 649 656 670 698 717 755 795 847 868 929
49.9151103565 38.0952380952 30 0 1 2 3 4 6 10 12 12 13 14 15 16 19 20 22 25 27 28 29 30 30 33 33 34 34 34 41 46 49 0 101 125 129 141 172 346 358 359 393 394 409 431 476 501 617 634 738 758 796 804 834 866 881 928 942 946 961 975 978
80.9847198642 60.989010989 30 0 0 0 6 6 10 11 12 14 15 16 17 20 23 23 24 29 31 34 35 37 37 38 38 40 40 40 43 44 48 0 0 103 129 149 188 248 258 316 328 353 358 417 425 449 454 497 575 630 646 660 686 689 693 748 773 847 905 923 974
46.3497453311 46.5201465201 30 0 1 2 4 7 7 8 10 12 13 14 17 18 19 22 24 26 29 29 30 36 37 40 40 40 42 44 44 48 49 0 105 111 185 241 247 315 358 360 390 420 444 464 468 473 534 557 573 597 603 606 619 620 624 637 654 680 801 876 902
36.5025466893 40.1098901099 30 0 1 2 2 2 3 3 4 5 5 10 11 14 16 17 19 22 22 23 24 30 31 31 31 33 35 37 41 42 49 0 114 137 148 160 242 256 259 268 311 315 371 420 430 439 500 510 543 546 547 589 698 730 777 778 788 791 794 912 966
7.97962648557 45.0549450549 30 0 1 2 4 7 8 13 13 13 15 18 19 23 24 24 24 25 26 28 29 31 31 32 35 35 36 37 43 47 49 0 131 150 195 210 271 282 295 343 422 453 496 505 515 525 629 645 651 660 671 672 679 705 734 741 754 778 850 858 872
40.0679117148 67.9487179487 30 0 3 3 4 4 10 11 14 17 17 17 18 21 24 27 27 28 29 32 32 35 38 38 39 40 41 43 45 47 47 0 107 115 176 274 318 324 329 330 340 390 399 403 421 560 599 669 692 766 788 819 836 843 845 855 870 906 925 949 958
35.4838709677 51.6483516484 30 0 2 3 4 6 6 7 7 10 13 14 14 15 17 17 21 22 23 25 27 30 31 31 32 32 33 34 37 41 43 0 105 177 185 246 296 317 372 408 441 447 452 461 480 491 601 613 615 638 643 676 695 726 770 853 875 887 934 981 992
31.0696095076 41.0256410256 30 0 0 2 3 4 8 9 11 14 15 16 17 20 23 24 24 26 26 28 34 34 36 40 43 44 45 47 47 48 48 0 0 122 185 191 265 281 294 343 354 466 509 543 598 598 599 649 652 662 701 724 728 762 780 799 803 819 865 970 990
35.1443123939 90.293040293 30 0 4 5 8 8 13 14 16 16 17 21 24 25 25 27 27 27 28 32 33 35 36 38 38 40 41 45 47 49 49 0 113 139 165 170 246 257 306 310 345 412 420 439 488 503 593 599 696 709 717 729 873 876 881 928 947 950 961 966 991
32.4278438031 53.8461538462 30 0 0 1 2 4 4 5 5 5 10 12 13 13 17 21 21 22 23 24 26 28 28 31 32 35 36 36 39 45 46 0 114 135 183 239 241 249 261 267 310 330 336 361 374 376 414 434 438 460 552 595 644 661 705 782 812 816 819 928 975
41.4261460102 73.6263736264 30 0 1 1 8 8 11 12 13 13 14 16 16 18 20 21 22 23 24 26 27 33 33 34 34 37 40 43 45 46 49 0 133 162 206 243 247 258 294 311 379 393 403 421 458 481 505 529 546 575 611 653 691 750 756 847 872 916 947 959 978
64.5161290323 39.010989011 30 0 4 4 5 6 7 7 8 10 12 13 15 16 16 18 23 23 26 27 30 32 32 35 37 43 46 46 47 48 48 0 118 168 183 185 196 213 275 291 342 357 371 411 414 470 513 590 603 685 695 835 841 864 867 872 899 940 948 959 982
60.2716468591 36.8131868132 30 0 0 1 3 4 4 5 6 7 8 9 11 12 14 15 17 18 19 19 20 22 26 27 30 35 35 37 38 41 41 0 100 110 159 160 180 202 245 338 394 434 472 517 552 566 601 646 653 703 718 754 775 779 785 797 847 893 908 941 969
47.0288624788 37.3626373626 30 0 0 1 7 10 12 18 20 22 24 25 25 28 30 30 30 30 31 33 34 35 35 37 37 43 44 45 46 46 47 0 107 123 136 160 168 189 203 221 249 273 325 331 342 361 383 487 635 697 744 784 791 797 805 844 851 947 963 965 996
22.0713073005 18.8644688645 30 0 1 5 6 7 8 12 12 15 15 17 18 19 20 22 22 23 23 26 29 30 31 33 36 36 39 42 44 46 49 0 110 125 150 192 197 234 277 325 337 338 374 380 456 492 543 555 557 583 586 645 697 750 756 793 845 848 879 888 963
43.8030560272 37.7289377289 30 0 0 0 3 5 5 5 8 11 14 14 16 20 25 27 32 32 33 33 34 34 34 36 38 39 39 41 42 45 49 0 0 120 135 140 155 219 224 302 315 381 403 486 512 556 577 601 628 670 703 733 748 762 791 807 874 892 895 911 987
42.4448217317 42.1245421245 30 0 2 2 4 4 9 10 12 12 14 17 18 19 21 22 24 31 33 35 35 36 37 39 39 39 43 46 49 49 49 0 101 129 169 170 182 218 230 235 237 248 262 308 329 338 452 519 525 610 697 700 734 740 770 786 816 910 925 927 960
0.0 38.0952380952 30 0 0 1 7 7 7 8 8 12 14 16 17 19 19 23 26 27 27 33 33 34 34 37 38 40 43 43 44 48 49 0 0 124 145 155 172 269 270 298 352 372 395 434 447 458 500 535 553 562 652 678 680 694 731 765 795 826 882 927 953
72.6655348048 36.8131868132 30 0 1 2 3 3 6 8 9 10 16 18 18 19 21 23 24 25 26 28 34 34 34 37 39 43 44 45 45 47 49 0 102 145 159 162 193 217 220 242 249 265 307 308 370 385 457 480 551 566 596 666 675 682 764 798 824 834 835 856 998
28.6926994907 54.3956043956 30 0 2 3 5 6 6 7 9 13 13 13 14 15 23 26 27 28 28 29 33 35 38 39 39 40 40 43 44 44 47 0 166 173 241 323 363 385 462 466 472 473 510 522 531 557 558 560 561 589 723 733 734 742 761 852 876 958 968 970 985
19.1850594228 46.336996337 30 0 1 2 2 3 6 7 10 11 12 14 16 21 21 23 23 26 27 29 29 30 30 31 37 38 38 40 42 43 47 0 107 117 179 184 290 317 345 351 389 395 504 505 526 537 563 605 626 715 748 748 750 779 795 818 821 896 906 947 962
46.8590831919 25.641025641 30 0 4 5 6 6 9 9 9 10 11 12 12 14 20 22 22 29 31 32 32 33 37 38 40 41 44 45 48 49 49 0 140 165 185 185 241 296 351 388 426 477 479 526 527 569 578 729 752 804 808 824 832 839 854 864 893 899 914 938 968
42.9541595925 51.4652014652 30 0 7 8 10 10 12 15 17 17 18 19 23 26 27 30 31 33 33 34 35 37 39 40 40 41 46 47 48 48 49 0 147 150 179 212 220 249 283 305 326 337 354 443 479 488 518 523 593 598 608 611 659 689 813 831 878 880 881 904 996
50.7640067912 35.7142857143 30 0 1 2 3 4 4 4 6 6 8 10 11 13 14 16 19 21 24 27 27 31 31 31 32 32 36 37 46 48 49 0 0 105 137 212 220 221 229 327 350 350 357 364 373 383 547 668 676 714 717 733 759 783 832 892 909 924 926 982 989
40.0679117148 15.7509157509 30 0 0 2 2 2 6 7 10 13 13 15 17 18 20 20 21 22 23 24 25 26 27 33 40 42 43 43 46 47 48 0 0 107 139 200 229 254 273 295 392 394 396 403 425 469 599 625 657 717 731 798 807 822 846 874 879 926 928 990 994
45.5008488964 76.7399267399 30 0 6 8 9 10 11 13 14 15 23 24 25 25 26 26 33 34 34 34 36 37 38 38 38 39 41 42 49 49 49 0 0 125 219 235 241 278 305 341 354 361 372 385 465 489 515 555 561 572 581 614 624 665 725 738 770 804 861 893 935
36.5025466893 78.5714285714 30 0 0 1 3 4 5 8 9 9 10 12 12 13 18 19 22 24 30 30 31 33 33 34 34 35 38 42 43 49 49 0 225 234 283 325 335 387 400 465 496 548 560 590 631 662 669 691 706 717 729 781 782 811 812 843 849 858 876 903 958
40.4074702886 100.0 30 0 0 1 1 2 2 11 12 13 17 18 20 23 25 28 28 30 35 35 38 39 41 41 43 44 44 45 45 45 48 0 0 108 114 170 175 194 215 249 264 281 291 291 342 364 442 454 466 478 491 573 637 680 764 786 797 857 878 915 959
41.935483871 88.4615384615 30 0 0 1 2 2 2 2 3 4 4 5 5 7 9 10 16 18 19 20 24 26 28 29 30 38 41 42 43 44 48 0 145 162 184 207 264 293 321 341 342 372 395 411 493 493 572 608 659 677 716 722 731 821 846 869 888 911 941 946 972
16.9779286927 55.6776556777 30 0 0 0 3 3 3 5 6 7 10 11 13 13 16 17 17 19 22 25 29 30 31 35 35 40 40 43 46 47 47 0 124 165 176 182 198 240 244 333 335 386 434 512 551 554 585 590 592 626 635 716 751 811 819 892 908 908 915 965 973
235
46.3178294574 73.3887733888 9
20.3488372093 64.4490644491 5
35.2713178295 49.0644490644 9
25.3875968992 37.8378378378 4
67.8294573643 71.1018711019 1
74.2248062016 54.6777546778 7
34.496124031 46.7775467775 8
63.3720930233 61.9542619543 7
70.5426356589 50.3118503119 4
25.0 27.4428274428 2
75.5813953488 46.7775467775 3
72.2868217054 39.501039501 4
60.0775193798 78.1704781705 7
40.8914728682 36.1746361746 8
68.992248062 51.1434511435 8
71.3178294574 54.4698544699 3
33.9147286822 92.0997920998 9
24.2248062016 45.5301455301 7
83.1395348837 31.3929313929 3
61.8217054264 24.948024948 7
30.2325581395 61.3305613306 6
86.4341085271 62.1621621622 6
65.8914728682 37.0062370062 3
58.1395348837 49.4802494802 9
63.7596899225 58.0041580042 2
42.8294573643 53.0145530146 8
37.7906976744 57.7962577963 8
42.8294573643 40.1247401247 4
66.0852713178 33.4719334719 3
40.6976744186 17.6715176715 9
62.015503876 64.656964657 3
34.8837209302 63.6174636175 6
65.8914728682 54.8856548857 6
25.5813953488 51.9750519751 1
70.7364341085 41.1642411642 3
56.2015503876 37.6299376299 8
3.68217054264 48.8565488565 8
71.7054263566 48.8565488565 8
51.3565891473 65.6964656965 3
51.3565891473 29.9376299376 6
70.7364341085 41.58004158 8
75.1937984496 41.3721413721 3
56.2015503876 43.0353430353 6
43.4108527132 83.7837837838 1
25.9689922481 15.8004158004 2
70.1550387597 34.3035343035 9
53.1007751938 45.9459459459 1
59.1085271318 52.182952183 4
57.9457364341 67.9833679834 9
37.015503876 43.8669438669 3
29.0697674419 45.3222453222 9
33.5271317829 37.0062370062 6
54.4573643411 56.5488565489 1
67.0542635659 43.0353430353 2
45.7364341085 46.3617463617 8
69.9612403101 57.5883575884 5
41.6666666667 5.61330561331 2
56.3953488372 63.4095634096 7
67.0542635659 46.7775467775 8
55.4263565891 42.6195426195 5
75.1937984496 20.79002079 1
36.0465116279 54.8856548857 4
44.5736434109 68.6070686071 6
9.68992248062 24.948024948 6
63.7596899225 33.4719334719 9
38.5658914729 70.6860706861 6
42.4418604651 68.814968815 9
65.3100775194 84.8232848233 7
55.4263565891 85.446985447 1
45.7364341085 75.051975052 1
57.9457364341 80.6652806653 5
40.3100775194 39.2931392931 4
37.984496124 61.3305613306 3
32.7519379845 34.0956340956 6
58.1395348837 38.8773388773 8
39.9224806202 41.58004158 4
30.2325581395 50.9355509356 4
47.480620155 62.3700623701 3
46.7054263566 91.683991684 5
43.2170542636 29.5218295218 7
56.2015503876 85.0311850312 1
31.5891472868 37.2141372141 3
49.0310077519 9.97920997921 3
37.4031007752 24.7401247401 8
66.0852713178 13.5135135135 7
31.007751938 35.9667359667 7
21.1240310078 64.656964657 6
44.9612403101 10.1871101871 9
55.6201550388 44.4906444906 2
49.8062015504 6.44490644491 3
45.7364341085 39.0852390852 5
44.3798449612 69.0228690229 1
62.7906976744 65.0727650728 4
30.6201550388 69.0228690229 4
50.9689922481 75.2598752599 4
29.0697674419 50.3118503119 6
18.992248062 69.4386694387 3
32.3643410853 27.2349272349 4
59.6899224806 18.2952182952 6
57.1705426357 59.0436590437 1
39.1472868217 54.0540540541 6
56.2015503876 63.6174636175 5
26.5503875969 53.2224532225 4
51.7441860465 27.8586278586 1
35.6589147287 66.9438669439 5
63.7596899225 70.0623700624 1
27.1317829457 47.4012474012 3
49.6124031008 63.6174636175 5
17.2480620155 45.9459459459 1
64.7286821705 50.9355509356 9
31.7829457364 51.9750519751 8
45.1550387597 20.79002079 5
93.6046511628 14.9688149688 8
71.8992248062 44.4906444906 3
50.3875968992 0.2079002079 7
65.3100775194 45.5301455301 6
51.3565891473 74.8440748441 2
65.3100775194 42.4116424116 1
56.976744186 74.0124740125 3
43.7984496124 33.6798336798 9
43.4108527132 96.6735966736 4
58.9147286822 58.2120582121 5
30.0387596899 30.5613305613 5
58.1395348837 34.7193347193 3
12.4031007752 37.6299376299 1
16.8604651163 74.4282744283 4
47.6744186047 48.8565488565 2
27.9069767442 86.0706860707 3
33.7209302326 58.8357588358 7
72.480620155 75.051975052 9
50.1937984496 62.9937629938 3
31.2015503876 63.6174636175 9
63.5658914729 58.0041580042 6
16.4728682171 30.9771309771 7
42.0542635659 38.4615384615 4
57.9457364341 62.7858627859 5
22.2868217054 41.58004158 5
53.6821705426 31.6008316008 4
58.3333333333 28.4823284823 4
35.4651162791 65.4885654886 4
41.0852713178 49.896049896 3
19.7674418605 67.9833679834 5
37.015503876 1.6632016632 7
72.8682170543 33.0561330561 3
89.7286821705 39.501039501 9
37.015503876 33.6798336798 1
21.3178294574 70.4781704782 6
62.4031007752 80.8731808732 5
73.2558139535 49.4802494802 7
50.1937984496 58.2120582121 3
71.8992248062 3.3264033264 4
65.1162790698 46.3617463617 6
2.32558139535 27.4428274428 9
88.9534883721 61.3305613306 9
77.1317829457 85.0311850312 8
48.4496124031 56.1330561331 9
59.1085271318 29.7297297297 4
21.8992248062 58.41995842 5
31.5891472868 73.8045738046 6
49.2248062016 79.0020790021 7
68.023255814 44.4906444906 5
96.1240310078 53.0145530146 3
66.8604651163 0.0 6
87.5968992248 69.0228690229 2
45.3488372093 45.738045738 1
27.519379845 58.2120582121 3
47.6744186047 30.3534303534 7
57.3643410853 66.9438669439 7
13.7596899225 61.9542619543 2
68.6046511628 70.6860706861 8
53.8759689922 69.0228690229 8
64.9224806202 68.814968815 6
40.503875969 76.5072765073 9
57.1705426357 37.6299376299 1
74.2248062016 53.0145530146 7
63.3720930233 46.9854469854 6
18.7984496124 54.261954262 1
68.4108527132 22.2453222453 2
33.9147286822 91.8918918919 7
29.2635658915 30.9771309771 1
43.023255814 42.6195426195 8
61.8217054264 61.1226611227 4
59.8837209302 65.2806652807 8
36.4341085271 46.3617463617 5
55.2325581395 45.9459459459 1
59.3023255814 63.4095634096 3
61.8217054264 63.8253638254 3
26.5503875969 32.0166320166 7
82.1705426357 28.4823284823 5
47.6744186047 35.5509355509 6
75.9689922481 26.8191268191 6
27.519379845 66.9438669439 1
67.6356589147 49.6881496881 2
50.0 78.5862785863 6
80.6201550388 53.0145530146 1
73.4496124031 35.343035343 5
63.7596899225 33.6798336798 1
21.511627907 64.2411642412 4
30.4263565891 68.6070686071 7
54.4573643411 33.6798336798 1
61.8217054264 67.7754677755 5
30.0387596899 75.051975052 6
92.0542635659 42.2037422037 4
54.4573643411 81.9126819127 9
0.0 52.3908523909 7
100.0 58.8357588358 4
71.1240310078 4.5738045738 5
17.0542635659 49.896049896 9
38.3720930233 17.6715176715 6
49.6124031008 0.4158004158 2
67.0542635659 37.422037422 7
65.6976744186 62.9937629938 7
55.8139534884 35.343035343 7
17.0542635659 65.2806652807 9
73.6434108527 51.7671517672 1
63.7596899225 26.1954261954 3
40.503875969 100.0 7
50.0 96.4656964657 5
42.4418604651 79.6257796258 2
46.1240310078 38.0457380457 1
56.7829457364 35.9667359667 7
62.7906976744 56.5488565489 9
31.2015503876 22.2453222453 4
65.1162790698 39.9168399168 3
39.7286821705 45.9459459459 8
60.6589147287 44.6985446985 2
31.2015503876 15.8004158004 6
49.0310077519 65.0727650728 2
44.9612403101 13.7214137214 2
20.7364341085 62.9937629938 5
61.6279069767 19.9584199584 2
19.7674418605 62.9937629938 8
37.4031007752 52.3908523909 9
96.511627907 77.130977131 1
40.503875969 45.738045738 7
