273
52.2243713733 70.0 21 0 1 1 5 7 18 19 21 22 24 30 32 32 34 36 38 42 44 47 48 48 0 196 208 233 265 297 330 333 333 395 414 416 444 608 623 734 740 762 833 875 888
63.829787234 38.813559322 21 0 0 4 4 5 6 11 11 20 22 24 27 31 32 33 36 38 42 47 48 48 0 0 185 205 217 280 288 330 335 358 428 506 594 650 707 709 788 826 832 857 864
52.6112185687 52.2033898305 21 0 0 2 4 5 14 14 16 19 20 21 21 24 25 26 29 32 36 37 40 49 0 102 193 203 262 334 380 405 430 439 455 716 740 781 784 786 819 850 902 959 964
62.0889748549 43.8983050847 21 0 1 2 3 10 14 17 18 22 24 28 29 34 35 36 37 40 40 43 44 47 0 0 165 174 200 275 311 318 334 338 339 443 453 485 488 513 517 666 684 698 728
63.4429400387 59.8305084746 21 0 1 4 6 6 20 21 22 23 27 32 33 35 38 39 42 43 44 45 46 46 0 171 203 212 296 326 328 415 424 445 473 497 550 585 585 602 608 608 770 839 878
67.1179883946 29.8305084746 21 0 0 9 11 12 12 16 16 18 24 27 28 29 34 35 37 40 41 43 44 45 0 0 103 137 163 219 331 340 382 386 399 425 444 495 563 568 570 591 888 986 990
73.500967118 8.13559322034 21 0 11 13 14 18 19 22 22 23 25 26 27 32 32 34 34 34 37 40 41 49 0 158 213 213 257 285 363 367 368 383 393 400 417 493 508 620 735 792 814 897 927
26.8858800774 64.2372881356 21 0 0 0 8 9 9 10 12 14 18 19 20 22 27 30 34 35 38 39 40 48 0 141 147 292 394 496 504 534 591 663 666 693 694 702 791 820 851 873 926 955 983
33.2688588008 67.6271186441 21 0 2 8 9 10 10 13 16 16 23 25 25 26 29 30 35 37 39 43 43 44 0 143 148 160 273 289 314 463 523 531 559 591 652 774 869 907 951 962 964 980 987
56.8665377176 72.7118644068 21 0 0 3 6 10 14 14 17 18 23 27 28 30 35 40 44 44 48 49 49 49 0 0 101 162 229 241 246 282 299 311 325 492 542 559 594 704 801 837 847 882 966
31.914893617 56.2711864407 21 0 0 3 4 5 6 6 9 10 17 17 19 21 23 25 26 30 35 36 41 43 0 0 124 232 239 243 336 354 401 411 431 462 562 606 642 674 786 861 931 962 999
45.4545454545 59.1525423729 21 0 0 1 3 8 8 11 11 23 23 29 31 32 35 37 38 40 42 46 47 49 0 0 100 136 137 259 332 334 354 368 404 430 450 478 652 697 726 779 794 803 885
60.9284332689 56.9491525424 21 0 3 4 8 9 12 18 22 26 27 32 34 35 39 40 42 47 47 48 49 49 0 0 148 163 204 257 267 282 300 379 381 490 499 600 649 718 766 874 892 906 909
28.8201160542 46.1016949153 21 0 3 6 8 10 10 12 15 16 16 16 21 24 26 30 31 41 44 46 47 49 0 0 129 145 237 244 295 542 572 608 612 639 658 713 893 919 952 958 970 976 990
62.4758220503 64.406779661 21 0 1 7 7 9 9 13 19 19 24 25 27 31 32 35 35 37 39 41 48 48 0 110 111 212 265 333 342 344 360 360 372 380 499 506 529 573 626 647 666 724 924
40.0386847195 50.1694915254 21 0 1 6 13 15 15 16 20 20 24 25 25 26 27 28 29 30 34 35 38 38 0 142 219 291 325 326 468 517 529 555 609 644 723 740 841 875 880 939 949 971 981
46.2282398453 46.4406779661 21 0 4 6 7 9 9 13 13 14 17 18 21 23 24 25 25 27 30 37 41 41 0 136 181 190 233 257 298 327 338 340 406 510 541 583 587 612 726 742 779 789 845
39.8452611219 72.2033898305 21 0 3 7 10 12 16 17 23 23 24 25 26 27 31 33 35 37 42 43 43 45 0 0 102 105 128 130 143 164 207 208 212 293 389 472 505 647 656 676 791 845 899
38.8781431335 42.7118644068 21 0 2 2 11 15 16 20 21 24 24 25 26 27 27 29 29 30 32 34 35 43 0 117 149 270 285 366 393 394 448 527 575 578 655 732 757 842 896 910 946 968 982
78.7234042553 30.0 21 0 7 11 17 19 19 25 27 28 30 31 34 36 36 40 41 45 46 48 48 48 0 0 107 122 160 166 188 192 195 251 288 328 387 441 496 514 689 908 973 976 989
7.73694390716 52.0338983051 21 0 3 6 6 14 15 16 19 24 26 30 31 33 33 34 34 39 41 43 45 46 0 0 117 149 165 262 288 299 339 375 412 417 505 531 569 583 619 647 653 792 955
53.3849129594 41.186440678 21 0 0 0 4 8 14 17 17 18 19 21 21 22 23 31 32 32 32 35 36 49 0 0 147 194 335 344 356 414 482 524 531 563 597 708 759 806 861 872 886 933 970
82.3984526112 40.0 21 0 0 3 4 5 5 9 11 13 14 17 22 24 30 41 41 42 44 45 46 48 0 125 183 211 227 406 461 462 511 527 560 715 727 867 874 876 883 922 924 974 988
60.3481624758 58.6440677966 21 0 0 1 1 3 4 4 4 5 5 25 30 30 31 33 33 39 40 41 44 46 0 118 198 218 227 258 300 312 314 317 435 464 494 553 558 564 639 725 823 877 942
78.1431334623 38.813559322 21 0 2 7 9 10 11 11 11 13 15 16 20 22 22 26 29 31 34 39 46 49 0 0 105 194 234 295 328 338 390 395 407 473 496 533 650 653 690 815 819 912 952
70.5996131528 51.3559322034 21 0 1 3 4 11 19 20 22 23 25 26 31 31 32 36 37 41 42 44 44 48 0 0 112 127 154 171 175 198 250 263 367 464 556 584 594 623 647 684 794 865 969
42.3597678917 49.4915254237 21 0 8 9 11 13 14 15 16 18 25 28 29 30 30 35 36 37 40 42 42 46 0 119 157 157 310 312 314 316 366 405 484 528 602 642 652 705 759 805 846 857 996
64.9903288201 23.2203389831 21 0 0 4 7 12 14 15 18 20 21 25 27 28 29 29 30 31 31 43 46 49 0 248 338 391 442 459 497 506 599 632 640 646 748 753 820 851 895 904 906 930 963
72.1470019342 48.4745762712 21 0 3 4 6 9 10 16 20 21 24 28 30 31 32 40 41 41 42 42 44 45 0 0 147 160 257 310 319 331 387 421 492 495 520 563 625 683 770 778 836 856 981
60.3481624758 6.61016949153 21 0 1 4 6 8 14 15 17 19 24 25 25 26 29 30 33 37 38 39 44 48 0 0 131 333 336 438 445 447 460 493 571 644 647 647 714 718 800 835 866 955 990
23.0174081238 79.6610169492 21 0 5 6 7 9 10 12 21 21 21 30 32 33 33 33 35 38 41 44 48 49 0 103 118 152 160 177 227 271 338 386 489 522 540 582 718 815 829 879 886 927 995
58.6073500967 33.3898305085 21 0 0 2 7 7 13 17 18 18 22 22 24 25 28 29 33 35 35 40 41 42 0 122 173 207 229 282 335 337 455 525 527 593 651 703 704 705 838 881 924 940 973
57.4468085106 46.4406779661 21 0 0 2 5 5 8 17 18 18 18 21 22 25 27 30 31 34 35 37 37 43 0 102 128 141 169 224 230 285 291 297 343 444 446 486 529 549 560 599 611 939 942
74.6615087041 56.7796610169 21 0 0 2 7 9 10 12 19 19 23 23 27 30 30 35 36 36 38 42 46 46 0 100 117 144 218 279 337 339 479 522 575 595 601 677 711 714 716 767 779 811 985
19.1489361702 40.3389830508 21 0 2 6 11 13 17 19 20 21 22 26 29 33 34 34 37 38 39 41 42 47 0 119 123 187 358 392 409 562 567 570 597 628 631 719 745 796 800 813 823 902 999
63.6363636364 63.0508474576 21 0 0 1 4 8 10 11 15 18 19 20 27 27 30 35 36 38 40 42 44 47 0 0 184 236 253 269 331 340 426 519 563 646 682 696 707 738 742 899 904 942 994
37.1373307544 25.4237288136 21 0 0 1 1 2 5 6 7 7 8 12 15 18 27 33 34 36 39 41 45 49 0 0 117 156 261 289 369 417 481 493 533 580 669 692 717 720 729 825 825 924 992
71.3733075435 46.7796610169 21 0 2 2 5 6 10 11 15 16 19 19 20 22 22 26 28 30 30 36 46 48 0 126 214 292 297 377 380 470 475 496 526 571 585 608 618 785 799 814 829 873 984
63.829787234 59.1525423729 21 0 8 9 11 14 15 26 26 26 26 27 29 36 39 40 40 40 41 45 46 48 0 217 253 343 377 385 416 452 556 562 610 679 688 739 750 757 772 814 816 865 892
64.2166344294 67.2881355932 21 0 0 2 6 9 11 14 16 16 17 28 28 29 29 30 31 32 34 34 36 44 0 120 152 162 204 270 434 482 528 545 635 644 646 701 801 801 861 863 915 923 991
94.584139265 34.406779661 21 0 2 5 11 11 14 17 18 18 20 20 22 28 28 28 31 33 38 39 41 46 0 120 173 181 226 243 253 258 308 328 455 554 620 672 675 706 719 732 923 935 981
63.4429400387 37.9661016949 21 0 2 7 7 16 17 17 17 17 22 27 27 29 29 31 32 35 35 38 42 44 0 0 131 155 227 272 300 434 479 550 554 567 627 663 734 739 760 781 898 935 940
52.0309477756 57.4576271186 21 0 0 2 7 11 13 13 16 18 23 29 29 31 31 32 43 43 43 44 45 47 0 128 145 175 236 272 291 336 363 379 396 495 497 604 653 753 817 824 865 914 917
57.4468085106 77.1186440678 21 0 4 6 6 6 7 10 11 14 20 21 24 25 34 35 37 41 43 46 47 48 0 160 185 216 294 340 384 512 547 557 593 627 682 682 703 707 720 723 829 838 900
59.5744680851 73.3898305085 21 0 0 4 7 10 12 15 15 16 17 18 19 20 24 25 27 33 34 38 39 46 0 147 314 315 385 483 525 554 573 610 613 615 716 734 763 772 805 811 813 889 911
51.6441005803 42.7118644068 21 0 1 2 3 5 6 6 14 15 18 19 19 20 24 25 29 39 42 46 47 48 0 0 167 209 236 298 313 504 621 645 666 671 701 713 768 775 913 925 947 954 957
41.3926499033 41.8644067797 21 0 0 1 4 5 5 13 21 22 24 25 26 33 36 42 42 43 43 44 45 47 0 104 171 189 337 383 404 427 572 618 625 631 646 701 714 759 781 813 814 882 949
11.0251450677 29.1525423729 21 0 1 1 4 6 7 8 11 11 21 30 32 34 37 38 41 41 42 42 48 48 0 208 226 308 309 322 419 431 439 444 521 585 625 655 770 846 905 942 965 971 972
58.413926499 46.1016949153 21 0 2 3 3 15 15 16 16 18 20 21 22 27 31 39 41 44 46 47 48 48 0 153 175 186 225 240 243 348 382 386 411 436 489 572 645 673 708 716 774 887 939
32.1083172147 22.0338983051 21 0 0 3 4 9 13 14 15 15 17 24 27 27 28 30 35 35 37 37 38 45 0 142 238 246 269 373 401 422 428 466 478 480 524 557 754 754 778 892 916 998 999
24.9516441006 67.7966101695 21 0 1 3 6 15 16 16 20 21 23 27 29 31 34 34 38 38 43 43 49 49 0 0 133 179 223 238 242 303 346 422 493 575 588 603 666 708 798 846 861 862 931
68.665377176 56.1016949153 21 0 1 4 7 9 16 17 18 20 20 21 25 29 29 31 33 34 38 40 43 45 0 0 130 227 271 294 331 335 380 450 454 466 496 519 602 682 707 710 717 729 737
47.001934236 48.813559322 21 0 0 0 1 3 4 7 11 17 20 21 23 23 27 31 34 34 35 39 48 48 0 0 100 161 169 287 290 327 391 396 420 490 520 658 662 781 852 872 887 962 974
81.2379110251 42.5423728814 21 0 2 4 4 4 7 7 7 12 16 17 18 20 23 26 26 33 33 34 49 49 0 102 121 157 179 190 213 330 346 366 565 580 637 683 750 751 761 796 854 877 901
71.5667311412 34.406779661 21 0 2 3 3 5 12 17 23 27 27 29 30 32 32 34 35 36 41 42 46 46 0 0 159 162 192 309 329 337 381 385 412 456 468 585 611 623 630 669 721 721 805
69.2456479691 53.8983050847 21 0 0 3 9 10 14 19 20 24 24 25 27 30 32 35 35 36 36 38 45 48 0 0 158 267 336 439 448 516 523 547 624 672 741 748 814 817 822 840 863 926 989
0.0 39.4915254237 21 0 0 3 3 3 4 4 21 24 25 33 35 35 36 37 40 41 46 47 47 49 0 107 150 156 217 243 319 333 403 423 428 453 603 713 739 758 761 771 794 846 964
47.582205029 100.0 21 0 0 0 2 4 4 11 16 23 26 29 30 32 33 37 40 42 42 43 46 48 0 163 196 350 387 432 435 467 485 520 579 611 652 796 799 841 884 904 962 992 993
72.7272727273 64.0677966102 21 0 4 7 13 14 15 19 21 21 22 23 24 27 28 31 32 33 37 37 41 44 0 137 193 233 331 363 378 410 419 461 484 522 524 544 574 629 630 659 672 774 936
33.8491295938 30.3389830508 21 0 1 1 2 16 18 21 22 23 24 27 28 29 33 37 43 43 44 47 48 48 0 250 268 391 395 419 428 431 432 497 520 576 612 674 718 763 765 786 853 905 971
56.0928433269 41.8644067797 21 0 0 9 12 14 18 19 20 20 21 24 25 25 27 32 33 44 44 44 47 49 0 170 180 312 327 330 347 353 373 377 425 474 618 740 761 788 789 879 942 942 986
25.7253384913 60.8474576271 21 0 1 8 9 10 10 12 13 15 16 16 19 19 29 30 35 38 41 44 44 46 0 0 102 142 285 381 383 394 497 508 540 584 614 656 683 718 818 826 831 853 977
34.2359767892 17.6271186441 21 0 1 2 5 7 12 16 17 18 29 30 31 31 31 35 35 37 46 46 46 47 0 0 132 147 169 197 264 380 396 422 423 434 435 517 597 607 681 845 882 950 995
57.6402321083 46.4406779661 21 0 0 1 6 7 8 12 14 16 17 20 21 21 26 31 35 36 36 37 41 47 0 0 105 134 163 250 255 315 442 455 510 525 616 666 701 730 742 885 967 973 974
91.4893617021 38.6440677966 21 0 6 9 9 10 16 18 21 24 27 28 31 32 36 38 41 44 45 47 48 49 0 176 225 263 289 293 296 319 404 405 491 495 533 544 587 634 704 800 841 845 922
48.9361702128 32.5423728814 21 0 0 1 7 11 12 12 16 17 17 28 29 30 38 39 40 41 44 44 45 47 0 113 115 161 201 206 257 271 291 329 401 485 492 604 661 664 766 772 892 961 976
23.9845261122 34.7457627119 21 0 0 7 8 9 10 12 17 17 22 23 24 27 27 34 43 46 47 47 48 49 0 147 214 264 279 291 355 430 447 460 464 467 483 557 692 697 755 758 844 856 939
58.6073500967 53.3898305085 21 0 1 7 8 8 9 10 11 11 16 16 21 29 33 33 34 38 39 40 46 48 0 0 110 112 175 267 327 384 385 413 559 560 562 566 567 582 585 672 824 833 893
62.4758220503 27.9661016949 21 0 0 1 2 6 6 9 12 17 18 21 22 26 27 28 29 31 34 35 38 39 0 140 202 210 253 347 347 382 459 464 485 600 736 742 841 863 865 876 887 979 997
73.8878143133 66.7796610169 21 0 1 3 11 12 12 13 16 16 17 19 25 26 29 36 38 38 40 40 45 46 0 0 120 194 312 390 426 427 431 437 465 545 555 733 793 805 849 908 913 981 982
31.914893617 57.4576271186 21 0 0 1 1 3 6 6 6 9 10 14 15 17 19 20 21 22 25 34 34 40 0 111 207 290 297 362 367 384 425 440 573 592 630 641 791 857 860 864 978 983 985
48.5493230174 90.6779661017 21 0 3 6 11 22 23 26 27 27 33 35 36 36 36 36 43 43 46 48 48 48 0 105 110 163 165 225 248 300 391 401 494 599 627 759 825 829 872 891 979 987 994
79.8839458414 52.5423728814 21 0 0 0 1 1 4 10 13 15 15 17 21 22 32 33 35 36 38 38 45 49 0 118 137 174 203 282 291 324 345 446 472 499 527 535 576 642 666 809 860 876 934
72.1470019342 38.3050847458 21 0 0 0 3 10 11 11 12 15 15 16 18 25 26 27 28 32 36 44 47 49 0 0 191 196 218 245 349 395 449 457 547 610 614 615 674 686 730 792 796 824 965
64.6034816248 42.0338983051 21 0 3 8 13 13 17 25 26 27 27 28 28 28 29 29 32 35 38 39 47 48 0 172 238 254 361 445 445 504 548 595 609 642 645 693 719 792 802 816 937 960 980
76.9825918762 42.8813559322 21 0 0 0 1 2 5 6 7 11 12 12 16 18 24 27 27 28 30 38 43 46 0 107 197 210 347 368 378 463 474 488 489 509 520 565 686 731 752 754 851 854 956
59.1876208897 78.9830508475 21 0 1 3 3 4 4 6 7 13 14 16 17 18 32 32 36 36 36 38 39 41 0 103 159 185 284 332 337 340 375 399 417 420 532 612 613 728 801 858 916 922 975
42.746615087 80.1694915254 21 0 0 2 2 6 9 9 14 14 18 20 24 30 34 34 42 43 44 45 46 47 0 188 217 249 298 328 387 460 473 536 584 656 660 675 677 765 850 864 976 990 999
42.5531914894 30.5084745763 21 0 1 4 7 7 10 24 27 28 29 30 30 30 31 34 41 42 42 42 45 47 0 143 170 240 250 311 316 329 345 375 394 398 398 458 583 593 622 745 910 920 935
69.6324951644 67.7966101695 21 0 2 3 7 8 10 16 16 17 22 22 23 25 29 29 29 29 30 36 44 49 0 189 192 395 476 485 507 511 555 601 625 659 688 696 752 809 830 968 986 989 991
55.7059961315 15.2542372881 21 0 14 14 16 19 19 20 22 25 26 27 31 32 34 34 38 39 43 45 45 49 0 147 195 235 239 249 251 329 467 527 548 655 658 684 690 789 794 814 841 893 964
62.669245648 29.8305084746 21 0 3 5 10 13 18 18 19 19 23 27 27 31 33 38 38 41 43 44 47 49 0 102 334 358 411 415 426 515 577 606 641 647 761 841 847 856 926 947 948 969 975
89.9419729207 58.3050847458 21 0 0 3 8 9 11 15 26 26 27 30 30 32 33 39 40 40 41 41 42 48 0 102 115 120 204 441 529 533 575 604 655 682 712 788 831 848 885 913 917 919 927
48.1624758221 58.813559322 21 0 2 3 5 11 13 17 19 22 33 36 37 37 38 38 39 40 42 42 45 46 0 129 135 157 220 229 290 303 529 611 625 638 668 693 700 708 733 866 871 947 956
66.3442940039 49.3220338983 21 0 1 9 11 12 15 17 19 20 24 25 25 27 32 34 37 41 45 49 49 49 0 117 157 205 273 289 363 403 404 409 486 500 615 670 741 814 860 860 924 940 972
63.249516441 39.8305084746 21 0 1 2 3 4 6 9 9 13 13 16 24 25 30 33 38 39 39 42 43 49 0 0 126 148 177 287 321 405 418 444 462 464 545 651 741 796 812 852 864 917 937
77.3694390716 5.25423728814 21 0 6 9 11 11 11 13 16 16 18 21 22 28 30 35 36 38 40 41 47 49 0 107 109 190 190 236 415 486 498 506 535 601 604 705 736 762 775 796 814 865 902
41.7794970986 65.4237288136 21 0 1 2 4 5 6 9 18 23 24 25 29 33 33 36 36 37 41 44 46 49 0 151 235 255 269 363 397 449 456 494 527 546 606 619 622 809 823 846 889 897 976
82.0116054159 44.5762711864 21 0 1 4 6 11 13 16 19 20 23 30 34 34 35 39 40 40 42 46 48 49 0 112 198 219 242 291 325 398 444 445 466 487 551 580 589 614 631 787 800 818 927
43.7137330754 60.6779661017 21 0 0 1 2 3 3 4 5 12 12 14 14 14 20 34 37 39 41 41 42 49 0 0 163 192 218 227 278 312 345 360 389 422 463 566 578 609 650 660 743 764 810
52.0309477756 65.0847457627 21 0 0 3 4 4 9 9 21 22 22 23 26 35 35 36 39 40 41 44 45 45 0 110 139 164 182 251 329 356 361 391 467 479 623 694 750 763 808 824 828 884 914
40.2321083172 28.9830508475 21 0 0 0 2 6 7 13 15 19 25 26 27 29 35 36 40 43 43 44 45 48 0 203 214 263 279 368 473 490 502 509 519 611 713 744 788 793 809 823 854 887 912
37.5241779497 66.4406779661 21 0 0 2 5 7 8 8 8 17 25 26 32 35 35 38 38 39 40 40 40 49 0 113 172 225 234 242 293 362 363 421 440 453 457 503 531 587 617 696 699 784 840
47.9690522244 42.7118644068 21 0 2 4 5 13 16 17 19 20 20 21 30 31 33 35 35 39 41 45 48 49 0 0 110 115 160 228 325 359 503 530 626 715 726 751 836 837 894 920 921 930 990
17.6015473888 73.2203389831 21 0 9 10 11 15 20 23 25 25 32 32 33 37 38 40 40 41 46 47 48 49 0 109 154 173 229 318 342 386 443 465 485 620 638 660 741 742 743 877 948 972 975
67.5048355899 25.2542372881 21 0 3 9 10 11 12 15 20 24 25 26 28 37 41 41 42 43 45 45 46 47 0 104 163 227 245 248 359 379 384 404 587 594 673 693 813 830 851 862 889 892 926
72.1470019342 29.4915254237 21 0 1 7 9 10 10 11 15 16 21 25 26 28 28 33 34 37 38 45 45 49 0 190 216 296 336 439 476 478 532 571 647 652 684 728 770 797 833 846 851 873 882
69.4390715667 73.5593220339 21 0 0 0 1 3 8 12 15 16 18 19 21 24 31 31 32 33 42 42 44 48 0 130 183 285 314 319 329 361 367 447 498 514 544 557 604 662 743 743 759 888 993
61.7021276596 37.1186440678 21 0 1 3 3 6 8 13 15 16 16 20 30 32 35 43 45 46 47 48 49 49 0 144 153 221 230 283 319 423 426 437 512 568 604 633 683 764 779 786 828 890 986
63.249516441 50.8474576271 21 0 7 13 16 19 21 24 24 29 30 31 32 35 35 39 41 43 45 46 46 48 0 0 243 355 357 449 473 492 589 692 809 816 817 874 891 934 940 955 958 985 995
68.8588007737 44.406779661 21 0 2 3 5 7 8 12 13 15 15 15 21 22 28 29 33 40 41 45 46 48 0 0 160 286 320 343 408 415 484 511 533 553 576 587 601 661 672 736 752 900 962
45.8413926499 12.5423728814 21 0 8 10 13 13 14 15 16 16 19 22 23 24 24 27 31 37 38 39 41 42 0 104 251 288 312 313 316 327 384 388 408 436 486 615 620 699 806 825 827 846 901
23.4042553191 18.3050847458 21 0 3 7 7 9 9 10 11 12 18 22 28 32 34 37 38 40 41 43 47 47 0 136 172 208 300 378 447 457 505 521 521 544 651 654 661 674 702 728 755 888 923
31.7214700193 57.4576271186 21 0 1 3 4 5 6 13 14 17 21 22 23 28 30 32 43 44 47 49 49 49 0 196 326 382 403 404 407 419 503 544 548 563 639 639 642 648 677 685 837 855 891
59.3810444874 32.7118644068 21 0 3 4 9 9 14 14 22 26 29 29 30 32 32 34 34 36 40 45 49 49 0 175 179 227 230 251 367 383 402 468 514 543 544 581 643 795 816 951 965 968 980
23.9845261122 88.1355932203 21 0 0 0 4 5 7 7 8 8 12 13 16 20 21 21 22 22 25 31 32 35 0 132 209 248 275 303 332 333 344 414 475 554 564 638 658 748 765 768 815 934 944
73.8878143133 45.0847457627 21 0 7 12 14 18 21 21 21 22 26 29 29 31 32 35 41 44 44 45 46 48 0 130 187 261 280 343 385 415 442 445 511 553 616 650 698 734 751 851 938 952 973
66.5377176015 40.5084745763 21 0 4 6 11 17 17 18 19 20 25 25 27 27 31 33 36 38 40 40 44 47 0 142 166 223 233 240 306 319 361 364 393 561 579 621 668 685 788 931 937 959 984
63.249516441 50.8474576271 21 0 1 4 4 5 10 17 17 17 19 21 23 27 30 34 34 35 38 41 44 46 0 118 133 137 196 203 213 286 293 475 492 495 578 680 698 840 876 900 907 931 960
70.0193423598 38.4745762712 21 0 0 0 2 3 3 6 7 7 8 10 11 13 25 30 31 40 41 44 45 49 0 0 112 125 148 177 254 409 478 519 521 528 639 663 667 684 685 698 860 867 967
89.9419729207 30.5084745763 21 0 4 4 5 6 9 11 13 13 16 19 21 23 30 32 34 40 41 43 45 47 0 217 248 317 372 384 388 393 416 434 485 489 537 555 593 678 750 775 810 893 996
36.9439071567 51.0169491525 21 0 1 4 6 7 9 9 9 10 12 24 26 28 31 34 35 41 42 42 46 47 0 0 116 147 169 221 274 289 307 340 404 418 419 481 522 541 697 718 720 825 863
71.3733075435 49.1525423729 21 0 3 4 5 5 9 11 11 16 16 19 22 25 26 28 31 32 40 41 43 48 0 0 149 166 238 268 301 304 329 344 374 408 428 503 540 557 571 642 806 942 954
70.4061895551 41.8644067797 21 0 0 1 6 11 12 14 15 15 15 15 18 20 23 25 33 34 35 36 40 49 0 0 215 245 261 311 353 465 468 536 590 594 600 601 608 627 645 681 746 794 854
80.0773694391 60.0 21 0 2 8 8 8 9 15 18 20 21 25 26 28 28 33 37 40 41 41 42 46 0 115 121 258 261 293 336 435 445 477 532 542 566 631 719 747 754 807 855 904 923
73.3075435203 36.7796610169 21 0 0 1 3 4 4 7 16 16 16 21 25 26 31 31 32 34 39 39 41 47 0 224 246 279 288 298 320 441 446 479 487 558 572 600 645 690 709 771 854 877 978
43.1334622824 0.0 21 0 3 3 4 6 8 9 16 19 19 21 22 25 26 26 31 37 38 39 43 47 0 119 279 312 436 439 465 480 506 507 550 561 583 644 678 681 830 841 879 911 931
66.7311411992 46.4406779661 21 0 0 0 4 5 13 14 16 16 19 20 22 26 26 30 35 41 41 43 44 46 0 141 190 230 262 339 355 422 551 559 631 671 692 701 721 792 852 867 871 883 911
67.3114119923 46.4406779661 21 0 2 8 10 10 11 13 25 29 33 34 36 38 38 39 40 42 43 44 44 45 0 139 143 183 194 199 200 214 215 217 290 388 402 432 486 585 596 625 632 693 996
72.920696325 42.5423728814 21 0 0 3 7 7 14 17 20 21 21 22 22 28 30 30 33 33 34 40 41 48 0 0 135 169 241 248 251 270 457 538 580 608 730 751 769 774 865 892 984 986 988
21.083172147 38.9830508475 21 0 2 3 4 5 19 19 23 24 26 27 29 31 31 32 32 33 34 37 45 45 0 105 124 143 235 305 386 395 436 523 560 566 574 641 644 677 716 724 725 935 972
60.1547388781 42.3728813559 21 0 0 2 4 13 15 16 16 17 19 20 22 23 26 29 33 37 41 44 46 49 0 135 161 197 213 278 300 334 388 403 467 505 527 550 634 687 735 773 806 852 968
53.5783365571 85.2542372881 21 0 5 6 7 14 15 17 17 20 21 22 22 25 27 27 35 41 42 42 44 48 0 118 152 286 498 508 541 571 599 642 694 703 827 833 835 846 912 917 918 940 941
32.8820116054 50.6779661017 21 0 0 0 1 2 4 10 15 15 20 26 28 36 38 38 39 41 42 43 47 49 0 0 145 150 180 267 333 438 552 587 623 662 707 789 796 820 905 918 922 968 993
61.1218568665 20.6779661017 21 0 0 2 8 9 10 10 11 11 12 14 15 19 21 23 32 33 40 43 44 47 0 140 220 428 491 493 503 535 572 576 631 637 648 717 722 725 729 816 922 974 986
42.5531914894 15.9322033898 21 0 1 2 3 4 8 10 12 14 16 19 20 20 20 21 24 28 37 37 41 49 0 115 122 140 197 344 411 495 527 554 554 607 641 739 762 778 785 891 946 982 996
31.1411992263 37.2881355932 21 0 2 5 7 9 10 15 17 19 20 26 26 34 38 38 39 42 44 45 48 49 0 121 183 198 221 293 293 422 424 431 472 486 530 604 704 740 762 795 821 845 986
100.0 30.5084745763 21 0 0 1 2 2 3 6 10 12 15 22 26 27 31 31 32 34 35 37 40 44 0 113 176 302 363 377 398 505 538 539 540 647 656 657 670 717 736 827 867 894 983
100.0 51.0169491525 21 0 4 6 6 8 11 13 17 18 25 28 31 31 32 40 41 43 44 46 49 49 0 114 128 171 189 219 280 470 539 612 621 676 684 722 741 748 795 872 898 955 992
68.4719535783 60.8474576271 21 0 1 2 3 4 6 11 13 14 14 18 18 20 23 28 28 37 41 46 49 49 0 0 110 132 149 194 244 340 346 357 413 476 541 598 604 658 663 785 824 827 977
55.7059961315 29.3220338983 21 0 0 2 9 15 18 19 22 26 26 26 27 31 32 33 34 37 42 46 48 48 0 102 116 200 281 309 313 380 396 479 502 632 658 691 727 786 821 893 960 969 971
35.9767891683 53.2203389831 21 0 6 6 10 16 16 18 23 25 25 26 28 32 37 39 40 40 40 45 46 49 0 0 122 141 177 189 220 274 310 317 435 458 509 520 560 578 671 781 891 920 947
18.7620889749 52.7118644068 21 0 6 8 9 10 15 20 22 25 31 31 34 36 36 37 39 42 45 45 46 47 0 107 192 210 293 361 403 453 466 480 578 583 701 796 802 835 844 863 945 958 985
65.3771760155 54.7457627119 21 0 9 15 18 21 21 22 22 23 25 25 28 37 37 38 38 43 45 46 46 47 0 154 177 179 181 237 284 350 407 455 455 474 559 576 623 760 845 893 939 964 973
56.4796905222 33.3898305085 21 0 9 9 9 11 13 15 16 24 27 27 28 36 37 42 42 43 45 48 49 49 0 137 152 202 210 212 375 451 501 697 721 725 748 749 752 753 761 778 793 852 932
26.8858800774 48.1355932203 21 0 2 3 9 13 17 19 24 26 31 32 33 41 42 43 44 45 45 46 47 48 0 133 148 243 364 398 402 426 460 491 534 612 647 724 752 764 796 806 822 884 915
43.3268858801 49.3220338983 21 0 1 1 2 2 2 7 19 19 24 27 28 35 35 36 39 41 41 47 48 49 0 0 106 116 184 233 250 254 395 461 467 539 593 616 631 701 715 740 756 874 988
15.8607350097 38.9830508475 21 0 0 1 6 9 10 11 15 17 20 20 21 24 25 27 31 33 37 38 47 49 0 143 172 191 225 329 377 389 512 540 625 640 708 725 749 758 797 799 822 853 878
11.2185686654 58.1355932203 21 0 0 4 10 11 13 14 14 14 23 29 33 33 34 35 35 36 39 42 44 47 0 0 229 253 281 340 421 448 487 537 538 583 623 647 658 735 754 797 877 907 960
79.3036750484 39.6610169492 21 0 0 2 4 8 13 14 18 18 22 25 26 27 31 31 31 35 38 45 45 47 0 0 141 237 293 336 353 391 393 482 535 574 652 661 670 719 738 778 803 804 914
24.7582205029 41.186440678 21 0 0 4 5 9 10 16 18 22 23 25 29 29 30 32 35 37 45 45 45 47 0 100 178 185 370 374 378 389 395 451 588 606 645 680 747 775 779 896 944 979 987
36.5570599613 57.6271186441 21 0 0 1 2 2 9 14 14 14 18 20 26 27 27 34 36 41 42 44 45 49 0 104 144 345 375 407 438 504 549 589 603 617 622 636 648 733 781 794 804 864 991
59.1876208897 50.8474576271 21 0 2 2 4 4 5 7 7 9 11 13 25 26 27 36 40 40 42 44 46 47 0 116 124 172 184 192 207 255 288 362 408 497 505 609 613 621 665 829 835 873 954
69.8259187621 75.7627118644 21 0 2 3 5 6 11 11 11 12 16 19 22 27 29 32 34 38 38 45 48 48 0 119 266 268 281 297 327 464 491 536 546 568 575 590 600 637 653 668 791 973 994
11.9922630561 58.9830508475 21 0 0 2 3 11 11 13 14 21 22 22 23 37 38 39 41 43 45 45 46 48 0 131 312 322 327 332 366 382 395 405 583 647 651 668 723 734 750 775 794 953 983
80.6576402321 55.9322033898 21 0 1 2 2 2 10 13 14 21 22 23 25 27 28 30 33 33 40 41 44 45 0 154 161 206 260 328 403 615 669 685 706 729 767 773 777 793 841 849 879 904 909
76.4023210832 51.186440678 21 0 0 2 3 6 7 13 15 22 24 25 26 28 28 31 32 34 38 43 44 46 0 130 166 192 216 304 316 328 357 405 412 412 477 484 614 646 722 744 866 933 984
51.4506769826 42.3728813559 21 0 3 4 8 12 12 12 17 20 23 26 27 28 28 30 35 40 43 46 49 49 0 120 159 284 292 308 444 524 548 552 651 657 717 788 827 878 881 890 905 922 965
62.0889748549 53.7288135593 21 0 0 1 4 10 16 16 18 18 19 20 21 21 25 26 35 42 42 43 47 47 0 108 149 206 249 285 290 479 507 536 557 598 687 702 708 738 741 811 832 833 861
32.3017408124 27.1186440678 21 0 1 5 5 8 14 16 18 26 28 30 34 37 41 42 42 43 47 47 48 49 0 119 137 154 188 202 205 212 228 248 261 283 288 355 368 665 776 793 854 878 955
74.6615087041 44.0677966102 21 0 0 9 12 15 23 23 23 24 25 27 28 28 29 35 37 39 45 46 46 47 0 0 191 250 258 354 436 487 498 509 617 627 639 642 727 757 856 872 931 942 977
33.0754352031 31.8644067797 21 0 2 2 8 12 21 23 25 25 29 31 33 34 38 38 38 39 44 44 47 49 0 0 222 298 321 339 420 481 593 597 641 647 671 718 727 768 822 852 940 952 979
56.8665377176 57.2881355932 21 0 1 1 2 4 4 5 6 16 17 18 22 26 26 27 28 28 33 37 47 48 0 182 185 257 260 378 391 430 500 522 570 571 611 678 832 841 859 875 936 977 989
55.1257253385 51.186440678 21 0 0 5 6 10 13 14 21 22 22 24 25 32 33 35 37 38 42 43 48 48 0 103 104 128 182 225 288 314 359 360 392 465 488 555 653 666 716 729 901 952 995
76.2088974855 44.406779661 21 0 1 2 3 4 7 10 12 12 14 15 17 21 28 29 32 36 40 44 45 47 0 103 147 226 273 342 351 445 456 532 558 560 651 657 696 726 741 766 815 930 982
52.0309477756 61.0169491525 21 0 1 6 6 10 13 16 16 17 20 23 23 25 29 29 29 37 38 38 46 46 0 162 173 180 210 224 233 266 271 301 370 413 491 520 525 608 648 675 685 788 790
73.500967118 73.5593220339 21 0 7 7 9 9 12 14 19 20 21 22 26 28 30 30 31 36 41 41 47 47 0 117 165 205 241 254 292 351 376 428 430 516 568 604 627 675 751 764 809 905 971
35.9767891683 53.5593220339 21 0 0 1 3 4 6 8 11 11 12 19 20 20 32 34 37 37 41 45 46 48 0 135 236 243 261 285 290 311 383 521 530 585 658 731 733 819 826 829 856 881 994
55.1257253385 30.3389830508 21 0 1 1 8 10 11 13 16 18 18 21 27 33 37 40 41 42 43 46 47 49 0 136 144 168 252 302 330 467 507 546 558 558 574 585 594 680 709 853 894 912 963
34.4294003868 51.0169491525 21 0 1 6 8 10 10 14 17 20 21 21 21 23 23 30 31 34 39 41 48 49 0 102 193 204 351 389 392 447 477 542 588 620 668 696 744 781 803 814 834 906 947
51.2572533849 57.9661016949 21 0 1 7 10 10 11 13 20 20 23 24 28 31 33 35 37 38 42 45 45 47 0 105 109 313 410 418 429 455 504 512 618 647 680 726 728 802 836 898 914 946 956
46.0348162476 44.5762711864 21 0 2 5 9 9 19 20 22 23 23 25 26 27 30 32 35 45 46 47 49 49 0 0 137 172 219 221 233 299 381 432 457 597 618 735 793 819 869 910 914 920 964
58.2205029014 41.8644067797 21 0 2 2 3 8 9 10 11 13 16 25 26 27 31 33 37 38 39 42 46 48 0 105 207 215 240 243 246 276 379 445 509 546 694 697 701 726 812 901 917 938 978
54.3520309478 54.7457627119 21 0 2 5 7 8 8 8 9 10 15 17 20 20 21 27 37 39 44 46 47 49 0 191 191 252 254 258 314 345 368 418 422 658 696 704 716 751 822 835 934 965 981
31.914893617 32.5423728814 21 0 0 0 2 3 5 5 6 11 14 21 25 28 30 32 32 36 43 44 44 49 0 0 222 338 398 483 483 502 630 648 718 788 800 876 899 903 932 946 954 961 975
29.4003868472 79.1525423729 21 0 1 9 9 20 21 21 24 25 28 30 32 33 34 36 39 39 41 43 44 45 0 118 150 321 327 329 421 424 448 475 617 744 757 792 858 866 882 918 951 959 974
43.1334622824 54.0677966102 21 0 0 1 11 14 15 16 18 18 22 22 24 31 31 33 34 35 35 44 44 46 0 101 128 196 315 332 358 377 427 573 632 654 739 743 819 842 858 860 863 967 979
55.5125725338 65.7627118644 21 0 1 2 2 2 3 3 14 17 20 23 26 31 31 33 34 34 35 36 38 40 0 0 146 244 275 324 329 347 586 590 690 694 724 736 773 795 804 834 941 969 978
40.2321083172 62.0338983051 21 0 2 7 8 9 12 13 14 15 19 20 20 25 25 28 30 36 41 42 47 48 0 147 229 259 324 356 446 508 515 543 602 646 697 742 785 802 856 917 918 944 973
20.8897485493 55.7627118644 21 0 0 3 5 6 13 14 17 18 20 21 22 25 25 26 33 36 37 37 42 44 0 119 223 279 317 366 383 462 508 559 625 708 735 753 764 771 934 950 952 976 987
64.2166344294 52.5423728814 21 0 3 3 3 5 13 13 13 14 15 15 17 25 33 33 33 35 36 39 43 44 0 116 152 242 292 310 386 399 449 471 496 535 584 638 662 748 916 936 945 992 998
53.5783365571 61.8644067797 21 0 7 9 9 13 15 17 19 21 21 23 24 26 27 31 32 33 38 42 46 48 0 167 327 372 376 413 415 519 539 564 579 614 619 633 753 767 768 823 841 944 945
41.9729206963 47.6271186441 21 0 1 3 7 8 14 17 18 25 26 26 29 31 33 38 38 38 42 45 46 48 0 150 151 162 201 253 303 315 327 350 443 497 502 541 557 597 615 709 796 857 976
77.3694390716 29.3220338983 21 0 0 4 5 5 7 9 10 10 12 12 13 13 13 31 35 37 38 39 45 47 0 0 176 267 297 378 382 389 451 585 650 660 662 684 693 757 771 777 785 870 926
17.4081237911 57.1186440678 21 0 1 3 4 5 8 12 13 13 14 15 16 22 32 34 34 35 35 39 39 48 0 108 168 348 485 501 534 544 641 680 707 716 722 792 805 841 908 946 946 969 974
65.7640232108 41.6949152542 21 0 6 7 12 13 15 15 18 27 31 33 34 42 43 43 45 47 47 48 49 49 0 156 242 304 322 339 372 392 400 401 614 616 619 683 687 735 804 827 838 936 971
22.4371373308 65.2542372881 21 0 0 0 4 4 8 9 10 10 10 16 16 18 19 19 25 27 31 39 44 46 0 162 165 191 290 324 381 393 573 659 732 824 831 842 848 850 877 905 905 970 972
71.1798839458 32.0338983051 21 0 3 4 5 5 6 14 20 20 25 26 30 40 41 43 43 46 47 48 48 49 0 0 106 145 289 316 377 410 431 483 485 527 645 646 710 763 773 805 808 884 927
61.1218568665 34.406779661 21 0 3 3 8 8 15 17 23 24 28 29 29 30 31 31 32 34 36 38 43 49 0 135 184 233 239 361 376 381 459 511 599 633 688 742 745 767 802 858 914 972 983
57.6402321083 36.7796610169 21 0 3 3 11 13 13 16 16 19 19 23 23 25 27 28 29 31 36 41 44 46 0 100 207 290 350 455 479 492 507 538 583 624 632 674 705 747 754 813 821 908 997
43.7137330754 43.3898305085 21 0 0 3 5 7 9 11 11 12 13 16 19 23 26 32 35 35 41 44 45 47 0 141 248 269 328 396 444 444 538 552 553 611 625 626 753 793 800 829 907 943 992
50.8704061896 30.0 21 0 2 12 19 27 28 30 32 32 32 32 35 38 38 39 39 39 39 40 40 47 0 110 116 321 325 334 477 507 513 533 543 574 575 612 672 686 858 869 892 926 940
88.0077369439 97.1186440678 21 0 3 5 5 6 15 21 21 22 23 28 32 33 39 41 41 43 44 47 49 49 0 180 211 216 236 305 317 369 420 438 554 554 573 639 725 771 829 845 881 912 964
49.3230174081 76.6101694915 21 0 7 12 17 19 19 20 20 22 23 25 28 28 31 32 33 36 38 39 41 46 0 168 204 222 227 266 299 401 461 471 513 598 634 639 875 887 892 901 927 928 973
47.001934236 45.7627118644 21 0 1 3 5 9 10 13 13 15 17 23 31 33 36 37 40 43 44 46 47 48 0 107 202 229 356 366 380 391 433 459 502 503 575 619 636 646 766 786 835 845 933
60.5415860735 25.593220339 21 0 0 1 1 1 2 10 11 12 15 21 23 26 28 33 35 36 37 37 38 45 0 149 192 256 282 284 296 349 393 396 479 501 547 548 577 633 808 873 900 913 987
67.8916827853 30.8474576271 21 0 0 8 10 11 13 16 16 19 22 22 23 23 26 28 31 32 34 43 48 49 0 0 109 117 216 229 263 396 510 512 544 660 727 754 817 853 936 939 961 969 981
76.4023210832 35.9322033898 21 0 1 1 7 12 12 15 20 23 24 25 26 28 33 35 38 42 45 48 49 49 0 108 120 120 126 135 164 187 195 204 321 328 341 453 482 551 605 723 803 907 958
33.0754352031 43.5593220339 21 0 0 2 3 4 5 5 5 9 10 22 23 27 32 34 40 43 43 46 48 49 0 160 226 227 285 308 324 356 394 414 430 465 565 659 724 862 888 930 975 977 980
76.4023210832 60.6779661017 21 0 0 1 2 2 4 5 14 14 16 19 20 21 27 30 33 33 40 44 47 49 0 106 149 227 284 337 405 421 474 478 515 521 647 665 671 682 721 728 836 890 969
55.8994197292 46.6101694915 21 0 0 1 7 10 13 13 15 18 19 21 21 21 24 28 31 41 42 43 43 45 0 124 211 221 268 361 419 468 494 588 611 697 755 783 805 895 916 924 932 976 979
28.6266924565 31.8644067797 21 0 0 0 3 8 13 13 16 19 22 22 24 25 25 26 37 39 40 42 44 44 0 100 126 182 185 187 192 302 335 353 383 418 446 481 519 642 646 721 735 768 922
26.499032882 43.7288135593 21 0 4 6 9 14 18 21 21 23 26 26 27 33 34 35 36 42 43 47 48 49 0 0 104 145 163 180 245 263 273 299 308 312 316 346 435 442 796 837 837 848 990
68.085106383 15.4237288136 21 0 1 1 2 4 6 6 8 8 10 14 20 27 32 35 36 37 38 39 43 43 0 112 127 224 234 312 320 410 436 507 512 540 549 579 701 708 741 746 830 918 948
92.8433268859 75.7627118644 21 0 3 5 6 8 10 13 16 17 20 21 21 28 29 31 40 42 44 44 45 45 0 108 118 151 215 218 229 272 308 371 384 725 763 817 834 837 847 868 879 964 998
49.5164410058 22.5423728814 21 0 5 6 10 10 13 17 20 21 21 26 28 32 35 39 39 41 41 41 47 49 0 222 242 249 261 264 302 313 441 469 472 549 618 620 731 745 804 864 879 881 888
94.3907156673 76.2711864407 21 0 1 2 2 4 8 14 16 18 20 23 32 33 33 33 35 37 42 43 43 49 0 253 265 293 363 528 577 616 620 664 750 750 769 787 801 804 852 853 868 894 993
27.8529980658 59.3220338983 21 0 6 7 10 19 19 21 22 22 23 23 24 24 29 34 37 38 40 48 49 49 0 0 122 246 339 433 490 506 569 603 639 646 669 716 793 845 848 869 901 966 977
53.9651837524 28.1355932203 21 0 0 7 8 13 13 14 15 18 20 20 22 23 24 27 32 34 46 47 48 49 0 119 120 151 187 230 285 405 425 436 505 650 686 723 731 735 787 914 925 969 989
25.5319148936 37.4576271186 21 0 2 4 6 6 14 20 24 24 25 27 31 37 38 39 40 40 43 45 45 49 0 101 123 156 277 330 336 366 422 432 462 472 481 494 516 690 763 822 852 863 963
51.6441005803 72.0338983051 21 0 1 1 2 3 5 5 8 10 18 20 24 25 25 26 27 29 31 34 36 42 0 164 263 288 349 374 431 461 463 469 482 507 508 516 542 566 738 753 765 869 929
58.0270793037 43.2203389831 21 0 0 1 1 3 4 8 8 14 14 15 16 17 17 20 23 29 36 37 37 47 0 0 109 258 270 303 305 343 344 407 452 491 494 591 644 677 703 770 836 952 954
24.5647969052 29.8305084746 21 0 1 5 11 14 14 15 21 23 24 25 30 31 33 38 38 38 42 42 46 49 0 195 197 224 283 364 365 400 402 422 480 554 555 559 584 601 650 764 883 941 996
73.500967118 49.8305084746 21 0 0 9 12 13 14 15 16 17 19 20 25 28 29 30 31 34 35 36 39 48 0 0 158 170 231 284 296 296 299 372 390 513 534 539 632 639 710 715 812 941 992
50.8704061896 51.3559322034 21 0 0 6 9 9 17 17 21 24 26 26 27 28 29 30 32 41 42 44 46 48 0 119 218 268 334 352 372 389 457 489 592 633 652 659 662 685 707 751 809 841 856
42.746615087 28.4745762712 21 0 7 12 20 20 20 21 22 23 26 27 35 36 37 37 37 39 39 42 43 43 0 107 111 168 195 206 209 335 346 368 384 401 459 479 628 635 705 726 919 955 967
82.2050290135 70.0 21 0 0 0 1 5 12 13 15 16 18 19 23 23 25 29 35 39 40 40 40 46 0 125 171 226 249 270 284 324 374 427 454 483 562 659 700 728 757 843 951 964 988
53.5783365571 47.2881355932 21 0 10 10 11 14 14 16 21 24 29 30 31 31 32 33 34 36 36 39 48 49 0 101 344 393 398 538 613 614 675 712 757 758 846 849 892 914 927 941 950 953 960
86.6537717602 44.5762711864 21 0 0 4 5 5 8 11 23 25 26 27 31 31 34 36 42 44 46 49 49 49 0 0 151 205 237 315 360 431 434 448 452 455 543 581 645 662 700 718 754 894 958
43.9071566731 51.8644067797 21 0 0 13 14 18 18 24 27 27 28 29 30 32 33 33 35 36 41 42 44 46 0 135 159 159 179 234 264 351 359 363 575 623 633 652 655 741 757 788 854 854 895
82.0116054159 34.2372881356 21 0 0 2 5 7 9 12 12 18 19 26 27 27 33 34 35 37 38 40 42 48 0 165 169 178 197 249 254 388 450 477 489 492 529 545 634 662 662 775 862 889 905
61.5087040619 57.9661016949 21 0 0 2 6 7 7 9 10 15 17 20 25 26 26 29 33 36 38 38 43 49 0 168 171 317 325 339 380 393 398 503 558 581 641 657 726 729 766 787 808 845 958
37.7176015474 55.4237288136 21 0 0 0 5 11 12 13 17 20 27 28 29 35 36 39 41 42 44 44 45 49 0 100 118 121 126 179 180 242 426 469 623 655 655 687 704 708 725 740 886 904 947
86.0735009671 47.4576271186 21 0 4 7 11 11 12 12 14 16 19 22 25 26 30 32 36 38 39 44 45 46 0 112 204 217 261 285 312 325 342 374 457 493 564 635 750 849 872 887 972 975 989
65.3771760155 23.2203389831 21 0 1 3 7 8 15 18 22 22 23 32 33 34 36 37 41 41 42 44 45 47 0 138 161 179 308 344 365 405 421 457 465 479 530 677 681 710 759 780 827 936 955
69.4390715667 40.0 21 0 0 0 2 6 7 7 8 9 15 15 18 23 24 25 26 28 31 33 36 36 0 109 260 288 370 428 429 444 489 498 507 532 554 616 704 711 763 825 898 946 963
57.4468085106 55.4237288136 21 0 3 6 10 11 12 15 15 16 16 18 23 24 29 29 33 33 36 41 46 47 0 187 238 318 349 403 429 584 593 642 653 658 690 691 695 740 771 825 851 885 939
57.4468085106 50.6779661017 21 0 3 11 12 12 18 20 21 22 24 26 28 30 32 33 35 36 41 43 49 49 0 0 111 129 150 201 264 293 373 384 420 482 516 524 527 584 600 661 691 712 733
34.0425531915 30.6779661017 21 0 1 1 5 10 11 11 14 14 15 18 19 19 20 21 24 29 39 39 40 41 0 0 148 268 282 282 308 308 310 335 342 371 423 576 631 652 779 878 914 959 972
53.7717601547 12.8813559322 21 0 2 3 4 7 14 17 17 19 20 21 25 29 32 35 35 36 37 39 39 46 0 0 129 170 271 287 313 322 324 371 383 418 450 646 661 703 709 750 798 801 897
29.0135396518 38.9830508475 21 0 3 4 11 12 13 15 16 19 21 23 23 25 25 26 27 27 28 29 37 45 0 0 123 171 229 436 463 485 511 526 640 642 705 726 760 808 843 852 859 888 942
22.0502901354 23.5593220339 21 0 2 2 5 9 12 12 14 14 16 21 22 27 28 29 31 32 35 36 46 49 0 0 124 175 239 415 428 466 509 554 564 590 597 622 700 733 785 816 861 884 941
57.4468085106 48.813559322 21 0 0 5 7 9 10 10 11 16 18 19 20 25 25 31 32 39 40 43 43 45 0 0 122 123 143 156 217 241 304 375 420 531 607 616 697 706 724 772 777 839 902
48.7427466151 36.2711864407 21 0 1 5 9 15 17 20 20 20 22 23 23 27 30 36 37 40 40 46 47 48 0 0 119 200 200 203 268 393 399 433 440 451 453 548 639 655 704 732 751 796 814
83.752417795 38.3050847458 21 0 0 0 5 8 10 12 12 13 14 17 22 26 26 28 28 32 35 40 43 49 0 122 155 157 271 272 330 333 483 554 630 643 680 691 755 821 859 871 934 936 944
92.8433268859 31.186440678 21 0 1 4 4 5 5 6 8 12 14 16 23 25 27 35 38 39 43 43 43 49 0 142 169 215 263 282 340 346 347 370 554 596 703 761 769 789 806 836 904 931 960
57.0599613153 64.7457627119 21 0 0 2 7 8 9 9 10 10 12 13 15 16 19 19 19 27 31 35 38 41 0 109 115 290 394 397 416 442 442 456 466 474 588 626 731 733 740 814 838 842 967
45.0676982592 59.6610169492 21 0 1 1 6 10 11 12 14 20 31 31 32 33 35 38 39 41 42 47 48 49 0 120 135 206 294 322 475 557 626 692 710 736 773 894 928 936 945 946 973 981 999
64.2166344294 48.813559322 21 0 3 6 8 12 15 16 24 27 29 32 32 36 37 40 41 43 43 45 48 49 0 129 131 260 289 300 359 458 573 588 640 765 809 813 847 955 978 983 983 987 996
53.5783365571 24.406779661 21 0 0 3 8 12 12 15 19 19 25 26 27 29 29 30 31 33 41 41 45 49 0 0 192 202 243 264 298 352 415 445 456 551 657 670 693 704 768 770 902 969 997
54.5454545455 36.6101694915 21 0 1 3 5 6 11 13 18 19 20 20 26 27 34 35 36 37 41 43 43 48 0 0 121 169 216 220 308 379 421 432 494 522 597 613 721 728 788 873 900 917 949
45.4545454545 32.2033898305 21 0 1 9 10 17 21 22 22 26 26 30 30 32 33 38 41 43 43 46 46 46 0 112 139 251 284 436 466 467 529 604 606 622 660 662 706 755 858 863 939 944 996
45.0676982592 40.0 21 0 6 7 7 10 14 17 18 19 20 21 21 23 24 28 32 33 34 37 38 48 0 116 128 180 211 315 326 340 374 465 476 490 544 599 621 647 659 681 734 782 893
80.2707930368 27.1186440678 21 0 4 8 10 13 15 16 17 23 23 24 24 30 30 32 33 38 38 39 41 45 0 0 100 184 190 210 284 406 439 444 472 507 580 587 647 729 769 802 865 986 994
65.9574468085 44.2372881356 21 0 0 5 5 13 13 14 16 17 23 24 30 32 35 38 39 39 40 40 42 49 0 0 132 204 267 284 421 495 508 510 540 543 582 701 737 744 746 807 851 853 996
59.5744680851 49.8305084746 21 0 2 3 6 7 7 9 11 12 12 15 15 21 27 30 35 36 37 38 40 48 0 0 114 169 208 211 238 313 337 408 520 538 553 572 659 742 932 933 967 989 993
35.0096711799 50.3389830508 21 0 8 10 12 13 14 14 18 20 21 21 24 34 36 37 39 39 40 42 47 49 0 112 218 244 256 429 449 454 474 481 493 578 592 638 747 755 764 830 869 921 960
62.669245648 39.8305084746 21 0 0 2 5 7 14 19 21 24 25 30 30 31 32 35 37 39 39 39 43 49 0 119 163 345 355 367 388 400 440 470 478 492 632 755 757 831 854 879 917 955 988
76.7891682785 90.5084745763 21 0 2 3 7 7 7 7 8 11 12 15 27 27 29 30 30 35 36 36 38 40 0 158 302 316 332 419 451 462 469 492 548 616 617 734 772 842 853 854 863 908 958
58.8007736944 61.6949152542 21 0 1 2 3 7 11 16 16 16 22 22 25 26 28 36 38 40 44 45 49 49 0 111 216 283 312 320 357 406 438 441 474 553 605 704 713 736 803 861 886 903 944
76.5957446809 49.6610169492 21 0 0 2 5 6 8 11 14 15 16 17 23 23 30 31 36 38 40 42 48 49 0 165 174 248 274 299 345 372 373 451 522 665 806 826 862 862 902 909 916 932 971
59.7678916828 78.813559322 21 0 2 5 7 8 10 14 15 20 21 25 26 30 33 36 37 39 40 40 46 49 0 0 130 139 337 340 373 398 427 460 483 488 533 542 601 619 658 758 798 967 984
64.0232108317 52.3728813559 21 0 0 0 2 6 9 13 14 16 17 19 22 26 32 36 38 39 40 40 44 49 0 182 285 427 465 483 533 547 708 711 730 743 755 764 769 781 812 887 968 976 999
50.6769825919 41.5254237288 21 0 5 7 7 8 9 10 16 19 20 21 21 31 32 32 35 36 39 42 45 46 0 0 108 124 125 172 178 187 222 237 262 286 296 352 534 596 621 628 716 814 881
43.7137330754 52.2033898305 21 0 4 5 9 12 14 21 21 24 24 28 29 30 33 33 35 36 37 38 40 44 0 172 183 213 356 367 411 425 540 557 575 586 586 598 690 701 732 758 785 806 993
42.3597678917 23.7288135593 21 0 2 9 14 15 16 17 17 17 17 20 24 24 25 26 27 29 30 31 42 48 0 0 196 201 251 304 362 378 386 439 456 468 621 626 650 688 700 802 808 813 885
44.1005802708 39.8305084746 21 0 1 6 10 10 12 13 13 14 20 22 27 27 29 34 38 42 44 47 48 49 0 0 132 151 172 360 398 422 460 471 478 587 656 719 750 827 876 884 894 950 987
52.998065764 39.3220338983 21 0 6 13 17 18 19 19 25 28 30 31 32 33 35 38 39 42 44 48 48 49 0 129 148 179 194 194 302 382 450 463 528 604 638 689 706 726 760 762 785 920 927
58.8007736944 29.3220338983 21 0 1 2 4 4 6 7 9 14 19 24 25 29 30 33 34 36 38 39 41 44 0 0 164 253 290 415 422 506 519 522 581 582 583 703 744 779 804 870 876 899 996
48.9361702128 57.7966101695 21 0 0 1 2 3 7 8 9 11 14 22 29 31 33 39 40 41 43 47 48 49 0 138 150 167 233 275 381 457 460 467 486 533 540 553 601 678 713 735 767 969 997
36.750483559 44.406779661 21 0 10 11 11 14 15 19 20 23 27 27 29 31 33 33 34 37 37 43 46 48 0 112 122 164 268 269 292 335 441 469 486 539 625 656 685 764 771 776 796 921 956
34.0425531915 32.5423728814 21 0 3 4 17 18 18 20 21 23 25 28 28 35 38 39 40 42 42 44 44 49 0 137 226 264 265 308 339 409 423 447 458 462 613 620 774 803 804 850 883 913 972
79.1102514507 21.5254237288 21 0 0 0 2 6 14 17 22 23 24 25 30 31 31 32 33 34 41 41 43 49 0 0 112 147 171 182 264 323 347 378 395 407 456 459 465 481 540 655 778 790 849
53.3849129594 46.9491525424 21 0 4 11 13 22 23 23 24 30 31 31 33 34 35 36 39 39 45 46 49 49 0 140 172 313 314 341 425 437 471 507 768 778 790 812 876 879 910 966 978 989 995
63.6363636364 44.7457627119 21 0 3 3 7 14 15 19 21 24 25 27 28 34 35 40 43 44 44 46 47 47 0 0 105 145 357 374 535 558 589 639 696 707 741 744 748 799 881 905 911 957 990
52.417794971 40.6779661017 21 0 1 1 4 7 10 20 21 21 21 21 24 28 30 32 35 38 39 41 45 46 0 0 100 117 164 182 201 272 275 309 436 464 526 535 587 604 862 897 923 945 986
26.3056092843 38.813559322 21 0 0 2 3 8 9 9 10 18 18 19 20 20 30 32 34 37 42 45 48 49 0 0 136 148 149 150 151 242 387 397 431 489 549 620 713 752 809 815 831 905 988
34.6228239845 52.7118644068 21 0 4 7 9 10 10 12 13 18 21 22 22 36 37 37 40 40 41 43 44 47 0 128 139 277 290 353 380 430 475 558 571 627 653 713 750 757 777 788 943 981 998
76.5957446809 7.45762711864 21 0 7 8 12 14 19 27 30 30 31 32 32 33 33 37 37 40 41 42 45 48 0 128 156 199 266 281 319 340 444 501 532 565 597 631 697 824 825 834 894 941 969
64.6034816248 20.8474576271 21 0 0 1 2 4 6 9 10 11 19 20 24 27 28 29 29 31 36 36 48 48 0 130 132 275 303 311 411 423 572 641 770 784 794 816 840 845 852 890 934 939 960
47.1953578337 47.9661016949 21 0 5 7 8 8 9 9 17 17 21 25 30 30 34 37 38 43 47 48 48 48 0 110 151 159 224 252 260 281 287 291 321 373 382 414 443 485 643 698 747 959 969
58.0270793037 37.2881355932 21 0 4 5 7 10 11 11 12 13 14 16 16 22 22 24 26 27 31 32 33 37 0 103 104 174 311 366 426 513 542 542 614 617 720 787 816 832 835 847 889 903 935
50.8704061896 6.10169491525 21 0 3 5 10 10 12 16 17 18 29 29 33 34 35 36 37 39 40 41 44 49 0 100 169 231 424 451 477 522 546 574 597 699 738 822 861 882 885 889 906 980 993
80.2707930368 25.593220339 21 0 1 3 12 14 18 23 24 27 33 36 37 37 38 41 41 42 43 45 45 47 0 180 185 198 259 281 318 354 371 397 537 569 592 638 722 725 873 926 956 987 996
47.7756286267 41.0169491525 21 0 0 0 2 4 6 15 17 17 17 24 26 28 29 32 36 37 40 45 46 48 0 0 146 154 216 244 424 428 536 562 641 720 743 748 766 844 853 861 946 949 983
51.6441005803 50.0 21 0 3 3 5 6 8 13 14 17 24 32 38 38 40 40 45 45 47 47 47 48 0 134 134 171 188 202 230 243 257 276 339 362 413 421 423 529 591 702 808 809 818
33.0754352031 34.5762711864 21 0 1 1 6 6 9 11 15 15 16 16 20 20 24 24 27 34 35 39 39 44 0 165 230 287 343 365 381 420 458 462 500 508 522 540 590 706 866 913 943 950 966
47.3887814313 38.3050847458 21 0 1 2 13 13 15 17 18 19 20 21 21 21 23 23 32 37 38 39 43 49 0 0 189 213 224 234 237 245 249 309 349 652 666 693 727 739 741 864 943 962 964
83.3655705996 64.406779661 21 0 0 1 1 3 7 9 20 21 26 28 30 31 32 34 35 37 37 43 46 47 0 0 122 155 214 286 321 373 407 512 517 526 602 713 765 785 793 899 902 951 996
72.1470019342 25.9322033898 21 0 4 6 7 10 10 15 15 17 17 17 25 29 30 34 35 36 40 41 45 49 0 0 106 212 300 301 348 480 592 633 646 720 755 818 819 859 866 867 889 915 943
57.6402321083 55.593220339 21 0 2 5 8 9 13 14 19 20 22 22 24 34 34 37 40 42 42 42 44 47 0 0 159 406 416 417 454 534 581 612 633 699 717 811 868 883 895 897 923 937 985
41.7794970986 13.3898305085 21 0 0 15 17 19 22 23 27 28 28 28 28 30 31 34 41 43 45 47 48 48 0 110 113 139 145 146 206 267 269 326 365 432 478 546 568 685 861 913 929 976 985
46.8085106383 38.813559322 21 0 1 5 6 6 8 10 11 17 19 22 23 24 25 31 32 36 37 37 40 40 0 0 100 109 129 373 385 393 403 476 566 572 599 673 772 781 792 838 933 968 984
329
36.1328125 66.8488160291 9
35.15625 35.7012750455 3
46.6796875 60.29143898 1
62.5 51.1839708561 4
25.9765625 84.1530054645 3
24.609375 33.1511839709 5
12.109375 47.9052823315 5
53.125 61.5664845173 1
50.5859375 63.752276867 9
22.0703125 85.4280510018 8
42.578125 56.4663023679 5
24.0234375 44.4444444444 4
14.453125 70.1275045537 9
0.0 24.5901639344 8
36.328125 45.5373406193 6
34.1796875 47.9052823315 4
59.9609375 57.5591985428 9
33.7890625 52.8233151184 7
34.1796875 59.0163934426 8
55.6640625 59.3806921676 4
22.265625 65.0273224044 1
35.546875 35.3369763206 4
61.1328125 42.8051001821 1
49.8046875 43.7158469945 7
61.5234375 40.9836065574 8
63.28125 44.262295082 7
39.0625 2.91438979964 8
94.7265625 42.2586520947 1
50.390625 58.8342440801 4
50.1953125 53.9162112933 3
26.171875 84.6994535519 7
21.6796875 62.1129326047 8
55.078125 52.8233151184 1
45.703125 83.0601092896 2
53.515625 43.3515482696 1
67.96875 75.7741347905 7
18.75 17.6684881603 1
17.1875 33.1511839709 4
34.1796875 32.7868852459 3
27.34375 77.9599271403 7
67.1875 64.4808743169 5
52.34375 36.4298724954 2
34.9609375 47.3588342441 7
47.265625 55.9198542805 2
80.859375 11.1111111111 6
31.25 17.6684881603 2
36.5234375 35.3369763206 7
43.75 46.0837887067 2
24.0234375 24.5901639344 2
42.3828125 38.6156648452 3
33.3984375 69.5810564663 6
44.921875 62.1129326047 2
61.71875 20.4007285974 9
57.8125 61.9307832423 6
33.3984375 52.8233151184 2
35.15625 9.10746812386 1
57.8125 61.5664845173 7
32.421875 31.693989071 2
33.0078125 11.6575591985 2
15.4296875 57.9234972678 3
39.84375 22.7686703097 3
14.0625 31.3296903461 9
41.796875 25.6830601093 3
47.4609375 49.1803278689 7
94.7265625 36.6120218579 2
67.578125 17.3041894353 4
38.671875 44.8087431694 7
30.2734375 48.4517304189 4
63.0859375 65.5737704918 2
48.6328125 46.2659380692 1
58.3984375 67.2131147541 4
58.7890625 22.9508196721 8
29.6875 26.9581056466 5
56.4453125 32.4225865209 4
70.8984375 22.0400728597 4
1.3671875 46.6302367942 8
64.6484375 42.9872495446 5
64.453125 41.5300546448 1
47.0703125 68.1238615665 7
58.984375 41.3479052823 1
23.046875 33.8797814208 5
87.5 77.0491803279 1
51.171875 46.4480874317 4
32.8125 40.8014571949 7
72.265625 20.4007285974 7
44.140625 50.4553734062 9
60.546875 35.883424408 1
58.203125 24.7723132969 4
48.828125 65.9380692168 9
3.90625 42.8051001821 4
20.5078125 28.233151184 4
20.1171875 27.6867030965 6
59.765625 57.0127504554 3
74.0234375 61.3843351548 5
6.640625 66.3023679417 3
8.0078125 60.1092896175 2
36.5234375 49.7267759563 6
69.140625 66.3023679417 4
65.4296875 57.5591985428 2
32.2265625 27.3224043716 9
67.1875 49.1803278689 3
44.7265625 55.9198542805 8
30.859375 50.6375227687 5
63.8671875 12.3861566485 8
43.9453125 26.4116575592 1
85.15625 39.5264116576 9
86.5234375 34.4262295082 9
14.0625 39.8907103825 7
41.015625 10.7468123862 6
63.4765625 33.5154826958 6
46.09375 30.2367941712 3
47.8515625 27.6867030965 3
33.59375 45.9016393443 6
66.9921875 25.8652094718 6
42.1875 57.5591985428 9
33.3984375 62.6593806922 8
48.6328125 33.1511839709 9
44.140625 40.9836065574 3
32.8125 54.8269581056 8
15.234375 32.058287796 8
54.8828125 72.6775956284 9
37.109375 10.7468123862 1
45.3125 55.737704918 4
38.4765625 42.4408014572 5
66.2109375 57.7413479053 3
25.5859375 20.218579235 1
40.0390625 31.693989071 4
64.453125 26.5938069217 5
68.75 34.2440801457 3
65.625 42.8051001821 7
27.34375 40.9836065574 7
39.84375 53.7340619308 3
50.9765625 54.0983606557 9
74.4140625 64.4808743169 2
66.40625 64.2987249545 7
38.0859375 71.2204007286 5
55.859375 33.8797814208 2
13.0859375 41.1657559199 6
45.8984375 17.8506375228 7
48.828125 38.4335154827 7
50.9765625 62.6593806922 7
21.6796875 32.2404371585 4
60.3515625 36.9763205829 5
54.296875 30.7832422587 3
23.2421875 28.233151184 3
58.59375 26.4116575592 7
39.6484375 18.5792349727 1
33.7890625 58.1056466302 5
48.046875 26.0473588342 1
44.7265625 48.087431694 5
39.2578125 60.8378870674 6
80.2734375 53.9162112933 7
12.109375 47.5409836066 6
51.5625 44.262295082 3
44.921875 51.3661202186 4
50.9765625 49.3624772313 4
31.4453125 30.0546448087 1
62.6953125 27.1402550091 2
67.96875 76.6848816029 5
29.296875 6.3752276867 8
29.4921875 52.6411657559 5
51.7578125 34.7905282332 5
53.515625 39.1621129326 9
58.59375 28.5974499089 5
54.1015625 22.2222222222 7
25.9765625 42.4408014572 5
66.6015625 59.0163934426 8
100.0 18.9435336976 8
43.5546875 23.1329690346 1
55.859375 40.9836065574 8
60.3515625 20.9471766849 8
50.5859375 11.1111111111 2
48.2421875 46.8123861566 7
52.1484375 61.2021857923 2
74.4140625 12.3861566485 2
59.9609375 40.4371584699 9
65.234375 60.4735883424 9
73.2421875 34.4262295082 8
34.765625 26.2295081967 9
44.53125 54.4626593807 5
43.359375 47.1766848816 1
33.59375 51.0018214936 8
72.4609375 29.1438979964 6
16.2109375 39.70856102 3
29.6875 39.5264116576 4
59.9609375 36.6120218579 8
81.640625 53.5519125683 4
45.8984375 81.0564663024 7
62.5 37.1584699454 3
21.484375 47.9052823315 7
60.546875 48.9981785064 4
45.8984375 38.4335154827 4
71.6796875 15.8469945355 6
26.953125 45.7194899818 3
58.203125 0.0 5
51.5625 44.8087431694 5
48.2421875 55.0091074681 6
45.3125 46.0837887067 3
25.5859375 31.8761384335 6
37.3046875 50.6375227687 2
39.0625 51.0018214936 3
32.03125 42.4408014572 9
55.2734375 24.7723132969 7
71.09375 39.70856102 5
29.8828125 25.3187613843 9
63.671875 54.4626593807 3
18.9453125 55.0091074681 6
33.59375 52.4590163934 3
51.3671875 39.5264116576 3
51.171875 31.3296903461 5
44.7265625 49.5446265938 9
69.3359375 17.6684881603 7
41.9921875 89.4353369763 2
59.765625 60.1092896175 3
60.3515625 25.1366120219 9
34.9609375 37.8870673953 3
45.8984375 49.3624772313 2
66.6015625 87.6138433515 3
46.2890625 58.2877959927 9
47.8515625 44.262295082 6
27.5390625 46.6302367942 6
37.6953125 38.4335154827 2
21.09375 27.5045537341 9
69.3359375 67.941712204 7
45.5078125 28.9617486339 3
21.484375 61.3843351548 9
46.484375 56.8306010929 3
50.1953125 78.3242258652 3
36.9140625 10.7468123862 5
26.5625 42.2586520947 4
60.15625 28.233151184 4
37.890625 52.6411657559 2
23.6328125 100.0 9
60.9375 21.6757741348 1
54.8828125 29.1438979964 3
79.1015625 67.2131147541 8
51.953125 55.3734061931 6
59.1796875 4.37158469945 3
40.0390625 64.6630236794 9
74.21875 18.2149362477 2
40.234375 68.6703096539 5
60.7421875 59.7449908925 7
46.09375 53.9162112933 1
13.671875 66.3023679417 5
55.6640625 37.8870673953 6
74.8046875 42.8051001821 6
58.0078125 26.0473588342 6
66.40625 31.693989071 6
58.984375 46.2659380692 2
48.828125 22.4043715847 5
60.15625 64.6630236794 8
57.2265625 57.1948998179 6
11.5234375 48.6338797814 9
35.7421875 37.1584699454 4
33.3984375 29.8724954463 7
38.671875 12.204007286 9
18.5546875 69.9453551913 1
58.59375 50.8196721311 5
59.5703125 48.2695810565 5
33.3984375 31.1475409836 9
36.1328125 25.3187613843 9
45.8984375 20.218579235 1
46.484375 48.087431694 2
28.7109375 63.9344262295 3
19.3359375 29.5081967213 5
41.015625 34.9726775956 3
67.7734375 51.0018214936 3
34.1796875 32.2404371585 9
23.6328125 44.262295082 6
36.5234375 81.4207650273 6
10.546875 83.970856102 6
34.1796875 48.8160291439 5
52.1484375 20.7650273224 2
58.59375 36.4298724954 5
39.453125 28.5974499089 3
50.5859375 18.3970856102 4
33.0078125 63.3879781421 6
61.71875 55.3734061931 8
37.109375 30.2367941712 3
58.7890625 24.2258652095 5
56.8359375 33.5154826958 2
47.265625 53.9162112933 3
50.390625 57.1948998179 2
55.859375 72.3132969035 8
49.609375 40.6193078324 6
35.3515625 49.5446265938 8
42.7734375 34.6083788707 5
76.7578125 39.5264116576 6
47.4609375 46.9945355191 5
79.1015625 80.8743169399 8
48.046875 68.306010929 2
74.0234375 18.7613843352 6
61.71875 50.0910746812 7
28.7109375 48.6338797814 4
57.8125 69.0346083789 7
97.265625 29.6903460838 9
54.4921875 45.7194899818 2
68.5546875 27.1402550091 5
56.640625 48.087431694 6
73.2421875 35.3369763206 3
60.3515625 46.6302367942 1
49.8046875 89.0710382514 2
44.140625 28.9617486339 3
51.953125 44.8087431694 3
37.109375 42.8051001821 9
51.171875 54.0983606557 7
47.8515625 39.1621129326 9
41.40625 34.9726775956 4
80.46875 30.9653916211 1
63.8671875 69.0346083789 2
50.1953125 76.6848816029 7
10.9375 16.5755919854 5
33.3984375 33.6976320583 5
10.9375 38.7978142077 9
75.5859375 46.8123861566 4
33.0078125 36.247723133 6
45.3125 36.4298724954 6
39.84375 40.8014571949 7
48.4375 57.9234972678 8
60.7421875 41.7122040073 9
49.609375 38.9799635701 1
30.6640625 27.6867030965 2
42.1875 43.7158469945 4
55.078125 41.7122040073 6
29.6875 58.4699453552 8
38.4765625 62.2950819672 4
24.0234375 50.4553734062 4
40.8203125 37.1584699454 2
51.171875 24.4080145719 8
