219
40.6315789474 36.7647058824 29 0 4 6 7 7 9 11 11 13 14 15 15 16 16 22 24 25 27 28 30 37 39 40 43 47 47 48 48 48 0 101 114 215 234 270 325 343 348 441 450 465 471 513 545 643 650 651 704 707 715 731 767 846 899 904 986 994 998
70.1052631579 69.5378151261 29 0 0 0 0 5 7 8 13 13 23 25 26 29 31 33 35 38 38 38 40 43 43 43 44 44 44 45 46 49 0 111 122 152 167 193 250 250 290 315 355 434 446 457 490 598 627 663 667 716 723 749 771 772 780 817 821 822 902
51.5789473684 60.2941176471 29 0 0 4 5 7 8 9 11 16 17 17 19 20 20 20 21 22 25 26 31 32 32 34 34 36 38 42 48 48 0 0 126 145 188 215 221 286 385 386 408 441 468 485 514 552 566 583 590 625 692 728 737 740 800 896 907 974 987
68.6315789474 39.0756302521 29 0 4 11 11 13 14 15 18 19 19 22 23 24 26 29 31 31 31 33 38 38 39 41 41 41 42 46 48 49 0 0 145 274 307 379 417 436 458 464 464 467 495 509 521 541 541 546 561 564 627 673 677 678 884 925 972 982 991
45.4736842105 48.5294117647 29 0 3 7 8 8 9 10 10 12 14 17 22 22 24 24 26 26 27 28 33 33 37 40 41 45 45 46 48 49 0 140 180 207 219 224 236 256 267 292 414 462 495 532 550 710 712 716 721 776 849 862 862 906 920 949 972 981 999
49.2631578947 18.2773109244 29 0 1 2 4 8 8 8 9 18 20 21 23 24 26 27 27 28 29 32 35 38 38 41 42 44 45 45 46 49 0 167 170 207 216 289 297 303 307 325 370 372 456 465 490 521 548 556 756 757 761 770 777 803 853 866 899 935 983
55.5789473684 73.1092436975 29 0 1 3 7 7 11 16 16 17 17 19 19 20 24 26 26 26 28 30 31 31 31 36 36 37 39 39 47 48 0 142 152 155 158 161 218 245 271 310 392 397 419 483 504 504 515 524 543 582 677 699 719 757 810 811 811 814 868
49.0526315789 38.4453781513 29 0 1 5 6 11 11 13 14 14 15 15 18 19 20 22 22 22 24 31 32 32 35 35 36 37 45 46 46 48 0 172 179 186 205 292 297 303 324 344 397 410 437 464 527 543 547 604 649 682 725 762 775 798 831 854 877 934 957
41.6842105263 75.4201680672 29 0 0 3 3 4 4 7 8 9 9 15 15 18 24 26 32 32 34 37 38 39 39 39 41 46 47 47 48 48 0 0 113 187 249 271 315 315 317 319 321 346 401 453 475 501 507 530 567 586 604 639 652 718 804 808 873 913 944
41.2631578947 43.6974789916 29 0 0 0 1 6 7 7 8 10 11 13 18 19 23 23 25 25 26 28 30 38 39 39 45 46 46 48 49 49 0 209 287 313 335 373 392 496 499 564 598 601 611 614 616 633 635 699 704 754 775 782 844 853 855 894 900 974 976
63.5789473684 67.6470588235 29 0 4 4 7 8 9 10 10 12 14 15 15 15 20 25 26 26 26 29 29 29 34 36 38 41 41 42 46 48 0 0 113 116 169 177 186 257 345 462 482 488 499 578 591 597 641 669 678 690 717 741 774 807 813 852 895 907 950
61.2631578947 48.7394957983 29 0 0 0 1 1 2 6 7 8 11 12 13 14 15 18 20 22 27 27 27 30 32 33 38 41 42 42 43 48 0 113 141 162 170 175 178 275 318 321 444 465 508 509 523 566 568 574 595 604 648 762 817 836 844 960 970 981 983
48.2105263158 56.3025210084 29 0 0 1 3 3 3 5 11 17 20 24 24 24 25 26 31 32 32 34 35 36 38 38 39 42 44 45 46 46 0 128 136 188 245 272 275 295 337 370 444 456 491 509 552 553 611 693 696 714 716 721 782 789 812 883 901 955 958
46.9473684211 13.025210084 29 0 1 3 4 6 7 7 8 8 9 10 13 14 17 19 22 29 31 31 32 33 36 40 43 43 45 46 47 49 0 106 162 212 299 320 333 354 403 420 484 500 504 523 577 588 666 678 689 702 716 728 729 768 781 819 873 916 954
65.8947368421 41.8067226891 29 0 1 3 5 10 11 12 15 15 16 17 24 25 26 27 28 29 32 32 33 33 35 36 36 38 41 43 45 46 0 0 106 134 135 167 180 183 218 226 270 321 337 391 432 452 467 477 502 532 538 639 774 816 825 887 902 938 977
20.6315789474 38.6554621849 29 0 2 2 5 8 8 9 11 12 13 16 18 18 19 19 20 20 28 30 30 32 33 34 36 38 43 43 45 46 0 133 157 168 180 215 228 265 350 375 378 428 436 447 468 476 501 570 630 638 670 685 712 752 779 811 814 898 980
58.3157894737 47.268907563 29 0 0 3 3 5 6 7 11 15 15 15 16 19 24 27 27 28 28 29 33 33 37 40 41 44 46 46 49 49 0 183 212 214 214 292 359 370 399 403 410 417 464 485 490 497 515 521 552 604 616 643 714 722 732 735 739 772 978
58.3157894737 75.6302521008 29 0 3 3 5 6 6 9 13 16 17 18 19 19 20 21 21 23 25 27 29 35 36 37 40 44 45 46 46 48 0 0 105 122 147 197 262 288 334 336 369 372 408 434 477 507 522 539 552 558 577 596 723 767 836 887 962 981 990
35.3684210526 57.3529411765 29 0 2 3 4 4 5 8 9 12 12 12 18 20 22 22 24 25 29 30 32 32 33 34 35 41 45 47 48 49 0 136 150 253 313 345 368 383 404 428 498 556 556 581 597 625 678 689 691 734 784 785 796 865 868 912 924 935 952
71.3684210526 54.8319327731 29 0 1 8 8 8 10 10 11 12 16 18 20 20 21 24 25 27 28 31 31 32 34 37 37 37 38 43 44 48 0 162 164 185 247 261 287 316 342 343 368 380 393 400 434 467 518 526 559 609 613 656 730 804 808 849 867 930 974
53.4736842105 63.2352941176 29 0 0 4 6 6 8 9 10 11 11 15 26 26 27 27 28 29 31 34 35 35 37 41 42 44 45 48 48 49 0 108 249 288 301 341 378 459 469 505 540 557 621 671 679 693 693 699 720 731 747 776 802 848 853 885 935 953 957
76.8421052632 74.7899159664 29 0 0 0 0 1 1 7 17 18 20 20 23 25 25 26 27 34 35 38 39 40 40 41 43 43 46 46 47 48 0 132 144 154 194 227 246 280 294 311 345 393 395 424 438 541 545 560 577 639 639 679 753 781 796 835 931 949 989
63.3684210526 72.4789915966 29 0 0 0 3 3 5 5 6 7 12 12 13 16 17 21 22 27 28 32 33 35 36 38 38 39 43 43 44 48 0 116 150 164 214 308 365 370 406 438 508 510 549 624 702 711 713 719 721 731 743 870 878 891 894 898 915 930 949
80.0 38.6554621849 29 0 0 1 1 3 4 4 4 6 7 8 9 11 12 19 20 20 21 21 23 24 25 33 33 40 42 43 45 48 0 178 214 262 279 314 340 376 382 404 448 458 505 530 576 602 617 641 729 736 756 808 825 889 895 902 917 939 988
79.3684210526 53.781512605 29 0 3 4 5 5 8 10 10 10 14 14 14 20 21 23 26 27 27 31 31 38 38 39 40 42 47 48 48 49 0 157 174 185 245 249 253 254 306 342 359 426 516 528 538 571 625 671 709 712 715 818 819 874 875 904 917 923 938
60.8421052632 51.0504201681 29 0 0 1 7 12 13 14 16 16 19 20 24 25 26 27 27 31 32 33 33 34 39 40 41 42 44 45 46 48 0 112 180 188 297 314 349 364 392 416 511 566 572 583 594 718 731 748 769 857 877 879 882 921 924 943 962 976 991
53.8947368421 42.6470588235 29 0 0 1 3 4 8 8 9 9 11 12 12 15 15 16 17 18 22 22 32 32 37 37 37 38 39 44 46 49 0 0 149 155 167 202 212 260 348 425 501 517 517 562 600 623 647 687 707 725 783 804 827 836 852 857 895 914 997
20.8421052632 36.1344537815 29 0 1 1 5 11 12 13 13 14 16 16 17 19 19 22 22 22 25 28 33 33 37 38 39 40 42 47 47 48 0 106 192 193 208 244 269 280 326 360 395 519 536 544 560 588 613 722 730 734 749 766 766 772 839 843 877 937 998
73.8947368421 35.2941176471 29 0 1 1 2 4 6 8 11 12 13 14 16 17 18 18 19 20 21 24 26 31 36 39 39 40 41 43 44 46 0 162 169 211 267 274 300 344 346 384 427 482 485 533 587 591 670 678 722 749 796 801 811 822 894 942 944 956 977
56.6315789474 57.1428571429 29 0 3 10 10 13 13 16 19 19 20 21 24 25 25 26 28 31 32 33 34 34 36 37 39 41 41 43 45 47 0 0 105 149 157 189 190 217 219 219 235 236 243 269 279 314 371 395 426 442 458 482 498 521 575 715 825 866 886
60.4210526316 36.5546218487 29 0 0 1 2 4 6 9 13 13 13 13 14 15 15 17 18 19 23 26 27 29 30 31 31 36 39 43 47 48 0 0 167 190 195 216 227 253 257 294 299 314 348 386 399 454 467 576 604 654 678 728 756 777 812 920 934 938 952
66.3157894737 90.9663865546 29 0 0 1 1 9 10 10 11 14 14 15 17 18 19 21 23 28 30 33 34 36 38 38 39 46 48 48 48 49 0 0 123 200 211 213 321 324 423 509 515 519 540 543 629 642 643 662 703 752 757 790 818 842 926 944 979 983 984
27.1578947368 20.1680672269 29 0 4 5 7 8 9 10 10 10 13 14 17 18 21 21 21 21 21 23 26 26 28 29 30 34 35 37 38 44 0 163 169 172 174 235 253 356 378 411 431 443 507 528 586 588 609 666 676 676 718 745 792 795 830 831 900 914 933
64.6315789474 32.5630252101 29 0 2 3 6 8 9 11 13 13 15 18 18 19 19 24 26 31 34 34 39 43 43 45 46 46 47 47 48 48 0 137 172 231 240 257 296 361 461 481 484 535 541 563 566 587 599 634 683 744 785 787 829 871 898 937 938 943 949
61.0526315789 38.2352941176 29 0 0 1 4 5 8 9 10 10 11 12 14 14 15 16 22 29 34 36 36 38 38 38 42 42 43 45 45 48 0 0 106 167 172 180 180 233 235 434 435 503 504 506 539 548 594 630 638 641 748 759 773 774 832 832 898 909 985
56.6315789474 42.4369747899 29 0 0 2 3 3 6 8 9 9 9 11 11 11 13 18 22 27 30 32 35 37 43 45 45 47 47 47 48 49 0 0 123 136 148 288 328 333 375 423 469 555 564 576 609 650 686 711 731 752 762 764 781 792 852 938 954 958 982
45.2631578947 59.0336134454 29 0 0 1 5 10 10 12 14 14 15 16 18 19 19 20 21 23 24 28 29 30 34 38 39 45 45 48 49 49 0 0 103 152 154 172 196 234 238 375 388 461 467 467 482 491 497 523 542 577 606 612 676 691 723 736 740 925 978
83.3684210526 50.0 29 0 2 2 5 7 9 9 9 11 13 15 16 21 22 22 23 24 29 31 35 36 36 39 40 40 43 45 46 48 0 103 128 186 254 262 319 400 402 419 421 438 439 444 448 481 491 542 557 650 698 719 775 785 834 883 934 960 964
42.3157894737 21.8487394958 29 0 1 4 6 7 8 12 14 18 18 21 21 21 21 22 24 24 26 27 29 35 36 37 43 44 45 47 47 47 0 0 199 208 212 238 249 256 261 296 346 357 374 477 534 534 567 568 650 695 709 780 795 837 843 845 855 950 990
61.0526315789 50.6302521008 29 0 1 2 5 6 8 10 11 11 12 13 14 14 15 16 18 19 33 33 37 38 38 41 43 44 46 47 49 49 0 127 199 201 209 241 251 252 314 360 377 395 484 571 593 628 641 689 699 717 749 807 858 865 892 906 913 920 951
74.9473684211 61.7647058824 29 0 4 4 4 9 9 15 18 18 19 21 21 23 28 29 29 29 29 30 32 33 35 39 45 45 46 47 48 49 0 0 136 167 184 256 326 354 387 403 422 465 511 512 524 552 553 588 616 722 725 743 827 838 857 866 872 902 925
70.3157894737 27.731092437 29 0 2 3 7 8 12 13 13 14 15 16 17 19 20 22 22 26 26 35 36 36 38 39 42 42 45 45 48 49 0 103 114 126 182 216 218 239 243 284 390 460 505 507 573 595 618 645 651 708 838 885 888 892 900 945 953 959 962
72.2105263158 76.0504201681 29 0 1 5 5 7 8 9 9 11 12 13 16 19 19 20 20 23 26 26 26 33 34 35 38 41 43 45 47 47 0 0 111 141 239 244 257 267 291 297 329 352 521 541 572 579 616 633 680 723 725 733 749 824 862 927 968 986 996
45.0526315789 66.1764705882 29 0 0 1 3 6 7 12 14 19 20 24 28 30 30 34 35 35 36 39 39 40 40 41 41 42 44 45 47 48 0 104 125 156 174 194 194 219 232 278 281 298 391 412 432 488 498 532 710 716 728 730 756 833 852 856 917 946 967
44.8421052632 49.1596638655 29 0 0 2 3 5 9 14 14 15 15 17 18 20 23 27 30 32 34 35 35 37 37 39 39 40 42 42 49 49 0 113 178 198 222 223 313 331 375 421 480 513 540 563 580 607 623 637 644 706 782 786 787 832 841 866 876 922 924
42.1052631579 0.0 29 0 3 7 11 13 17 22 22 22 24 26 26 27 32 34 35 36 36 37 39 40 41 42 44 45 45 45 45 46 0 0 116 131 148 187 220 244 250 258 313 382 391 406 430 491 590 614 644 658 659 675 708 776 832 875 921 943 962
64.8421052632 99.3697478992 29 0 0 4 6 8 8 8 9 10 10 11 18 20 21 23 25 27 27 30 31 32 34 36 40 40 41 42 44 49 0 115 154 226 266 314 319 337 345 395 529 546 573 589 604 619 642 668 672 749 777 795 796 850 871 877 933 951 995
24.4210526316 67.8571428571 29 0 2 5 5 9 10 10 11 13 19 19 19 22 23 24 26 30 30 31 31 31 34 34 36 36 42 44 45 47 0 111 194 213 232 247 266 305 306 314 322 360 398 406 414 416 491 505 611 625 636 665 666 683 728 737 805 898 908
40.2105263158 47.6890756303 29 0 2 4 4 7 10 10 10 11 13 15 17 18 20 21 23 23 28 31 32 33 35 38 44 45 46 47 48 49 0 141 290 324 355 359 361 373 416 505 536 537 541 590 661 682 711 716 754 762 790 838 871 891 919 939 947 966 972
93.0526315789 43.6974789916 29 0 0 2 3 6 7 7 9 10 11 12 16 19 20 22 23 25 26 26 28 30 35 37 40 41 42 42 44 49 0 0 101 188 316 333 433 436 495 508 575 599 615 680 684 726 729 731 736 739 739 749 776 784 794 849 898 932 991
97.2631578947 84.6638655462 29 0 3 4 8 8 11 13 14 15 17 26 27 29 29 31 32 33 34 34 35 38 41 42 43 45 46 47 47 48 0 102 124 257 288 328 352 387 473 524 559 582 650 659 661 667 680 685 742 752 756 770 855 861 868 908 926 937 971
41.6842105263 26.4705882353 29 0 7 8 9 9 10 17 21 22 24 24 24 27 28 30 30 30 33 33 36 37 38 39 39 40 41 41 47 49 0 0 128 220 274 343 375 376 413 418 430 465 468 494 515 598 614 620 641 665 690 739 758 797 851 895 968 979 994
34.5263157895 22.8991596639 29 0 2 3 5 6 6 8 8 9 12 12 14 14 20 21 26 27 30 30 30 31 35 40 41 42 44 45 48 49 0 0 128 133 137 140 189 271 301 389 402 408 420 422 424 542 583 586 667 676 702 757 760 832 864 875 957 973 996
51.7894736842 22.0588235294 29 0 0 1 10 10 12 12 15 17 18 20 21 22 23 25 26 29 31 32 32 32 32 42 42 45 45 46 47 48 0 0 181 206 244 262 296 316 319 329 330 349 370 376 488 503 687 691 707 715 742 791 795 824 908 927 959 969 988
85.6842105263 91.1764705882 29 0 1 2 4 4 4 8 8 9 12 12 16 16 18 19 21 22 23 24 31 36 39 41 42 44 45 48 48 48 0 0 100 123 125 143 199 203 222 249 289 301 307 331 344 395 406 492 526 585 659 748 818 826 836 906 929 951 990
44.4210526316 74.5798319328 29 0 1 1 4 8 13 13 14 16 19 24 27 27 28 31 31 32 32 33 33 36 36 36 37 38 40 44 44 49 0 131 132 172 196 245 251 285 300 315 320 348 354 415 533 566 587 604 633 633 645 738 747 818 838 844 922 951 989
36.2105263158 71.6386554622 29 0 1 3 3 4 4 7 8 9 11 11 11 12 13 15 20 23 24 24 26 27 27 33 33 44 46 46 48 48 0 120 122 177 253 316 334 383 386 413 416 426 469 525 544 590 665 715 723 740 742 830 873 880 911 921 926 967 975
73.4736842105 31.512605042 29 0 4 4 5 8 11 11 15 19 20 22 23 23 24 25 26 27 32 32 32 33 37 37 39 43 44 47 47 48 0 239 254 257 308 345 362 489 505 513 536 549 605 673 702 703 708 711 715 725 725 776 809 810 824 826 875 935 938
64.0 23.1092436975 29 0 1 2 4 6 7 8 9 10 10 10 13 13 14 23 24 25 26 28 31 33 35 37 38 39 39 41 43 44 0 168 238 251 254 282 341 353 438 442 455 470 481 528 530 646 672 686 730 746 749 796 801 878 939 944 953 957 979
38.9473684211 59.4537815126 29 0 1 2 3 5 10 11 14 14 14 16 22 22 25 27 29 30 30 33 33 36 40 40 42 43 43 45 45 47 0 103 200 336 382 425 440 479 498 535 562 567 598 616 644 645 657 741 750 770 776 788 790 791 823 881 882 898 902
27.3684210526 48.1092436975 29 0 5 6 6 8 8 9 10 12 13 18 19 21 21 24 25 25 28 30 30 33 33 36 38 44 45 46 47 48 0 101 101 104 144 167 224 226 261 333 359 374 416 468 500 570 583 637 663 717 781 797 806 881 930 934 953 962 971
59.7894736842 81.7226890756 29 0 0 0 0 0 3 3 4 4 13 13 18 19 21 22 23 24 25 27 31 33 35 37 40 41 44 45 46 48 0 0 173 185 242 321 354 412 490 500 521 548 553 584 612 623 636 723 793 814 822 882 901 902 914 945 953 976 986
92.0 62.6050420168 29 0 2 3 4 6 11 11 14 17 18 18 19 20 21 22 23 33 34 34 38 39 40 43 44 44 45 45 47 48 0 0 138 207 228 258 315 334 418 430 448 469 479 487 510 620 627 637 698 728 747 752 752 754 788 845 878 975 985
54.7368421053 17.8571428571 29 0 0 5 6 9 9 9 10 13 13 18 18 19 19 20 20 21 28 29 30 30 30 33 34 35 35 35 39 45 0 153 155 155 166 179 197 265 366 382 387 487 496 527 532 578 579 607 706 734 765 772 795 820 851 855 855 876 965
49.6842105263 56.0924369748 29 0 1 1 3 6 8 10 10 13 13 17 19 20 21 24 26 26 28 29 33 38 40 42 43 44 44 44 46 48 0 151 176 199 215 238 246 257 386 440 480 538 541 557 624 629 679 690 702 739 759 797 808 823 835 847 860 939 975
49.6842105263 68.9075630252 29 0 0 2 3 3 3 4 6 7 8 10 10 15 16 21 23 28 30 30 33 36 36 41 42 44 44 46 48 49 0 0 152 171 193 222 261 303 384 422 460 471 520 566 570 626 632 643 679 680 695 721 746 749 752 771 888 934 938
60.2105263158 51.8907563025 29 0 2 2 3 7 9 10 10 13 13 15 15 17 18 23 28 29 31 31 32 33 35 37 38 39 40 43 45 47 0 168 218 258 262 283 296 329 367 399 415 434 493 517 551 668 676 722 765 780 795 803 821 834 842 850 900 946 994
46.7368421053 42.6470588235 29 0 2 2 2 3 4 5 5 9 11 15 15 16 16 25 26 26 27 29 30 32 32 37 37 38 40 42 47 48 0 0 112 143 179 212 223 234 257 270 297 309 339 341 348 357 511 523 536 615 690 707 727 811 825 831 914 933 945
50.5263157895 18.6974789916 29 0 5 6 14 15 16 18 20 21 23 23 23 24 25 25 27 28 28 30 32 33 36 43 44 44 45 47 47 49 0 165 179 214 335 378 399 438 445 480 490 525 556 558 582 587 616 632 644 672 693 714 725 780 791 798 809 874 990
57.4736842105 94.1176470588 29 0 1 2 5 6 7 8 8 10 10 11 12 16 19 19 26 27 28 28 29 30 35 37 39 44 45 47 47 47 0 100 134 153 181 198 224 268 315 366 393 418 425 515 561 591 599 622 625 631 718 805 809 824 847 868 873 931 991
71.1578947368 59.243697479 29 0 0 11 12 14 16 16 19 20 22 24 26 28 28 31 32 35 39 39 40 41 41 41 44 46 46 47 48 48 0 0 181 253 291 293 394 398 409 477 558 649 700 712 727 729 745 746 754 803 874 882 890 906 914 929 952 981 983
56.8421052632 43.0672268908 29 0 0 1 3 3 3 4 7 7 9 13 14 18 19 20 21 21 21 22 23 24 25 26 30 34 40 42 45 47 0 0 101 189 207 252 292 297 377 440 443 444 450 472 483 546 551 589 732 748 758 772 811 847 855 879 907 917 957
64.0 50.0 29 0 4 8 8 9 9 14 17 17 18 20 21 21 23 27 28 31 32 32 36 37 37 38 38 38 39 44 44 47 0 128 159 170 185 193 207 210 219 238 240 328 445 447 477 504 583 663 700 705 747 747 812 834 844 909 943 959 996
61.6842105263 81.3025210084 29 0 0 2 6 6 6 8 9 10 10 10 17 18 19 22 22 22 25 31 34 37 39 39 42 45 46 46 46 47 0 0 127 137 176 177 211 249 326 333 487 497 553 561 566 657 663 668 690 693 726 729 747 864 889 913 950 977 988
34.7368421053 13.4453781513 29 0 1 3 4 10 17 18 22 23 24 26 27 27 27 29 32 34 34 35 35 35 45 46 46 46 46 48 48 49 0 125 140 178 221 256 260 273 309 320 332 337 364 367 558 572 586 731 754 776 782 806 824 839 843 913 941 993 996
74.7368421053 47.0588235294 29 0 1 3 3 5 9 10 13 14 15 16 18 20 23 25 29 30 31 31 34 34 36 36 37 37 41 47 47 48 0 164 192 231 241 245 288 348 373 377 426 446 505 506 526 548 558 562 630 631 696 721 777 807 829 829 881 995 996
33.8947368421 10.5042016807 29 0 3 3 4 4 8 10 13 13 14 18 21 22 24 25 25 26 26 28 29 30 35 37 37 38 38 43 44 49 0 185 205 247 250 290 332 358 399 402 419 464 470 504 507 531 561 574 611 678 686 776 838 848 850 877 938 944 984
66.9473684211 32.1428571429 29 0 6 7 9 9 10 12 14 14 15 19 21 24 26 27 30 30 34 35 36 40 43 44 45 46 46 46 47 49 0 0 124 169 202 220 283 311 351 391 436 491 496 522 525 568 577 605 605 613 641 661 673 700 792 794 828 877 937
0.0 18.2773109244 29 0 0 3 3 3 7 9 10 11 13 13 15 17 18 19 20 25 26 27 28 31 36 38 38 40 42 44 48 49 0 302 315 339 340 348 368 400 406 420 420 443 453 462 531 556 602 605 675 704 727 734 745 806 843 864 884 931 943
40.2105263158 73.1092436975 29 0 0 2 3 5 6 7 8 8 9 14 23 24 25 26 26 29 29 32 32 33 33 34 37 41 42 43 44 47 0 0 110 128 157 159 192 243 278 294 407 421 455 472 531 544 548 611 618 729 741 745 757 767 794 806 814 885 992
68.0 33.4033613445 29 0 1 5 7 8 8 11 11 12 14 18 23 25 27 28 29 30 37 37 38 39 43 44 44 45 46 47 47 48 0 0 222 256 285 313 339 383 445 454 456 466 484 493 524 524 538 548 581 661 671 695 865 877 879 886 894 970 985
46.5263157895 89.7058823529 29 0 2 4 5 6 7 7 8 8 10 15 15 18 21 22 25 25 29 30 30 33 34 36 36 40 40 42 46 47 0 105 168 269 294 308 378 385 388 451 459 513 523 524 605 664 686 706 718 772 777 812 850 897 915 944 955 960 979
86.1052631579 45.1680672269 29 0 0 4 4 4 4 6 8 16 17 20 22 23 26 28 29 32 32 33 35 36 36 37 41 45 45 45 48 49 0 141 179 207 216 258 274 315 332 364 418 449 453 453 463 502 561 582 656 671 688 691 697 726 793 852 858 890 925
55.5789473684 52.3109243697 29 0 0 0 0 1 3 5 7 8 10 10 15 17 17 18 21 21 23 23 23 25 25 30 33 34 36 39 45 48 0 0 105 127 207 292 365 382 404 407 409 410 421 485 519 522 536 542 602 684 739 796 863 877 956 980 987 998 999
49.0526315789 44.3277310924 29 0 1 3 4 5 6 7 7 7 9 11 11 12 17 18 21 22 22 22 28 32 36 36 43 43 45 45 47 48 0 100 103 246 301 306 346 348 352 434 464 537 545 550 600 603 634 665 698 705 720 753 777 834 864 888 889 947 949
65.2631578947 49.7899159664 29 0 0 4 8 9 13 15 18 20 23 26 27 28 28 28 29 31 34 35 36 37 39 41 44 45 46 48 48 49 0 108 108 112 117 132 166 170 201 229 270 300 324 339 391 440 554 613 661 670 719 742 743 788 839 855 894 938 946
58.7368421053 61.3445378151 29 0 1 3 3 6 8 8 9 15 18 18 22 22 27 27 32 32 33 38 39 43 44 45 45 46 46 48 48 49 0 0 107 154 204 209 224 238 271 274 287 316 348 385 422 437 449 453 574 655 666 734 787 867 894 905 930 936 992
76.0 69.9579831933 29 0 1 2 3 6 8 10 13 15 15 16 16 17 17 19 19 22 22 23 23 24 24 34 35 35 38 43 43 49 0 122 151 152 180 206 212 252 284 327 351 376 453 458 463 517 635 697 702 732 741 747 763 772 783 840 898 970 985
35.3684210526 69.7478991597 29 0 1 3 4 5 6 7 9 10 10 12 13 18 19 20 20 21 24 24 29 30 31 31 35 36 37 39 40 44 0 159 160 170 200 243 245 277 281 312 314 349 408 411 463 523 528 597 719 751 782 787 803 832 835 890 906 944 990
43.5789473684 77.1008403361 29 0 2 4 5 6 6 9 11 12 12 12 17 19 21 22 22 23 24 26 27 27 29 34 36 37 38 39 40 44 0 104 165 233 266 269 273 323 327 346 367 490 509 528 540 610 617 674 679 685 688 694 711 730 792 823 840 857 992
22.9473684211 34.243697479 29 0 5 6 8 10 11 12 12 13 14 14 15 16 16 18 19 21 22 23 23 28 29 31 32 32 33 42 44 49 0 113 115 152 162 173 174 230 237 294 300 373 486 490 498 563 573 588 715 727 733 775 803 816 869 870 913 928 961
59.1578947368 27.731092437 29 0 0 0 3 5 7 8 9 10 12 12 14 15 16 16 18 22 25 34 35 35 35 39 41 41 44 44 48 49 0 109 138 139 144 155 183 222 230 249 261 303 365 414 460 495 510 538 592 642 795 851 866 882 898 898 898 935 948
18.9473684211 63.2352941176 29 0 2 3 3 9 10 11 12 19 20 21 22 26 30 32 34 36 38 39 39 39 40 42 42 44 46 47 47 49 0 0 124 133 147 152 164 178 220 245 255 264 301 342 344 375 420 432 546 564 573 634 641 720 772 785 805 829 957
33.4736842105 27.5210084034 29 0 3 6 6 7 10 10 14 14 15 16 17 19 19 20 22 24 24 25 25 25 26 31 33 36 40 45 48 48 0 103 140 160 217 252 273 322 392 460 468 480 483 541 567 601 608 624 628 637 670 675 696 740 917 931 976 978 978
75.1578947368 19.3277310924 29 0 0 4 5 6 6 7 8 9 16 16 17 17 22 24 24 25 32 35 35 39 39 40 41 43 44 46 47 48 0 0 141 188 215 292 390 451 452 494 568 584 592 620 665 695 708 709 712 714 765 792 806 824 827 887 958 973 981
76.8421052632 57.1428571429 29 0 0 0 1 2 9 9 13 15 16 21 23 23 24 24 25 27 32 34 35 39 40 42 44 45 46 49 49 49 0 109 125 137 143 207 218 241 249 326 331 376 397 418 422 424 449 460 530 639 687 711 722 800 873 881 883 962 999
44.4210526316 64.0756302521 29 0 1 4 8 8 10 11 12 12 16 19 21 21 23 23 25 25 25 28 29 32 34 37 38 38 39 41 46 48 0 0 124 205 209 211 277 322 328 335 452 508 522 532 548 558 570 579 619 639 654 696 699 782 812 865 881 939 968
58.5263157895 51.6806722689 29 0 4 4 5 7 8 9 10 11 13 17 17 21 22 23 24 26 28 31 35 38 38 39 40 41 43 45 48 49 0 0 156 161 184 233 240 392 405 407 455 484 520 538 557 559 597 622 667 731 746 792 805 837 838 900 950 977 997
40.4210526316 29.2016806723 29 0 0 2 3 5 7 9 11 13 14 14 18 19 19 20 22 32 33 33 34 35 37 42 43 44 44 46 46 47 0 102 192 216 220 226 268 286 307 336 373 377 394 438 461 498 513 548 567 649 725 728 778 827 845 848 869 903 937
3.78947368421 58.1932773109 29 0 1 7 12 12 13 18 23 24 24 24 25 26 27 27 29 29 31 34 34 34 39 40 41 42 42 44 45 46 0 112 114 116 141 149 168 174 184 185 195 248 256 267 274 279 334 421 579 581 646 810 816 832 852 973 975 976 980
37.2631578947 65.756302521 29 0 0 3 3 4 4 4 5 11 14 19 20 21 29 30 31 31 31 31 32 34 36 36 36 45 46 46 48 49 0 0 115 144 160 202 237 255 267 270 275 278 327 346 414 525 528 529 533 538 665 719 720 743 762 774 872 874 904
56.4210526316 92.6470588235 29 0 1 2 2 5 7 9 11 16 22 26 29 35 35 35 36 36 37 38 40 41 41 45 46 47 47 47 49 49 0 184 190 191 192 199 206 216 251 259 319 335 351 435 452 454 454 470 480 484 491 513 588 639 661 692 720 858 913
82.5263157895 65.756302521 29 0 1 1 1 1 3 4 4 7 7 11 15 16 21 24 24 33 34 36 37 38 38 40 40 41 42 43 45 48 0 193 263 283 374 403 409 432 494 503 518 573 575 588 612 617 619 624 676 706 706 708 757 761 762 771 858 906 967
88.8421052632 42.0168067227 29 0 0 3 3 8 11 11 12 18 19 20 22 23 24 25 27 28 29 30 31 31 32 33 35 41 41 42 42 47 0 154 187 192 244 244 279 323 373 412 413 424 427 430 486 521 567 572 590 615 619 686 695 851 858 879 886 908 921
53.4736842105 20.1680672269 29 0 1 2 5 5 8 11 12 15 16 17 20 20 20 21 23 24 26 27 31 32 33 33 38 38 47 47 47 48 0 151 159 168 168 169 236 245 258 323 366 408 418 427 458 477 499 584 605 728 739 745 748 776 796 864 866 892 922
24.4210526316 33.6134453782 29 0 0 2 5 6 9 9 10 11 12 17 21 22 22 23 26 26 27 27 28 36 40 40 41 44 46 47 49 49 0 115 118 158 205 250 261 320 320 323 325 334 358 362 439 473 482 505 531 545 610 614 650 653 683 781 858 896 933
49.8947368421 24.1596638655 29 0 0 2 3 3 3 5 6 6 7 8 10 12 16 16 17 22 23 24 26 27 31 32 37 37 42 47 48 49 0 113 131 163 176 297 311 320 387 468 478 492 526 664 671 683 705 726 732 746 747 759 781 785 841 844 895 980 999
45.2631578947 65.9663865546 29 0 3 6 9 9 10 11 13 15 16 18 18 18 19 20 23 27 28 30 31 32 32 33 35 40 41 42 45 48 0 123 240 244 255 259 275 279 294 314 385 468 472 510 514 540 545 591 627 641 779 784 817 819 835 925 930 972 985
73.4736842105 31.3025210084 29 0 2 7 9 9 11 12 12 14 15 17 22 24 26 26 26 28 30 32 37 38 38 39 41 42 43 43 45 45 0 117 170 201 220 245 248 285 323 324 405 440 459 498 504 552 613 617 694 706 710 765 773 791 860 927 932 941 998
60.6315789474 68.9075630252 29 0 0 2 3 5 5 9 9 11 12 15 15 15 25 27 28 34 35 36 40 40 41 42 45 45 46 49 49 49 0 130 179 228 261 328 341 361 392 444 475 491 563 576 582 608 645 675 712 717 749 762 771 821 840 850 889 928 944
63.3684210526 59.8739495798 29 0 0 1 3 3 3 10 10 15 16 17 19 20 20 21 25 29 33 34 34 34 35 36 37 39 40 43 47 47 0 101 141 194 201 213 218 242 246 257 262 269 318 378 387 392 418 439 504 524 547 570 572 610 802 897 918 940 987
33.8947368421 21.218487395 29 0 0 2 4 6 10 12 13 14 20 20 22 23 24 27 27 28 33 38 38 42 42 43 44 44 46 46 46 46 0 0 112 116 130 146 224 233 288 288 376 404 407 410 422 464 517 535 582 653 683 704 718 731 822 873 972 979 997
45.0526315789 41.5966386555 29 0 1 1 2 2 3 3 4 6 9 10 12 18 18 18 20 23 27 31 36 36 40 41 43 43 45 46 47 48 0 129 139 181 234 306 330 342 351 360 521 554 566 585 634 656 658 666 723 737 826 830 847 910 918 929 954 956 963
51.5789473684 52.5210084034 29 0 1 4 5 7 9 10 11 13 14 15 16 18 21 22 25 26 26 27 29 30 34 35 36 40 40 42 46 47 0 0 122 156 161 179 243 253 278 288 301 395 403 494 495 496 511 513 536 552 692 704 733 759 780 812 903 923 955
70.1052631579 88.6554621849 29 0 2 3 8 8 10 14 17 18 25 26 30 31 32 33 34 35 36 37 38 41 41 44 45 45 45 46 46 48 0 0 112 113 138 150 239 268 295 301 337 384 429 447 602 697 701 724 732 753 771 787 821 858 876 896 938 947 958
26.7368421053 26.6806722689 29 0 1 2 6 7 8 9 11 12 16 19 21 21 22 22 26 28 28 33 33 34 39 41 41 41 43 46 49 49 0 107 126 131 159 184 219 254 284 326 349 354 426 434 437 446 482 486 733 758 763 770 789 863 875 880 939 978 985
71.1578947368 46.8487394958 29 0 0 1 2 2 2 3 5 9 11 11 13 15 15 19 25 25 27 30 31 31 32 37 42 46 46 47 47 48 0 114 115 121 124 205 226 254 287 309 315 372 376 388 423 440 452 468 470 475 503 518 620 686 759 764 773 938 938
48.6315789474 73.3193277311 29 0 4 5 7 9 10 10 11 11 17 17 19 20 20 20 21 24 25 25 26 27 27 30 35 41 43 44 47 48 0 187 368 434 437 464 476 588 603 607 636 659 712 730 740 750 790 815 819 822 825 834 857 883 899 902 902 919 924
63.7894736842 65.5462184874 29 0 1 2 6 10 11 13 14 15 17 18 19 22 22 22 23 27 28 28 29 31 35 36 36 37 47 48 48 49 0 106 112 142 259 345 376 378 461 481 516 518 542 577 581 582 660 665 667 730 742 804 808 813 836 903 916 961 999
25.4736842105 18.6974789916 29 0 3 4 4 5 7 9 9 9 14 15 18 20 22 24 24 29 30 31 33 36 36 37 41 42 42 43 45 48 0 102 161 192 196 210 233 264 272 370 378 442 477 490 565 566 590 651 673 692 718 773 774 791 801 873 939 946 989
43.3684210526 72.6890756303 29 0 2 4 4 6 8 8 9 12 13 15 17 18 19 22 24 25 29 30 33 43 44 44 45 47 47 48 48 49 0 106 128 150 217 242 248 255 269 341 345 447 477 507 514 527 639 643 660 689 704 722 751 894 912 939 958 975 979
64.0 97.6890756303 29 0 0 1 1 4 5 8 13 16 17 20 22 24 26 27 28 32 32 34 34 38 39 39 42 42 45 45 46 47 0 0 112 149 164 175 204 214 217 229 239 267 298 316 324 392 404 435 461 486 609 646 652 679 693 709 834 953 959
34.1052631579 32.1428571429 29 0 3 5 10 11 13 13 14 14 14 18 18 18 24 26 27 30 31 32 34 34 35 36 38 41 45 46 47 49 0 110 116 151 215 228 319 430 462 478 485 490 494 542 597 641 663 731 778 786 850 851 903 934 937 944 962 963 966
88.0 19.9579831933 29 0 0 3 3 3 4 9 9 10 14 17 18 20 22 23 24 27 29 32 35 36 38 39 39 41 45 45 46 47 0 104 125 129 141 199 211 220 235 237 262 289 400 417 495 529 563 567 603 626 631 680 699 725 740 744 756 915 917
69.6842105263 72.4789915966 29 0 0 1 1 7 7 7 8 9 11 20 23 24 25 25 29 32 33 35 36 36 38 40 43 43 44 48 49 49 0 191 192 207 212 251 255 293 299 343 385 397 407 433 489 575 613 641 660 662 688 719 794 846 879 880 910 910 956
42.3157894737 33.8235294118 29 0 0 1 1 2 3 5 6 8 8 8 12 16 18 24 24 29 31 32 33 34 37 38 38 39 40 43 49 49 0 181 182 228 399 451 464 465 486 499 502 505 528 545 599 614 627 640 641 674 687 770 770 794 840 847 874 914 923
47.7894736842 26.4705882353 29 0 0 1 1 12 13 14 15 17 24 24 24 27 28 30 30 30 31 31 32 33 36 37 37 40 40 42 43 49 0 130 161 210 225 308 323 353 356 395 454 479 504 530 538 630 650 689 699 715 777 778 794 824 832 860 874 884 984
45.8947368421 57.7731092437 29 0 1 2 7 10 10 13 14 14 14 15 20 25 27 35 35 35 37 38 38 40 42 43 43 44 44 44 45 46 0 119 126 162 166 190 193 208 255 263 279 345 365 372 427 453 563 673 691 697 718 784 794 851 851 852 903 921 940
43.5789473684 53.3613445378 29 0 1 3 6 8 9 10 11 13 13 18 24 24 26 26 26 29 30 31 32 33 38 38 43 44 46 46 47 47 0 169 178 218 238 327 354 357 419 446 455 464 484 487 502 528 548 627 694 729 736 778 786 786 821 939 952 974 986
69.2631578947 83.6134453782 29 0 0 2 6 6 8 9 9 14 14 17 20 22 26 26 27 29 29 31 31 32 33 36 38 39 41 42 49 49 0 157 224 259 273 295 361 386 395 403 451 513 519 529 534 536 566 568 684 685 701 724 780 815 826 886 890 904 989
26.3157894737 45.3781512605 29 0 0 1 3 3 4 4 5 9 11 14 16 17 19 21 21 22 22 22 28 30 30 30 33 37 39 42 45 49 0 0 115 148 168 236 243 315 349 397 426 543 546 631 635 643 671 776 811 841 870 893 895 899 909 917 981 987 990
28.4210526316 53.1512605042 29 0 0 0 0 1 4 5 8 12 14 15 18 19 23 25 25 26 27 29 32 36 36 42 45 45 46 47 48 49 0 115 145 154 186 224 239 279 337 418 424 428 444 518 560 615 623 669 683 692 767 802 835 851 864 904 929 984 991
32.0 74.3697478992 29 0 4 4 6 7 7 8 8 9 9 10 11 13 14 18 19 22 23 24 25 26 28 36 37 38 41 49 49 49 0 100 107 128 139 204 224 245 293 315 357 365 419 429 438 481 580 630 649 671 672 709 712 719 726 759 849 906 990
54.3157894737 50.8403361345 29 0 3 3 4 4 5 8 11 12 13 23 23 24 24 28 31 33 34 36 36 37 37 37 40 40 42 43 46 48 0 151 180 196 251 261 305 342 404 410 474 543 544 551 597 623 625 633 687 696 734 792 885 886 956 957 975 985 993
78.3157894737 48.5294117647 29 0 1 1 2 3 3 5 5 5 7 7 10 12 17 20 21 23 25 27 31 36 39 40 41 42 44 44 45 47 0 106 111 130 160 291 302 304 338 426 470 507 546 579 584 661 710 724 738 763 771 790 895 912 937 938 956 960 970
41.6842105263 51.0504201681 29 0 0 0 3 3 4 4 4 6 6 7 12 18 20 24 25 29 29 30 30 31 31 33 34 35 36 39 42 43 0 0 101 160 162 163 228 322 409 428 465 469 516 553 593 645 697 735 738 757 764 791 799 850 920 924 937 939 992
86.1052631579 75.6302521008 29 0 1 2 2 5 6 6 10 12 17 18 20 20 20 22 22 22 24 27 30 32 35 38 38 38 39 41 41 42 0 127 177 218 251 326 328 336 342 342 379 421 477 480 493 514 515 527 612 704 744 820 902 905 906 917 921 925 976
41.8947368421 64.9159663866 29 0 0 2 3 8 9 13 19 20 22 22 24 24 25 25 28 28 30 32 32 36 36 36 36 38 40 45 47 49 0 0 150 153 191 224 303 317 352 362 417 426 441 445 537 558 594 632 675 697 708 745 766 803 815 909 911 935 948
63.5789473684 29.8319327731 29 0 4 5 6 9 9 11 13 14 14 16 16 16 17 20 22 31 33 34 38 38 39 40 42 46 47 47 48 49 0 0 108 144 158 158 169 222 263 319 330 353 365 366 366 444 500 537 575 637 683 780 828 847 936 947 970 975 983
89.0526315789 65.3361344538 29 0 0 0 0 1 6 8 8 10 14 16 17 20 21 22 25 26 26 28 31 33 35 35 36 40 43 44 45 46 0 125 177 179 248 294 299 312 322 398 400 544 649 658 690 745 767 791 791 793 855 859 892 897 900 905 937 959 965
29.0526315789 66.1764705882 29 0 0 0 1 2 3 4 5 6 7 11 12 14 14 22 23 26 26 28 31 33 33 33 36 37 39 43 45 45 0 107 114 142 151 153 178 198 203 215 259 364 401 407 422 468 480 484 565 566 608 667 708 755 783 788 801 827 838
44.2105263158 52.1008403361 29 0 4 6 6 6 8 9 10 12 12 14 16 18 19 23 27 29 30 32 32 33 34 39 40 43 45 48 49 49 0 243 287 320 355 362 375 386 391 397 402 454 470 563 577 589 597 635 641 646 710 734 753 795 819 828 845 907 919
41.8947368421 82.3529411765 29 0 5 7 7 8 12 14 17 21 22 23 23 24 25 25 25 26 28 28 33 33 34 40 41 44 45 46 48 49 0 120 130 239 240 257 267 328 330 387 439 465 492 545 560 587 588 600 613 661 695 774 786 806 835 855 858 920 932
18.5263157895 42.2268907563 29 0 0 0 1 4 5 6 7 8 9 9 11 17 18 18 20 22 22 24 26 29 33 34 36 36 37 41 45 49 0 195 204 205 206 320 326 352 443 451 456 457 499 544 563 594 664 702 720 791 802 812 814 826 864 869 937 968 971
58.7368421053 46.0084033613 29 0 0 1 2 4 10 11 14 15 17 20 20 28 29 30 31 32 37 40 43 43 44 44 45 46 48 48 49 49 0 0 141 142 172 236 274 286 306 373 386 389 428 429 446 514 635 640 647 672 683 686 692 745 805 824 839 861 949
25.2631578947 43.2773109244 29 0 1 3 5 7 8 12 13 15 18 19 20 25 25 29 29 31 32 32 33 34 36 38 38 41 42 43 43 48 0 154 216 264 267 269 419 421 440 454 464 511 551 563 661 720 720 739 742 771 794 797 816 862 885 924 932 943 998
69.2631578947 53.5714285714 29 0 2 2 2 2 4 5 6 7 7 8 10 12 17 19 22 23 24 26 26 29 29 35 36 40 41 42 42 43 0 0 120 217 228 252 264 302 310 366 375 391 401 435 453 498 516 527 576 630 725 775 790 812 851 854 862 977 990
66.1052631579 62.6050420168 29 0 2 4 4 4 6 6 6 6 8 10 11 12 13 15 17 24 26 29 30 35 37 39 39 41 41 41 43 47 0 119 130 139 139 172 210 232 235 242 316 342 379 436 467 487 533 538 550 588 591 623 699 792 849 862 881 887 993
93.0526315789 86.974789916 29 0 0 2 4 5 7 10 14 17 18 18 19 20 20 21 23 25 30 31 33 34 36 40 42 43 46 47 47 48 0 153 273 283 287 341 347 361 422 460 475 480 510 514 522 565 583 599 606 661 675 803 832 853 896 902 905 905 986
48.6315789474 51.0504201681 29 0 0 1 2 3 6 10 11 11 21 22 23 25 26 27 30 30 30 34 35 36 40 42 42 44 45 45 48 49 0 191 258 332 367 418 498 519 523 530 572 600 607 646 654 715 720 741 754 772 774 779 841 859 860 870 881 919 922
56.0 72.0588235294 29 0 3 6 7 12 12 12 13 15 16 17 18 18 18 23 24 25 25 25 25 26 27 28 32 33 34 42 45 45 0 100 109 142 187 309 324 342 348 369 397 452 487 543 621 642 667 705 810 850 853 909 919 927 934 936 954 980 995
46.7368421053 51.8907563025 29 0 0 0 0 4 5 7 11 11 15 15 17 21 21 25 28 29 29 31 34 35 36 41 41 43 44 44 44 49 0 104 116 129 174 178 194 201 243 279 282 312 325 468 577 590 608 640 686 698 699 722 740 749 760 787 852 906 992
57.4736842105 78.9915966387 29 0 1 1 1 2 4 5 8 8 10 15 18 23 24 25 26 26 32 33 35 36 37 37 37 40 44 44 46 47 0 119 207 239 256 265 309 361 379 395 414 449 493 523 577 695 724 752 784 811 856 861 878 886 918 944 946 947 983
88.2105263158 70.5882352941 29 0 2 3 4 7 7 8 12 12 14 14 14 18 20 20 21 27 27 29 31 32 38 39 39 42 43 44 45 46 0 141 152 196 208 227 234 253 279 280 345 488 529 537 551 600 638 640 681 723 763 771 798 820 841 855 863 874 916
4.84210526316 42.8571428571 29 0 4 6 9 9 11 12 12 14 14 16 19 20 21 25 25 26 26 27 28 30 35 40 42 43 43 43 48 49 0 163 239 257 262 271 372 375 377 397 504 510 522 551 579 580 581 615 689 720 766 819 843 869 881 883 941 959 996
67.5789473684 73.5294117647 29 0 0 1 3 6 8 8 10 10 12 13 14 17 18 20 21 23 28 30 32 32 34 38 39 41 42 42 46 46 0 0 101 108 163 185 203 212 246 259 288 300 447 459 496 508 511 556 616 623 629 727 732 767 846 887 921 958 973
67.5789473684 38.8655462185 29 0 0 3 6 7 12 14 15 16 17 18 18 19 19 23 24 27 28 28 32 33 35 37 39 39 42 42 43 49 0 111 161 167 184 201 226 237 246 254 292 295 341 341 553 649 659 684 746 755 764 764 766 767 778 823 845 923 939
50.3157894737 100.0 29 0 1 2 2 5 6 7 11 12 12 17 17 22 24 27 28 29 30 31 35 35 37 37 38 39 40 43 43 49 0 111 179 186 194 202 233 250 303 304 328 398 440 463 487 537 549 587 614 618 678 723 728 767 850 899 964 981 990
23.1578947368 65.9663865546 29 0 0 2 7 8 12 14 15 16 18 19 19 22 23 25 28 28 31 32 32 35 37 41 41 43 44 47 49 49 0 0 129 156 183 242 324 340 344 381 394 418 420 423 451 528 597 632 648 658 713 720 782 783 792 807 840 943 972
59.1578947368 50.2100840336 29 0 3 4 4 4 9 10 12 14 16 19 21 21 26 28 29 31 32 33 35 35 36 41 42 42 44 44 45 49 0 115 118 126 135 321 362 391 462 477 488 568 595 606 618 669 694 706 708 725 769 776 782 804 810 859 862 864 865
31.5789473684 65.9663865546 29 0 1 1 2 2 3 4 10 12 14 16 17 19 25 26 29 31 32 35 37 40 40 42 44 45 45 45 48 48 0 0 106 124 229 301 305 385 432 453 531 626 632 688 695 705 705 725 762 767 783 865 872 898 901 929 929 953 971
34.9473684211 24.7899159664 29 0 5 5 6 9 10 10 10 10 12 14 14 14 14 15 15 17 22 22 23 27 28 30 34 35 37 38 43 43 0 0 102 111 134 180 195 242 287 324 354 413 461 488 496 549 560 567 620 657 663 676 686 763 773 779 787 799 953
28.0 76.0504201681 29 0 0 1 3 5 5 5 5 6 8 9 15 15 15 16 16 17 21 23 25 30 31 32 33 35 37 44 45 49 0 0 130 156 168 173 229 263 313 325 344 370 379 407 469 485 501 507 540 604 636 671 684 725 773 784 915 997 999
56.8421052632 62.1848739496 29 0 0 2 2 5 7 11 12 14 20 22 23 23 24 24 29 30 30 33 37 38 38 39 42 43 44 44 44 49 0 146 191 201 208 218 246 310 375 380 423 489 526 532 536 629 637 678 697 727 738 738 765 811 902 940 950 992 995
74.7368421053 73.3193277311 29 0 5 9 10 10 11 12 13 15 19 24 24 27 27 28 29 30 31 33 37 38 38 39 41 42 43 43 47 47 0 0 185 222 232 270 306 326 335 399 438 452 467 488 637 692 712 725 745 748 780 802 825 884 932 956 967 982 989
30.9473684211 75.6302521008 29 0 4 5 7 8 11 13 14 14 16 18 18 21 22 22 23 23 24 25 29 33 33 36 36 37 40 41 48 49 0 0 131 147 161 202 212 247 268 298 313 351 360 371 383 417 490 514 521 536 580 671 701 719 794 840 939 944 983
44.4210526316 15.756302521 29 0 0 3 3 4 8 11 11 13 15 19 21 22 23 29 30 35 36 36 39 40 40 40 44 45 46 46 47 48 0 129 153 206 224 258 280 339 427 429 436 540 555 596 649 650 652 658 679 730 731 772 774 854 875 922 933 955 983
48.4210526316 60.2941176471 29 0 1 2 5 7 14 16 19 20 21 26 27 29 29 29 33 35 35 36 37 39 40 41 43 45 46 46 47 48 0 153 162 181 185 192 238 337 343 378 382 465 469 513 540 551 552 563 635 668 671 709 799 902 923 935 958 960 968
48.4210526316 50.6302521008 29 0 2 2 6 7 8 14 15 17 17 21 22 23 24 26 26 26 27 28 33 33 33 34 35 38 42 42 48 49 0 0 132 198 200 224 231 232 363 370 388 409 433 438 466 468 479 516 522 531 565 580 591 652 656 669 883 935 950
70.7368421053 32.1428571429 29 0 0 1 3 4 4 6 8 10 12 13 14 22 23 23 24 24 29 29 30 30 31 35 35 38 40 44 49 49 0 123 216 269 273 398 429 446 479 505 505 529 537 556 564 579 627 637 639 643 649 663 724 833 887 917 972 976 997
87.7894736842 52.731092437 29 0 0 3 5 6 7 7 7 8 8 9 12 15 15 15 19 20 23 25 28 31 36 40 40 42 44 45 46 48 0 127 137 191 214 227 274 278 289 312 358 433 459 566 567 579 592 638 646 673 774 781 818 834 848 878 897 964 991
47.1578947368 39.2857142857 29 0 0 1 5 6 7 8 10 13 14 14 16 17 20 20 22 23 23 25 27 29 30 33 34 36 36 39 48 48 0 189 205 234 236 247 271 324 386 428 429 448 477 520 521 586 590 699 699 749 750 751 751 781 844 878 921 930 943
40.8421052632 62.6050420168 29 0 1 5 6 8 11 12 14 15 18 20 22 24 24 24 24 25 26 28 29 32 33 34 37 39 39 45 46 47 0 130 173 188 245 259 314 338 365 366 391 435 487 627 751 784 826 850 858 867 875 880 891 894 908 928 946 971 982
46.1052631579 38.2352941176 29 0 3 4 5 6 7 8 10 11 14 15 15 20 20 22 23 23 25 26 26 30 35 36 40 42 43 45 46 48 0 104 118 137 147 168 218 279 290 328 363 369 371 382 507 544 557 571 594 600 645 702 718 723 725 767 864 961 992
30.7368421053 84.8739495798 29 0 0 3 4 7 8 9 12 12 13 13 14 15 17 18 19 20 20 21 24 24 26 27 29 33 34 43 46 46 0 0 164 165 235 247 271 286 314 335 445 471 505 546 563 597 602 602 632 703 730 798 830 831 877 879 911 975 989
28.2105263158 19.3277310924 29 0 0 1 3 6 14 14 17 18 20 22 22 23 24 24 26 28 28 29 29 31 35 39 42 43 43 44 46 47 0 140 157 171 174 208 219 229 234 283 325 359 362 479 537 539 582 604 607 642 694 765 789 818 845 891 910 969 974
65.2631578947 73.9495798319 29 0 3 5 6 8 8 10 12 14 14 15 15 15 19 19 22 25 30 33 33 33 36 39 40 41 41 41 44 47 0 0 133 133 147 195 241 251 265 304 391 412 415 416 417 433 458 504 556 620 625 627 798 883 889 896 935 954 959
72.4210526316 74.3697478992 29 0 1 1 8 9 12 13 14 18 24 25 25 25 26 26 26 29 29 29 29 30 31 32 36 37 38 41 42 43 0 123 134 232 303 343 362 389 408 528 528 550 589 591 667 669 684 764 799 800 842 844 887 911 926 956 960 976 997
100.0 55.2521008403 29 0 0 1 3 3 5 6 7 11 12 12 13 14 19 21 22 22 23 26 27 32 33 34 38 42 42 42 43 45 0 0 179 247 262 292 360 414 420 433 464 474 508 532 548 587 596 686 708 726 762 816 829 845 859 869 952 993 996
40.8421052632 53.9915966387 29 0 4 5 7 7 8 9 14 19 20 21 24 24 29 32 32 38 38 39 40 40 40 42 43 45 45 48 49 49 0 0 115 192 248 254 327 347 403 408 546 603 625 648 668 700 700 771 792 822 893 902 913 915 923 926 987 991 994
45.4736842105 67.4369747899 29 0 0 1 3 3 6 6 8 9 15 16 17 17 17 27 28 29 31 32 32 33 39 39 41 41 46 46 47 48 0 108 211 235 261 268 294 439 463 484 515 520 527 542 554 555 585 660 666 714 751 769 786 792 862 911 915 950 959
70.5263157895 41.5966386555 29 0 0 1 1 3 3 3 3 5 7 8 10 10 12 15 17 23 23 25 25 27 28 34 35 39 40 44 45 49 0 105 127 164 217 219 227 227 295 297 353 367 435 454 497 519 564 682 691 693 755 758 842 845 853 907 914 949 965
48.4210526316 87.6050420168 29 0 0 1 1 4 5 7 7 7 10 11 11 12 17 18 20 23 23 25 26 32 32 33 34 37 44 45 46 46 0 147 152 176 203 226 237 248 282 282 294 343 362 372 372 474 555 557 590 687 705 782 817 844 920 922 950 993 999
73.6842105263 50.8403361345 29 0 1 6 8 9 9 11 11 11 15 15 15 20 21 23 24 24 26 28 28 33 34 35 36 42 45 46 47 48 0 0 129 233 273 292 334 380 429 477 550 559 559 580 580 610 615 674 703 721 730 740 760 828 834 890 920 924 998
57.8947368421 76.8907563025 29 0 1 3 5 5 5 9 13 15 16 16 20 27 28 33 34 38 38 39 41 41 42 43 43 43 47 47 48 49 0 138 160 197 221 250 357 413 473 479 565 580 586 599 624 640 642 659 665 705 756 796 797 818 822 833 939 976 978
74.7368421053 52.3109243697 29 0 1 1 3 3 3 5 8 9 14 14 17 18 18 20 20 22 26 29 30 30 31 31 34 43 43 47 48 49 0 101 155 162 165 192 193 286 344 380 384 389 414 539 609 631 647 698 801 808 818 831 896 920 925 939 946 947 986
95.7894736842 54.4117647059 29 0 4 4 6 6 7 8 8 10 11 12 14 17 21 21 21 21 24 25 27 28 34 36 38 38 40 41 45 46 0 0 164 208 214 227 276 287 312 334 380 381 382 433 474 479 501 509 597 675 687 710 721 782 793 860 892 896 977
65.4736842105 33.8235294118 29 0 3 3 4 6 6 10 11 13 14 14 17 19 20 21 21 23 30 31 31 33 34 35 37 38 42 43 47 47 0 128 159 173 202 256 322 355 366 395 401 403 468 506 508 541 555 568 602 611 633 637 637 641 690 713 731 803 844
32.4210526316 40.3361344538 29 0 10 11 14 14 17 19 19 20 20 20 22 22 23 24 24 26 30 30 33 34 36 37 41 42 43 43 45 46 0 162 171 223 289 346 409 426 448 448 458 461 480 537 538 580 630 632 647 793 799 810 833 872 900 905 983 990 994
96.8421052632 88.4453781513 29 0 0 2 3 4 7 10 16 19 20 22 23 24 28 29 30 32 34 34 34 35 36 36 37 45 45 46 48 49 0 180 184 203 282 286 327 332 374 428 451 452 458 460 466 552 594 648 681 683 708 728 786 818 849 918 927 970 988
70.3157894737 10.5042016807 29 0 1 2 3 4 9 13 14 16 17 18 20 20 21 23 23 28 31 35 37 38 40 41 41 42 43 43 48 48 0 143 166 178 191 245 307 375 436 480 575 623 643 645 671 714 721 729 733 737 743 747 748 796 819 901 935 947 966
74.3157894737 46.218487395 29 0 0 1 1 2 3 3 4 4 6 8 10 11 13 14 14 19 27 28 30 35 35 38 38 39 40 44 44 45 0 136 171 188 193 241 251 309 331 366 405 414 416 451 505 531 547 574 576 580 630 716 718 754 760 808 812 838 917
48.0 29.2016806723 29 0 1 4 5 5 7 9 9 13 17 18 19 19 20 23 23 29 32 33 33 39 41 43 45 46 47 47 48 49 0 166 170 214 235 298 301 305 321 341 351 372 452 466 500 591 600 664 711 720 771 777 831 856 870 889 974 980 987
70.7368421053 27.3109243697 29 0 0 0 1 2 5 6 7 12 12 13 16 16 19 20 21 21 25 25 28 29 33 35 35 39 41 42 47 47 0 0 102 185 193 219 221 245 257 262 345 354 425 443 472 496 559 610 621 676 724 732 873 891 918 931 966 971 987
87.5789473684 71.8487394958 29 0 2 7 8 8 9 12 14 15 15 15 16 16 20 22 25 26 26 26 31 31 34 34 40 42 45 45 47 49 0 137 142 143 145 150 168 174 242 260 310 403 407 426 454 477 478 541 569 589 607 683 706 801 831 837 844 845 929
61.8947368421 42.4369747899 29 0 2 11 11 11 14 15 15 16 17 19 22 22 28 30 31 32 32 33 37 40 40 41 41 41 43 44 44 46 0 0 149 162 189 229 263 334 336 436 472 513 546 560 660 674 688 689 708 714 722 724 743 807 812 883 903 914 983
49.0526315789 26.0504201681 29 0 0 1 1 3 3 13 16 16 18 22 25 26 27 30 30 31 32 33 33 36 37 38 38 41 42 43 44 48 0 204 204 210 215 217 267 329 382 385 408 459 469 475 494 498 599 653 659 689 728 833 841 858 880 884 950 978 983
43.3684210526 30.6722689076 29 0 0 3 5 8 10 11 11 14 14 15 16 22 22 23 23 24 25 26 27 31 32 36 38 40 45 45 48 49 0 174 178 241 274 277 335 365 378 399 445 497 537 573 646 692 714 736 812 845 852 884 892 894 895 912 960 987 988
39.3684210526 22.268907563 29 0 1 3 3 5 6 9 13 13 14 19 19 19 19 21 21 22 23 26 29 31 31 32 40 41 45 47 49 49 0 0 165 175 176 218 263 291 352 470 496 522 588 641 673 687 695 710 729 749 763 765 772 782 844 864 877 967 984
96.2105263158 79.8319327731 29 0 0 2 2 4 5 5 6 6 7 10 12 12 14 18 26 27 29 31 31 34 36 40 41 41 42 44 48 49 0 100 155 216 237 266 267 310 318 321 413 448 508 527 560 574 611 617 667 685 693 694 737 742 817 868 957 982 990
79.7894736842 55.2521008403 29 0 0 2 2 3 3 3 4 6 12 12 12 15 15 24 25 27 28 30 31 37 38 42 44 44 47 47 47 49 0 125 200 296 311 330 388 453 492 532 559 658 662 667 667 685 700 701 703 716 717 721 788 877 891 894 968 968 989
52.6315789474 39.4957983193 29 0 0 1 1 6 9 10 10 14 18 20 22 23 23 24 26 26 30 31 33 35 35 39 40 41 42 45 47 49 0 102 122 196 228 276 341 393 409 444 520 567 579 716 771 772 775 778 797 828 849 856 869 876 885 904 935 937 985
56.0 67.6470588235 29 0 1 1 4 4 5 7 7 10 11 12 16 17 20 21 21 23 23 25 26 27 30 37 39 40 41 42 44 47 0 130 135 156 165 175 177 261 305 305 342 353 353 434 461 622 647 655 692 705 764 783 834 901 908 941 955 964 968
35.5789473684 57.9831932773 29 0 2 3 10 10 12 13 14 14 15 15 16 19 26 26 27 30 30 36 36 39 40 42 43 43 43 47 48 49 0 0 166 248 311 313 314 372 407 411 419 448 522 545 570 583 640 663 695 715 717 732 735 740 754 760 844 921 925
72.0 19.3277310924 29 0 1 3 6 7 8 9 11 14 14 16 16 23 24 27 28 28 29 31 31 32 32 32 34 40 40 41 44 47 0 105 132 202 208 225 226 256 308 311 312 330 348 354 375 409 422 429 432 445 579 607 627 692 713 851 857 869 964
17.8947368421 53.5714285714 29 0 0 6 11 13 15 15 18 22 23 24 25 26 28 28 31 31 33 35 36 37 38 38 38 38 45 45 47 47 0 123 128 172 244 328 400 413 447 515 553 564 577 581 637 698 701 711 717 745 808 824 833 859 862 864 884 904 987
16.4210526316 78.3613445378 29 0 0 1 3 4 4 8 8 11 13 13 17 17 21 23 26 26 26 30 34 36 38 39 40 41 42 43 45 45 0 122 146 147 164 203 206 224 230 263 288 344 368 395 400 556 563 595 639 658 669 704 744 758 833 863 874 909 988
68.2105263158 59.6638655462 29 0 1 1 5 6 8 14 15 15 19 20 20 21 25 26 27 28 28 31 32 33 35 37 38 39 39 40 45 48 0 127 192 196 203 228 250 292 307 393 402 421 456 465 504 505 505 528 554 573 642 719 724 775 873 878 955 960 999
44.2105263158 58.8235294118 29 0 3 3 9 9 11 12 12 13 14 17 19 20 28 28 29 37 39 42 43 43 44 44 45 45 46 47 48 48 0 157 232 258 258 341 370 373 384 390 401 470 540 542 598 612 618 638 659 693 736 782 784 838 850 884 977 980 980
57.4736842105 77.5210084034 29 0 0 6 10 11 11 11 13 14 15 16 16 17 19 20 25 28 30 30 34 35 35 36 38 42 43 43 46 47 0 0 150 187 212 216 234 285 322 405 419 420 421 458 515 558 613 662 686 687 829 855 874 898 898 934 935 975 999
39.7894736842 87.8151260504 29 0 0 1 3 10 10 14 14 15 15 16 18 20 22 24 26 31 31 31 34 35 38 42 43 44 44 45 46 49 0 139 196 231 235 240 242 296 402 442 465 472 510 514 514 646 650 651 676 706 728 753 759 761 771 827 881 916 966
9.05263157895 68.2773109244 29 0 3 6 8 11 11 13 14 14 16 16 21 21 22 22 23 24 33 35 35 36 37 40 45 45 47 48 49 49 0 122 127 168 199 258 262 323 326 418 460 565 565 577 620 648 683 684 705 738 783 811 821 826 858 873 905 950 969
76.2105263158 64.0756302521 29 0 1 3 4 7 8 11 11 14 14 15 15 17 21 25 26 31 32 34 34 38 38 40 41 42 45 45 47 49 0 0 152 177 198 217 234 247 324 449 465 476 478 520 534 552 600 611 642 712 762 778 782 795 828 917 932 961 985
56.6315789474 60.0840336134 29 0 2 4 6 8 9 11 13 15 15 16 17 20 24 26 27 33 34 35 36 39 44 44 45 46 46 49 49 49 0 0 208 226 249 260 313 315 319 322 353 431 435 440 447 451 495 507 522 546 663 689 697 798 834 842 875 896 945
72.6315789474 23.7394957983 29 0 3 8 9 9 10 10 10 13 13 16 17 18 18 19 21 22 22 27 29 30 30 32 33 38 42 43 43 43 0 130 135 171 188 195 208 217 249 277 305 346 390 421 461 531 590 619 662 730 764 765 809 815 830 862 862 934 967
76.0 54.6218487395 29 0 3 5 7 11 13 20 21 24 26 26 28 28 29 29 29 30 30 34 35 36 38 38 38 41 41 41 44 49 0 0 114 256 316 389 400 424 451 451 454 457 463 468 527 546 561 599 625 645 655 761 781 820 900 916 927 952 984
57.4736842105 61.7647058824 29 0 1 3 5 5 8 9 9 11 14 15 17 17 18 19 23 24 26 27 29 30 30 40 43 44 45 45 45 46 0 107 143 182 232 232 261 303 324 343 394 408 417 480 483 498 508 540 603 637 667 687 701 784 878 890 955 980 981
66.3157894737 38.025210084 29 0 0 0 1 1 2 3 6 7 7 8 17 25 26 27 29 29 33 34 34 36 38 39 40 41 41 47 47 48 0 0 107 164 171 190 229 252 278 352 469 486 521 554 574 577 585 614 657 672 680 717 720 756 767 804 947 955 991
64.8421052632 35.0840336134 29 0 2 2 4 9 10 12 13 14 15 21 21 22 23 26 26 28 30 30 31 32 33 37 40 40 42 43 48 49 0 114 120 166 241 323 417 435 448 449 458 491 495 523 537 546 606 635 639 659 703 719 813 821 828 848 947 986 999
381
41.5807560137 41.3005272408 4
40.7216494845 52.0210896309 9
49.6563573883 53.6028119508 7
36.7697594502 90.8611599297 3
46.735395189 71.0017574692 1
26.6323024055 90.8611599297 8
56.529209622 56.5905096661 6
72.1649484536 29.525483304 4
51.2027491409 59.7539543058 3
57.560137457 52.1968365554 7
52.7491408935 46.2214411248 6
59.4501718213 14.2355008787 4
74.0549828179 37.0826010545 8
43.1271477663 38.4885764499 8
80.0687285223 55.8875219684 5
35.0515463918 78.9103690685 8
54.295532646 37.4340949033 6
28.1786941581 33.3919156415 5
65.9793814433 45.6942003515 7
45.5326460481 36.0281195079 1
55.1546391753 63.4446397188 8
24.7422680412 52.3725834798 2
15.6357388316 76.625659051 7
51.7182130584 66.6080843585 7
73.5395189003 56.5905096661 8
36.4261168385 74.6924428822 6
67.0103092784 52.8998242531 9
47.0790378007 67.4868189807 6
47.2508591065 42.7065026362 7
40.0343642612 60.2811950791 3
50.1718213058 47.6274165202 8
75.4295532646 85.9402460457 3
25.7731958763 62.2144112478 9
38.8316151203 48.1546572935 3
62.3711340206 39.7188049209 5
22.852233677 53.2513181019 8
30.2405498282 51.8453427065 2
37.8006872852 39.1915641476 6
36.2542955326 61.6871704745 7
28.0068728522 64.1476274165 9
76.9759450172 60.2811950791 9
54.6391752577 34.9736379613 8
53.264604811 50.2636203866 8
40.8934707904 58.5237258348 7
41.4089347079 28.6467486819 2
75.6013745704 37.9613356766 3
35.2233676976 38.4885764499 1
60.824742268 24.2530755712 1
43.6426116838 42.3550087873 1
52.9209621993 44.4639718805 5
67.6975945017 63.6203866432 2
32.64604811 72.2319859402 5
39.0034364261 84.7100175747 2
37.6288659794 60.4569420035 7
35.0515463918 64.4991212654 7
72.1649484536 32.6889279438 5
5.84192439863 0.0 8
31.6151202749 53.4270650264 4
82.64604811 71.3532513181 1
33.1615120275 36.7311072056 8
59.9656357388 17.3989455185 1
60.6529209622 63.4446397188 4
48.4536082474 81.1950790861 5
54.1237113402 42.7065026362 8
56.0137457045 51.3181019332 7
47.9381443299 40.7732864675 2
55.4982817869 62.3901581722 6
68.9003436426 31.4586994728 8
40.7216494845 36.9068541301 3
27.4914089347 45.6942003515 7
0.0 68.7170474517 5
44.8453608247 54.3057996485 8
61.8556701031 47.4516695958 3
17.35395189 100.0 2
62.0274914089 63.0931458699 2
54.295532646 73.1107205624 2
72.3367697595 65.7293497364 2
26.6323024055 54.4815465729 5
35.3951890034 54.6572934974 2
51.0309278351 57.6449912127 6
66.6666666667 39.3673110721 1
41.7525773196 35.3251318102 4
19.0721649485 41.4762741652 4
52.7491408935 34.6221441125 3
90.7216494845 70.6502636204 1
45.704467354 61.8629173989 1
27.3195876289 34.2706502636 1
58.4192439863 44.2882249561 7
60.4810996564 74.3409490334 1
60.4810996564 63.6203866432 1
28.3505154639 62.7416520211 4
50.1718213058 61.5114235501 8
76.2886597938 75.2196836555 9
33.1615120275 80.1405975395 1
48.1099656357 55.5360281195 8
20.4467353952 32.5131810193 5
46.5635738832 18.1019332162 2
60.9965635739 91.2126537786 9
31.0996563574 57.4692442882 2
55.3264604811 30.2284710018 9
28.6941580756 65.553602812 9
53.4364261168 41.8277680141 2
43.470790378 65.553602812 8
11.3402061856 30.5799648506 3
29.8969072165 40.7732864675 1
27.8350515464 46.2214411248 6
62.5429553265 63.2688927944 3
38.3161512027 83.1282952548 1
52.7491408935 53.4270650264 5
39.6907216495 71.704745167 1
62.0274914089 92.7943760984 9
51.3745704467 40.4217926186 3
59.2783505155 44.6397188049 5
34.1924398625 73.9894551845 5
53.7800687285 52.5483304042 6
38.4879725086 39.0158172232 4
32.64604811 25.1318101933 4
53.7800687285 51.1423550088 4
28.3505154639 47.1001757469 4
41.2371134021 42.8822495606 6
27.4914089347 37.9613356766 7
78.1786941581 77.6801405975 3
50.0 66.0808435852 7
63.058419244 34.0949033392 4
46.735395189 79.9648506151 3
45.704467354 94.2003514938 4
71.4776632302 40.2460456942 6
16.6666666667 24.60456942 2
47.2508591065 44.2882249561 5
41.0652920962 54.8330404218 4
48.1099656357 35.8523725835 9
41.2371134021 74.6924428822 8
26.6323024055 40.4217926186 8
59.1065292096 57.4692442882 5
42.7835051546 22.8471001757 1
64.4329896907 42.1792618629 7
29.5532646048 17.223198594 3
27.6632302405 52.8998242531 5
34.1924398625 43.2337434095 7
56.0137457045 79.2618629174 2
41.9243986254 67.8383128295 2
46.3917525773 67.8383128295 2
47.9381443299 34.2706502636 8
28.1786941581 68.8927943761 6
26.8041237113 42.0035149385 5
46.3917525773 66.6080843585 7
49.1408934708 97.8910369069 3
81.6151202749 44.1124780316 8
45.1890034364 26.1862917399 3
33.8487972509 34.9736379613 4
48.7972508591 72.934973638 9
20.618556701 56.0632688928 6
74.9140893471 34.9736379613 9
45.704467354 45.1669595782 5
53.264604811 44.8154657293 9
54.4673539519 47.9789103691 6
37.8006872852 54.4815465729 1
23.3676975945 91.0369068541 6
51.3745704467 43.4094903339 4
49.8281786942 51.1423550088 3
76.6323024055 42.5307557118 6
28.0068728522 66.2565905097 7
51.8900343643 14.2355008787 7
44.1580756014 64.6748681898 4
29.381443299 66.783831283 5
29.5532646048 55.0087873462 6
42.2680412371 95.4305799649 1
27.147766323 84.8857644991 4
71.4776632302 59.4024604569 3
64.6048109966 79.086115993 7
50.8591065292 73.9894551845 1
53.6082474227 46.3971880492 9
49.1408934708 44.6397188049 5
27.3195876289 46.5729349736 7
44.6735395189 72.4077328647 1
56.1855670103 47.4516695958 1
73.5395189003 16.1687170475 8
34.7079037801 39.1915641476 7
41.4089347079 55.5360281195 5
45.3608247423 35.5008787346 6
60.824742268 64.3233743409 5
56.0137457045 44.6397188049 3
41.5807560137 76.625659051 7
47.5945017182 72.5834797891 1
23.5395189003 69.5957820738 4
51.2027491409 44.6397188049 3
37.1134020619 65.0263620387 1
63.2302405498 36.9068541301 1
64.9484536082 59.4024604569 5
65.9793814433 23.7258347979 1
69.9312714777 47.2759226714 1
45.5326460481 75.7469244288 1
56.1855670103 79.9648506151 7
55.3264604811 28.4710017575 4
59.2783505155 46.0456942004 3
57.7319587629 64.1476274165 3
37.9725085911 67.1353251318 1
30.7560137457 68.1898066784 6
76.4604810997 62.5659050967 3
53.9518900344 45.5184534271 6
31.4432989691 36.7311072056 7
56.3573883162 33.0404217926 1
40.3780068729 10.8963093146 9
38.1443298969 55.1845342707 7
45.0171821306 59.2267135325 4
49.6563573883 24.4288224956 1
37.6288659794 47.1001757469 1
60.1374570447 24.9560632689 7
69.0721649485 50.2636203866 3
47.9381443299 78.0316344464 8
22.852233677 43.2337434095 9
65.6357388316 24.0773286467 3
41.7525773196 22.8471001757 9
56.1855670103 74.165202109 4
59.6219931271 61.1599297012 3
44.8453608247 22.8471001757 6
87.1134020619 51.1423550088 7
41.9243986254 53.2513181019 5
46.735395189 77.1528998243 4
27.8350515464 57.8207381371 1
61.1683848797 50.9666080844 9
37.8006872852 9.49033391916 9
56.3573883162 32.6889279438 8
77.6632302405 37.9613356766 4
20.9621993127 55.5360281195 3
37.1134020619 98.4182776801 3
39.8625429553 60.8084358524 5
23.7113402062 74.5166959578 8
22.6804123711 75.5711775044 3
54.9828178694 44.4639718805 9
35.2233676976 37.4340949033 9
84.8797250859 34.2706502636 5
24.0549828179 47.1001757469 2
28.1786941581 35.6766256591 1
45.1890034364 62.9173989455 4
46.9072164948 68.014059754 2
24.7422680412 59.0509666081 6
16.6666666667 29.1739894552 4
64.6048109966 53.4270650264 7
35.2233676976 57.8207381371 4
30.7560137457 48.3304042179 2
57.7319587629 31.8101933216 8
28.5223367698 43.4094903339 1
74.3986254296 63.2688927944 3
29.7250859107 49.0333919156 2
24.2268041237 44.8154657293 7
62.7147766323 51.8453427065 6
61.1683848797 40.9490333919 2
36.4261168385 57.1177504394 8
57.2164948454 59.7539543058 8
46.2199312715 99.6485061511 8
68.0412371134 70.6502636204 7
31.0996563574 50.0878734622 8
3.43642611684 38.4885764499 1
64.7766323024 54.1300527241 5
26.6323024055 68.8927943761 9
49.3127147766 73.4622144112 2
32.1305841924 48.6818980668 7
52.4054982818 68.8927943761 2
51.0309278351 35.6766256591 1
7.90378006873 37.0826010545 4
29.5532646048 57.2934973638 8
37.8006872852 38.8400702988 1
40.8934707904 56.5905096661 9
35.2233676976 76.9771528998 5
90.7216494845 62.0386643234 4
44.5017182131 35.3251318102 5
61.8556701031 74.3409490334 2
72.5085910653 37.2583479789 9
51.3745704467 56.5905096661 6
38.4879725086 67.4868189807 9
35.7388316151 41.4762741652 3
45.0171821306 56.9420035149 8
49.1408934708 32.8646748682 6
52.9209621993 96.4850615114 1
62.5429553265 15.8172231986 1
40.0343642612 44.9912126538 6
37.6288659794 33.7434094903 5
45.5326460481 57.9964850615 6
28.0068728522 69.9472759227 8
51.5463917526 83.6555360281 1
10.6529209622 71.0017574692 3
31.9587628866 44.4639718805 8
60.824742268 51.3181019332 2
46.9072164948 52.1968365554 8
62.3711340206 49.5606326889 6
25.7731958763 69.4200351494 8
52.2336769759 39.0158172232 1
60.6529209622 43.5852372583 4
49.1408934708 30.0527240773 9
57.0446735395 81.1950790861 5
53.6082474227 47.9789103691 5
49.4845360825 57.1177504394 1
28.0068728522 51.4938488576 4
33.8487972509 45.1669595782 9
67.8694158076 46.7486818981 9
30.9278350515 34.0949033392 1
30.9278350515 82.4253075571 9
44.5017182131 52.0210896309 4
26.6323024055 71.5289982425 7
62.1993127148 50.7908611599 1
25.4295532646 35.1493848858 7
50.1718213058 80.8435852373 4
53.7800687285 50.4393673111 7
11.6838487973 52.3725834798 8
40.8934707904 52.5483304042 5
44.1580756014 30.2284710018 8
74.7422680412 78.9103690685 9
48.1099656357 41.1247803163 4
30.9278350515 47.2759226714 2
27.147766323 26.7135325132 1
24.0549828179 38.4885764499 9
47.7663230241 57.1177504394 9
56.3573883162 47.6274165202 7
61.1683848797 44.4639718805 5
41.0652920962 76.0984182777 1
46.3917525773 51.8453427065 4
23.7113402062 59.5782073814 4
60.3092783505 34.446397188 9
32.1305841924 21.4411247803 7
100.0 52.8998242531 2
46.2199312715 65.2021089631 7
62.3711340206 56.5905096661 8
34.8797250859 59.5782073814 9
64.089347079 31.985940246 5
60.4810996564 82.6010544815 3
55.6701030928 13.8840070299 6
33.676975945 64.3233743409 1
52.9209621993 42.3550087873 9
4.46735395189 38.6643233743 3
44.6735395189 10.1933216169 7
51.0309278351 56.0632688928 2
37.1134020619 96.4850615114 7
63.5738831615 37.2583479789 4
74.7422680412 42.3550087873 1
69.587628866 47.4516695958 5
42.7835051546 34.2706502636 7
41.7525773196 64.3233743409 7
35.3951890034 58.5237258348 6
23.0240549828 42.1792618629 9
58.7628865979 37.2583479789 2
23.1958762887 40.0702987698 4
19.9312714777 37.7855887522 7
17.35395189 76.4499121265 4
43.8144329897 37.4340949033 4
55.8419243986 63.6203866432 7
24.7422680412 63.7961335677 6
79.8969072165 60.6326889279 1
36.5979381443 73.9894551845 7
51.3745704467 42.8822495606 8
59.1065292096 55.0087873462 6
33.5051546392 41.8277680141 1
60.1374570447 54.6572934974 9
31.6151202749 33.9191564148 2
48.4536082474 89.1036906854 1
40.3780068729 46.0456942004 7
73.7113402062 39.1915641476 4
48.6254295533 13.7082601054 1
75.7731958763 72.0562390158 7
81.4432989691 75.9226713533 8
35.0515463918 24.9560632689 5
56.1855670103 56.2390158172 5
52.2336769759 28.295254833 8
24.7422680412 60.6326889279 4
40.7216494845 47.1001757469 6
59.1065292096 65.7293497364 8
65.1202749141 21.9683655536 2
37.1134020619 46.5729349736 4
27.8350515464 53.7785588752 5
50.5154639175 70.1230228471 5
56.7010309278 76.8014059754 8
67.5257731959 75.0439367311 1
21.8213058419 60.9841827768 1
75.0859106529 62.7416520211 9
68.3848797251 38.1370826011 9
33.676975945 43.9367311072 9
28.0068728522 26.7135325132 8
29.7250859107 52.0210896309 3
42.0962199313 55.8875219684 3
20.9621993127 69.4200351494 3
50.6872852234 59.4024604569 3
