56
71.5746421268 40.2948402948 14 0 9 16 20 25 28 28 30 37 40 44 45 46 46 0 143 405 468 481 641 669 709 714 795 879 886 928 953
63.5991820041 26.5356265356 14 0 1 1 2 6 8 11 12 13 14 20 31 31 37 0 190 310 356 404 499 561 595 604 771 866 882 929 974
70.5521472393 36.3636363636 14 0 4 9 14 15 17 17 20 21 25 27 27 46 49 0 173 268 305 322 454 549 557 614 623 633 661 939 985
19.6319018405 44.7174447174 14 0 4 9 13 16 18 20 21 23 25 27 38 39 42 0 258 260 280 455 470 474 615 634 685 714 780 881 992
56.2372188139 35.3808353808 14 0 11 15 18 18 25 27 30 35 37 38 38 42 47 0 281 332 351 351 412 437 656 766 791 903 983 999 999
0.0 46.9287469287 14 0 0 9 10 15 17 21 22 29 32 35 40 48 49 0 243 352 366 426 473 565 567 642 794 821 857 945 974
51.1247443763 49.3857493857 14 0 4 14 14 18 20 21 26 26 28 31 37 48 48 0 115 237 339 475 500 535 553 697 708 792 858 863 866
37.8323108384 38.3292383292 14 0 0 2 5 11 22 22 27 35 40 44 45 47 48 0 0 128 205 231 249 261 490 599 655 805 853 951 998
57.6687116564 52.3341523342 14 0 5 8 9 11 13 17 21 22 22 32 35 37 49 0 0 129 198 234 307 320 480 516 644 750 780 782 792
46.8302658487 52.5798525799 14 0 14 22 24 25 26 26 31 38 39 40 45 47 49 0 0 290 442 450 492 498 503 666 694 794 813 891 964
55.0102249489 96.3144963145 14 0 6 7 7 15 20 20 22 28 29 41 44 44 49 0 116 118 198 305 365 537 559 622 667 745 849 932 996
38.2413087935 0.0 14 0 2 9 12 19 20 24 25 25 34 41 42 45 46 0 261 289 337 359 428 443 537 641 699 758 811 815 885
77.5051124744 13.7592137592 14 0 2 5 5 13 20 20 20 21 23 33 35 37 38 0 204 230 240 293 384 479 486 696 717 719 902 962 965
20.654396728 29.7297297297 14 0 3 7 13 14 21 25 26 30 31 31 35 47 49 0 125 210 316 334 388 490 514 519 639 645 725 738 878
23.1083844581 57.4938574939 14 0 0 5 9 17 18 20 26 33 34 36 37 38 41 0 202 206 277 297 313 330 415 433 476 507 532 647 857
23.1083844581 83.5380835381 14 0 1 6 7 7 8 9 13 19 26 28 34 45 48 0 128 231 243 332 553 584 689 726 758 759 769 809 918
51.7382413088 38.8206388206 14 0 5 8 22 24 29 35 39 39 40 44 45 45 48 0 0 116 145 148 237 359 419 465 528 654 659 830 993
67.0756646217 85.9950859951 14 0 5 7 11 11 13 16 16 17 19 37 39 44 47 0 0 126 334 343 366 380 403 503 507 580 627 629 855
48.8752556237 29.484029484 14 0 3 4 6 7 13 14 15 18 20 24 29 42 42 0 0 129 137 214 224 524 579 591 681 743 857 877 891
0.40899795501 56.0196560197 14 0 3 16 19 25 31 36 36 41 43 47 47 47 48 0 104 141 346 564 615 615 636 689 808 936 947 977 982
74.8466257669 68.058968059 14 0 3 8 9 11 17 18 19 19 19 29 33 44 46 0 0 167 427 485 516 522 683 760 778 802 813 862 902
68.0981595092 12.285012285 14 0 2 6 10 11 18 21 24 25 31 35 39 45 48 0 139 333 380 469 474 504 552 662 707 716 780 971 976
21.881390593 98.5257985258 14 0 3 8 15 16 16 20 29 32 34 41 45 47 49 0 143 165 185 191 362 387 400 463 767 840 844 870 947
44.7852760736 34.398034398 14 0 7 7 13 16 22 23 24 33 35 45 46 47 49 0 110 113 113 262 294 315 425 462 465 493 653 687 954
47.8527607362 8.10810810811 14 0 0 6 9 10 13 19 24 28 31 38 42 46 48 0 0 107 225 242 271 290 424 627 706 764 908 945 963
100.0 57.7395577396 14 0 6 6 10 15 16 21 21 22 26 26 29 40 42 0 139 194 210 210 437 479 598 698 704 912 921 949 992
60.5316973415 20.6388206388 14 0 0 7 9 14 15 18 23 31 33 34 39 44 44 0 119 183 268 304 328 339 470 535 548 784 823 917 951
36.8098159509 63.6363636364 14 0 2 3 3 12 17 19 20 22 29 32 42 42 43 0 0 174 186 291 318 351 353 424 502 583 646 686 963
58.691206544 47.6658476658 14 0 2 4 6 18 21 23 28 32 33 37 39 44 46 0 164 183 263 330 347 411 470 635 658 661 832 921 989
45.6032719836 100.0 14 0 0 2 5 8 13 17 18 22 30 35 36 39 49 0 137 162 327 336 443 477 547 721 773 808 867 878 938
43.1492842536 46.683046683 14 0 6 11 13 15 27 30 32 35 36 37 38 43 46 0 0 108 126 225 315 420 423 450 549 617 740 831 956
67.8936605317 62.4078624079 14 0 0 2 8 10 11 13 20 22 22 23 26 35 37 0 0 190 211 232 347 432 560 563 579 603 773 921 955
24.1308793456 71.2530712531 14 0 2 6 10 14 16 19 35 36 37 38 39 43 48 0 231 232 327 557 604 618 624 646 707 754 823 854 911
1.84049079755 56.7567567568 14 0 5 8 10 16 20 27 36 37 40 41 42 44 49 0 125 208 320 479 483 484 554 574 624 792 826 859 931
27.4028629857 55.5282555283 14 0 4 4 12 16 25 32 32 34 36 37 39 39 48 0 105 170 289 293 375 452 557 717 730 831 934 942 988
39.4683026585 9.82800982801 14 0 1 6 11 20 22 22 25 30 35 36 36 42 47 0 120 152 415 567 624 624 775 789 832 836 866 948 977
24.9488752556 72.2358722359 14 0 0 5 6 18 19 24 27 28 32 36 43 43 46 0 107 128 261 299 302 386 415 422 499 739 864 997 998
51.3292433538 78.6240786241 14 0 5 5 8 10 17 25 26 26 30 32 32 46 48 0 103 188 213 337 407 477 523 548 627 725 740 950 990
49.6932515337 37.3464373464 14 0 1 2 9 10 11 18 19 21 30 33 40 44 44 0 195 337 344 383 563 638 771 778 848 848 890 894 899
2.65848670757 43.9803439803 14 0 2 10 12 13 15 16 18 19 19 21 22 39 40 0 106 218 253 286 311 493 531 701 720 749 818 849 970
56.6462167689 44.7174447174 14 0 2 2 6 14 14 15 17 18 21 30 41 42 45 0 0 136 191 311 449 556 720 748 843 901 902 964 979
43.1492842536 54.2997542998 14 0 1 3 6 10 17 18 21 23 23 26 26 33 38 0 273 489 490 554 561 562 570 727 732 733 777 873 892
21.881390593 82.0638820639 14 0 9 10 14 20 26 29 33 37 44 44 45 47 48 0 0 185 280 292 358 399 515 551 648 739 804 813 977
34.9693251534 48.4029484029 14 0 0 7 15 15 25 26 33 33 40 41 44 48 49 0 191 218 222 347 389 503 504 640 693 836 849 924 955
32.7198364008 55.0368550369 14 0 0 7 11 19 24 28 30 30 30 32 37 40 43 0 0 120 290 499 535 626 647 726 730 839 882 923 958
61.145194274 74.2014742015 14 0 2 3 6 6 7 15 15 18 24 30 31 33 44 0 0 111 123 148 205 293 411 489 545 618 644 778 895
54.8057259714 52.3341523342 14 0 3 9 12 15 17 18 18 20 22 23 24 27 35 0 0 115 156 168 189 290 394 413 455 568 586 808 981
41.308793456 60.4422604423 14 0 2 12 15 16 18 21 24 33 42 42 42 43 47 0 171 330 385 437 513 539 619 623 634 745 868 889 916
59.100204499 49.14004914 14 0 4 9 13 22 25 27 28 32 32 34 37 41 49 0 140 159 258 260 319 357 448 479 521 645 812 883 893
62.7811860941 47.1744471744 14 0 2 8 9 16 19 20 21 27 29 34 38 43 45 0 122 245 317 381 445 705 750 754 763 780 785 944 974
49.6932515337 62.4078624079 14 0 1 4 8 10 16 29 29 34 35 36 42 44 45 0 103 193 285 380 382 395 417 444 585 598 804 925 988
19.6319018405 33.1695331695 14 0 2 6 8 13 14 16 25 27 27 28 34 44 48 0 256 337 374 421 456 467 499 543 566 665 814 930 973
9.61145194274 20.1474201474 14 0 10 11 12 14 19 26 31 36 38 39 43 44 46 0 116 233 244 246 379 430 446 505 611 616 672 967 982
64.4171779141 57.4938574939 14 0 5 11 12 14 18 20 26 28 29 29 30 31 33 0 129 194 253 302 403 439 481 670 734 760 939 962 979
51.7382413088 68.5503685504 14 0 1 3 6 7 18 19 23 28 32 34 35 43 46 0 121 215 287 587 632 650 716 733 735 766 897 985 988
45.6032719836 44.9631449631 14 0 1 6 7 13 15 17 17 19 21 36 36 38 40 0 186 224 288 376 437 456 482 644 716 726 855 866 894
84
45.5538221529 81.7490494297 3
51.3260530421 4.56273764259 8
40.5616224649 73.3840304183 4
33.8533541342 17.4904942966 5
80.3432137285 51.5209125475 2
73.6349453978 43.7262357414 1
67.0826833073 32.6996197719 5
58.0343213729 72.0532319392 1
99.6879875195 61.0266159696 5
75.6630265211 54.9429657795 2
64.8985959438 72.0532319392 1
53.3541341654 50.0 7
54.7581903276 74.9049429658 7
65.0546021841 52.8517110266 8
55.2262090484 71.4828897338 8
61.3104524181 46.5779467681 9
38.3775351014 53.9923954373 6
42.9017160686 72.2433460076 4
62.4024960998 34.2205323194 9
78.6271450858 39.9239543726 9
51.1700468019 29.0874524715 7
83.775351014 80.608365019 4
49.4539781591 25.855513308 7
72.6989079563 67.3003802281 1
31.3572542902 71.8631178707 4
64.7425897036 24.144486692 6
49.6099843994 68.0608365019 6
44.6177847114 53.9923954373 8
65.6786271451 61.9771863118 7
46.3338533541 36.1216730038 5
42.2776911076 34.9809885932 2
61.4664586583 88.2129277567 9
63.6505460218 67.680608365 7
45.0858034321 32.6996197719 1
45.7098283931 100.0 5
56.0062402496 54.5627376426 7
65.0546021841 62.3574144487 6
43.3697347894 62.927756654 3
54.6021840874 47.1482889734 8
45.5538221529 80.0380228137 7
71.6068642746 0.0 6
46.6458658346 65.0190114068 9
39.0015600624 56.6539923954 7
25.1170046802 53.8022813688 6
31.0452418097 44.6768060837 7
67.0826833073 39.9239543726 2
58.1903276131 70.5323193916 7
86.5834633385 69.9619771863 5
39.3135725429 57.7946768061 8
51.7940717629 60.6463878327 8
0.0 67.3003802281 4
49.9219968799 51.711026616 3
38.8455538222 47.9087452471 3
76.5990639626 47.7186311787 7
50.8580343214 81.7490494297 1
64.4305772231 52.2813688213 5
57.2542901716 67.680608365 7
45.0858034321 48.6692015209 6
52.1060842434 23.1939163498 3
62.5585023401 62.1673003802 9
56.6302652106 57.4144486692 6
45.5538221529 35.7414448669 6
58.1903276131 53.6121673004 6
66.7706708268 46.3878326996 5
75.5070202808 60.6463878327 5
77.6911076443 70.5323193916 3
100.0 45.247148289 6
56.3182527301 57.7946768061 7
63.1825273011 31.7490494297 4
56.9422776911 40.4942965779 4
32.7613104524 59.6958174905 7
50.5460218409 39.1634980989 1
51.9500780031 6.463878327 5
54.2901716069 69.0114068441 8
42.1216848674 30.7984790875 1
59.2823712949 80.7984790875 1
71.2948517941 68.2509505703 1
84.2433697348 53.4220532319 3
70.0468018721 35.1711026616 3
23.7129485179 84.9809885932 9
44.1497659906 76.4258555133 5
68.7987519501 36.5019011407 7
75.8190327613 88.0228136882 9
73.0109204368 70.9125475285 9
