299
53.2959326788 18.537414966 24 0 1 8 9 9 10 14 14 15 15 18 19 20 21 21 27 29 30 30 31 31 34 39 48 0 130 147 173 251 256 438 459 468 502 512 519 532 588 603 661 685 708 712 714 728 790 869 978
33.0995792426 45.0680272109 24 0 1 4 4 5 8 12 12 17 17 19 20 24 25 27 33 34 35 35 37 42 45 46 49 0 0 136 368 374 400 436 441 532 538 558 573 593 681 718 770 852 865 867 894 924 961 977 986
51.7531556802 48.4693877551 24 0 0 1 3 4 5 7 7 10 11 17 22 28 29 32 35 37 38 38 39 40 46 46 47 0 130 153 169 198 288 295 301 318 365 369 376 407 433 434 489 607 715 739 763 776 869 936 948
30.1542776999 35.5442176871 24 0 2 4 5 8 16 22 23 23 24 26 28 31 31 31 34 41 41 43 45 46 47 48 49 0 0 115 169 205 243 248 294 315 386 422 588 612 624 667 668 715 785 798 875 893 923 937 950
77.840112202 47.1088435374 24 0 2 4 4 4 8 8 9 10 11 11 13 20 23 24 28 29 31 32 35 36 41 42 45 0 114 121 166 215 241 251 272 384 388 491 503 527 535 551 597 618 621 741 787 796 870 949 973
55.2594670407 55.2721088435 24 0 3 4 5 7 8 9 9 14 14 15 19 21 23 26 28 31 32 36 37 40 42 42 45 0 155 156 297 381 451 452 486 537 596 668 685 693 695 715 728 778 809 888 909 927 937 979 988
47.9663394109 82.3129251701 24 0 3 7 8 9 10 11 17 18 20 21 23 27 29 31 33 34 36 37 40 42 44 47 47 0 0 123 218 219 234 277 293 393 452 476 497 574 743 743 762 786 802 863 870 871 874 929 953
27.7699859748 18.0272108844 24 0 2 5 6 7 7 8 10 13 22 24 29 31 31 31 32 34 37 37 39 41 41 45 47 0 0 146 216 218 293 295 315 322 360 539 596 621 628 647 664 699 709 789 791 836 846 920 943
35.2033660589 51.1904761905 24 0 3 5 9 9 11 11 14 17 18 19 20 21 27 28 30 33 36 37 43 45 45 46 49 0 0 103 225 236 254 262 314 334 406 549 562 585 629 656 725 784 797 854 876 876 904 932 950
56.1009817672 46.4285714286 24 0 1 1 4 4 5 6 7 10 12 16 16 17 18 18 22 30 40 43 44 45 47 48 49 0 123 217 258 347 470 480 481 483 495 563 578 592 602 636 640 677 683 817 824 847 877 935 952
64.3758765778 37.925170068 24 0 0 5 5 6 8 8 8 10 10 13 15 18 22 23 26 29 30 32 35 35 36 46 47 0 0 136 137 153 225 243 331 335 390 407 533 537 576 584 703 773 796 812 824 846 865 870 992
21.8793828892 47.1088435374 24 0 1 2 5 6 7 10 21 22 25 27 29 32 32 33 34 34 34 37 38 38 41 41 45 0 114 123 138 205 224 241 261 267 372 422 474 501 541 589 597 673 698 780 791 795 820 845 849
42.2159887798 43.1972789116 24 0 0 0 2 4 8 21 26 28 28 29 29 30 31 35 35 38 39 40 42 42 46 47 48 0 104 174 227 235 258 265 295 362 418 451 556 586 607 612 682 700 710 729 789 830 860 952 957
54.4179523142 59.0136054422 24 0 1 3 5 6 10 18 18 19 22 23 23 26 27 27 29 29 30 40 40 44 47 48 49 0 113 114 247 303 314 387 392 393 532 608 634 655 658 689 694 707 784 841 868 915 934 942 951
46.5638148668 52.380952381 24 0 1 2 4 6 9 10 14 14 17 19 20 23 25 27 28 28 30 30 33 33 39 45 47 0 121 149 165 213 246 247 253 351 488 504 540 552 574 592 595 601 630 664 745 809 846 848 881
48.3870967742 31.6326530612 24 0 2 3 7 7 9 11 11 13 16 18 21 21 22 25 27 36 39 40 41 43 45 45 49 0 0 103 151 177 258 284 299 334 342 358 423 497 604 755 792 795 807 831 888 964 980 985 992
60.5890603086 51.8707482993 24 0 3 7 10 11 14 14 18 19 19 28 30 32 34 36 36 39 40 43 44 46 47 47 47 0 106 166 371 433 495 501 504 529 533 561 569 593 622 635 708 796 799 841 861 861 874 896 989
50.350631136 44.7278911565 24 0 1 2 5 6 6 9 13 16 18 20 24 25 28 31 31 31 33 34 37 39 42 44 47 0 0 157 201 215 233 237 304 335 369 383 392 473 628 678 754 762 793 803 833 867 887 899 972
20.1963534362 62.2448979592 24 0 1 1 4 8 10 12 14 15 15 15 17 28 30 31 33 34 34 36 37 38 43 46 47 0 0 158 162 220 258 262 355 430 489 499 523 541 564 608 631 639 814 823 903 903 928 940 992
27.3492286115 39.4557823129 24 0 3 5 5 6 7 12 13 13 13 15 15 16 18 21 25 27 28 35 36 37 38 40 47 0 117 165 179 276 323 357 378 404 404 417 440 632 678 760 763 831 846 860 874 932 975 978 981
25.5259467041 36.9047619048 24 0 1 1 6 6 10 11 11 13 14 15 16 20 20 24 25 28 30 30 33 40 40 40 49 0 142 143 223 228 309 315 361 428 453 473 480 485 624 685 704 789 808 930 962 964 974 974 997
25.8064516129 38.0952380952 24 0 2 3 3 8 10 13 14 15 15 16 17 18 19 26 29 30 31 31 35 36 39 41 44 0 124 155 160 165 169 174 251 293 317 335 353 419 559 694 702 735 771 775 907 931 946 973 990
44.6002805049 13.7755102041 24 0 9 11 14 17 19 20 23 25 27 28 28 29 29 29 30 32 32 34 35 41 44 45 46 0 144 145 150 165 194 280 289 297 307 314 332 360 400 488 538 638 677 776 791 795 874 879 932
30.9957924264 95.5782312925 24 0 3 3 8 8 10 10 11 12 16 17 18 22 23 27 27 37 37 38 41 41 43 45 47 0 103 262 268 270 286 380 457 507 523 541 668 698 751 771 856 859 864 869 897 918 930 949 997
32.9593267882 17.8571428571 24 0 7 7 7 8 10 12 15 16 16 18 19 20 20 21 26 27 28 29 31 36 41 44 48 0 212 218 221 253 257 312 333 343 413 422 429 442 564 606 620 664 673 681 698 759 822 841 968
51.1921458626 30.9523809524 24 0 1 4 5 11 13 13 20 21 22 23 25 26 27 27 28 29 31 32 36 39 42 43 47 0 118 203 236 242 262 264 361 376 419 472 503 570 643 676 709 711 719 767 771 845 913 924 976
8.41514726508 71.768707483 24 0 1 2 3 4 4 5 8 13 15 17 17 28 32 32 32 37 37 38 38 39 44 49 49 0 238 305 404 446 480 490 594 671 717 718 758 836 841 847 890 891 909 912 930 932 951 968 981
28.190743338 37.2448979592 24 0 2 3 5 7 11 14 14 20 21 28 30 32 33 33 33 34 40 41 41 43 44 47 49 0 0 135 164 165 180 220 245 287 305 310 370 378 378 475 535 580 585 673 777 923 932 946 963
27.6297335203 19.8979591837 24 0 1 4 11 13 15 16 17 20 23 25 25 25 27 28 29 30 31 38 39 41 41 46 47 0 136 147 195 204 206 228 292 318 369 422 427 464 480 505 530 530 567 601 627 738 748 854 949
60.729312763 52.0408163265 24 0 0 1 3 10 10 16 16 19 25 31 31 36 37 37 42 42 44 45 45 47 48 48 49 0 128 167 298 390 408 472 474 495 499 513 582 585 645 650 710 725 787 793 874 877 916 927 957
61.5708274895 48.2993197279 24 0 3 5 5 6 8 8 12 23 24 24 27 29 30 30 31 32 34 35 36 38 42 45 45 0 105 109 145 215 225 251 274 341 354 395 404 479 510 525 525 616 636 653 711 733 746 761 847
50.4908835905 25.0 24 0 0 2 4 6 6 6 7 7 9 11 19 24 26 26 27 29 31 32 34 37 39 44 48 0 0 206 214 319 335 337 408 410 430 443 450 461 500 580 603 629 642 659 660 740 756 788 827
52.1739130435 43.7074829932 24 0 4 5 6 6 7 11 11 18 20 20 22 23 23 24 27 31 33 35 35 37 41 44 48 0 216 292 336 341 407 476 519 526 580 587 600 613 615 635 647 653 728 742 805 892 935 963 990
41.7952314165 34.5238095238 24 0 1 7 8 9 13 13 13 14 15 21 25 26 27 30 31 32 34 39 45 47 48 49 49 0 0 168 200 212 312 341 434 437 456 457 465 505 549 580 634 732 761 827 841 853 929 948 970
49.649368864 47.619047619 24 0 1 3 4 4 7 8 9 11 17 20 23 30 32 33 33 34 36 40 40 41 45 48 49 0 0 134 150 161 180 214 283 321 375 436 492 522 637 638 766 825 841 901 922 937 938 942 982
42.9172510519 49.8299319728 24 0 0 3 4 11 13 14 16 21 27 29 30 33 33 35 36 37 38 40 41 41 41 48 48 0 121 202 272 294 347 364 417 439 444 509 570 582 583 595 652 660 807 819 838 882 949 969 982
50.6311360449 72.7891156463 24 0 3 6 10 10 15 18 19 20 20 25 29 30 32 32 32 35 35 35 36 36 43 47 49 0 111 134 146 150 204 206 308 351 353 367 388 433 448 459 707 726 792 798 814 834 845 896 951
61.1500701262 35.5442176871 24 0 5 6 8 11 12 14 14 17 21 23 24 28 31 36 36 37 37 38 40 40 41 42 43 0 107 228 322 363 375 404 415 435 510 530 562 603 671 672 692 694 735 743 776 788 800 804 848
42.3562412342 63.7755102041 24 0 0 1 2 2 5 6 7 7 11 11 11 11 13 18 19 21 21 22 27 30 37 39 43 0 121 126 138 244 281 295 328 359 385 389 538 587 595 605 702 725 745 809 814 832 841 859 869
38.0084151473 37.2448979592 24 0 0 1 1 6 22 23 28 31 31 32 33 39 39 39 39 41 41 41 42 42 44 44 49 0 0 240 247 282 284 414 479 546 566 575 589 619 680 713 750 765 805 821 890 893 940 979 990
100.0 29.5918367347 24 0 3 8 8 10 14 14 18 20 23 25 25 25 29 31 32 33 34 37 39 43 45 46 48 0 0 160 261 286 308 326 356 458 476 508 529 548 567 612 637 695 734 768 801 817 818 838 847
43.1977559607 39.4557823129 24 0 3 3 4 4 6 11 12 13 13 15 19 20 21 29 31 33 34 34 37 43 45 46 46 0 0 125 125 138 245 290 304 306 308 344 371 418 476 502 511 516 525 568 679 815 827 873 975
68.1626928471 59.0136054422 24 0 1 1 1 2 2 2 4 11 12 15 15 17 18 20 21 29 33 35 40 40 43 46 48 0 110 140 152 184 229 253 289 292 355 363 377 378 465 505 517 524 566 597 715 769 811 888 967
34.7826086957 44.387755102 24 0 6 8 8 9 12 17 19 20 21 22 25 28 31 35 35 35 35 36 38 39 41 45 48 0 0 126 139 143 201 240 260 270 332 352 413 461 543 573 594 725 752 799 807 814 845 860 893
28.8920056101 68.537414966 24 0 0 0 12 13 14 17 18 18 24 25 30 32 32 33 34 35 36 37 38 39 42 46 46 0 118 119 199 228 269 328 334 417 497 532 565 676 709 720 729 837 860 870 884 900 926 947 957
46.1430575035 35.3741496599 24 0 0 1 1 3 8 12 13 13 18 19 24 27 29 29 33 33 33 34 35 38 40 47 49 0 201 208 209 224 230 304 332 353 380 391 404 424 504 509 574 629 685 688 738 814 836 923 947
38.8499298738 45.4081632653 24 0 1 3 3 4 5 6 11 11 11 11 12 12 15 15 16 23 28 33 40 41 42 44 46 0 0 100 106 179 259 280 355 379 488 512 520 538 568 639 678 706 731 733 849 860 966 978 995
62.9733520337 58.6734693878 24 0 0 5 6 7 8 9 11 12 13 15 16 18 20 20 22 23 25 27 28 43 44 45 48 0 151 173 184 205 250 265 330 339 358 428 463 463 509 579 763 794 830 852 870 900 919 945 975
55.5399719495 23.9795918367 24 0 0 1 1 6 7 7 11 13 19 22 25 29 32 34 36 36 36 40 40 40 42 42 48 0 0 178 189 201 251 337 396 429 482 538 556 571 584 788 802 818 823 837 874 884 893 903 926
70.6872370266 47.2789115646 24 0 0 1 2 4 6 7 9 12 13 21 22 22 24 29 31 34 37 38 39 42 45 48 49 0 0 108 159 296 306 317 342 401 472 482 522 557 569 573 605 612 664 681 784 849 858 922 955
40.3927068724 65.9863945578 24 0 1 3 8 9 10 13 13 14 19 24 25 26 27 30 32 34 35 41 42 42 46 47 47 0 207 239 376 392 396 468 470 493 525 529 532 574 622 636 638 651 717 728 850 924 926 928 956
35.0631136045 30.612244898 24 0 0 1 8 9 11 13 13 19 19 20 24 30 31 33 34 34 35 36 39 43 44 46 49 0 122 147 201 264 268 310 343 384 499 547 564 627 657 711 739 753 763 782 841 887 928 979 985
25.1051893408 38.9455782313 24 0 1 9 10 10 16 20 21 26 27 29 33 33 35 35 36 36 36 37 39 39 39 40 41 0 0 134 156 222 251 288 313 364 374 384 526 529 608 634 638 645 775 825 863 878 883 912 915
57.5035063114 51.3605442177 24 0 0 0 4 7 7 8 9 12 14 14 15 16 24 28 31 33 35 38 43 44 45 47 49 0 101 117 163 169 198 214 243 347 356 370 372 418 468 491 684 738 776 793 840 894 915 932 951
54.1374474053 47.7891156463 24 0 4 9 10 15 17 20 20 20 20 21 22 23 26 27 29 29 30 32 35 38 42 43 45 0 0 181 223 272 302 308 432 452 464 484 494 507 516 533 549 567 601 653 761 762 802 943 947
47.9663394109 65.306122449 24 0 0 1 4 6 7 10 16 20 21 22 26 26 28 30 30 31 34 36 37 37 37 42 42 0 153 201 252 268 283 288 303 317 322 440 542 552 636 645 673 764 765 893 927 949 969 971 975
48.1065918654 39.7959183673 24 0 0 3 5 6 7 13 14 16 17 20 21 22 23 23 27 27 31 32 34 38 40 41 49 0 100 150 201 231 351 402 405 462 491 513 533 552 638 645 655 681 705 719 759 848 858 881 913
26.2272089762 53.5714285714 24 0 0 5 11 11 13 23 25 30 30 31 31 32 32 33 38 39 41 44 45 46 46 48 49 0 130 155 243 354 408 471 563 584 586 588 644 649 669 688 689 717 734 769 795 933 982 985 992
82.889200561 57.6530612245 24 0 1 2 5 8 10 12 13 21 22 23 29 30 31 35 36 37 39 44 44 45 45 47 48 0 244 289 301 319 364 364 379 382 407 420 461 533 553 557 559 605 610 610 617 688 768 769 847
37.7279102384 31.9727891156 24 0 1 1 2 7 7 9 20 22 22 28 29 31 31 33 35 36 36 38 38 41 43 48 49 0 147 196 201 209 220 278 299 410 412 443 488 592 625 687 692 700 711 738 792 891 894 899 960
36.8863955119 46.4285714286 24 0 2 2 4 6 7 8 11 14 15 16 20 21 22 24 24 25 25 25 26 27 28 40 49 0 0 240 274 314 387 463 540 564 620 635 654 654 754 782 791 807 807 823 848 856 877 884 965
50.2103786816 45.7482993197 24 0 0 2 3 3 6 6 9 11 13 13 15 15 19 20 22 25 27 28 28 35 37 46 47 0 0 103 114 123 178 208 251 267 277 290 291 302 354 494 579 644 655 655 691 701 804 869 954
38.4291725105 51.8707482993 24 0 1 1 2 4 6 6 10 14 20 26 26 31 35 36 37 38 41 41 42 43 44 44 48 0 0 227 257 306 311 438 443 448 494 501 560 582 593 607 608 762 781 783 786 827 839 900 981
43.7587657784 89.4557823129 24 0 5 6 6 7 10 11 11 12 15 17 26 26 30 32 34 37 37 39 41 42 46 48 49 0 0 147 169 186 288 304 322 322 358 368 371 390 459 519 608 667 675 714 754 762 794 822 970
24.4039270687 65.8163265306 24 0 1 1 3 4 6 8 9 12 14 19 20 23 24 24 25 29 29 39 42 43 44 47 49 0 102 133 197 212 226 232 288 315 335 341 400 527 602 607 621 716 790 815 834 874 959 979 999
67.3211781206 47.619047619 24 0 1 3 8 10 12 16 16 17 19 20 21 22 25 27 27 31 32 32 34 46 46 47 47 0 0 115 166 220 224 230 301 329 365 384 401 464 478 554 642 671 717 772 782 856 885 926 998
53.1556802244 27.380952381 24 0 0 1 1 5 6 10 10 10 11 14 15 16 17 17 18 25 32 33 42 42 43 45 46 0 106 186 214 217 229 244 269 275 288 341 366 387 536 549 583 658 691 711 854 916 962 989 990
58.9060308555 28.5714285714 24 0 1 10 11 12 14 20 23 25 25 25 25 26 29 32 32 36 36 39 42 43 45 47 49 0 127 147 187 281 281 283 283 295 425 442 460 468 472 557 625 628 646 712 740 752 808 827 916
32.3983169705 39.4557823129 24 0 3 3 6 10 13 13 14 14 17 19 20 21 22 23 23 26 27 29 32 32 36 39 42 0 156 163 204 284 297 325 359 386 411 441 511 527 556 603 615 623 627 718 720 813 919 931 948
40.5329593268 52.5510204082 24 0 2 3 4 5 5 12 13 19 19 20 24 26 33 33 36 39 40 41 43 45 46 47 48 0 120 128 148 215 222 296 363 367 371 424 426 467 525 556 643 698 742 769 785 810 846 894 975
31.556802244 64.4557823129 24 0 0 2 4 4 8 11 11 17 17 21 21 23 25 26 32 34 38 38 39 40 42 46 47 0 113 118 135 192 257 262 290 304 479 522 542 573 622 646 656 789 816 818 880 955 957 981 982
48.5273492286 60.8843537415 24 0 1 2 4 7 9 13 21 22 29 30 31 32 36 40 42 42 44 44 44 45 46 47 49 0 0 191 243 271 298 416 417 425 458 512 549 565 570 593 620 639 639 678 679 684 756 848 928
65.778401122 58.3333333333 24 0 1 2 5 6 7 8 13 14 15 16 18 20 22 23 25 27 28 29 30 31 40 47 47 0 101 214 233 292 333 401 411 412 485 486 528 615 624 679 690 747 808 845 864 898 954 955 994
40.8134642356 59.3537414966 24 0 1 3 10 12 13 14 14 15 15 17 29 31 33 34 35 38 39 41 42 44 45 47 48 0 105 171 173 222 241 242 320 345 379 385 414 431 447 455 457 470 476 535 672 720 756 758 879
42.3562412342 30.7823129252 24 0 0 1 6 10 11 12 13 18 19 24 24 25 27 29 29 34 34 35 37 38 39 44 46 0 214 265 332 339 378 392 405 421 443 510 545 552 559 615 626 627 628 677 695 755 870 890 923
68.443197756 56.1224489796 24 0 1 2 2 7 9 11 17 17 18 26 27 29 32 32 33 35 38 44 45 46 48 48 49 0 0 131 147 233 327 380 506 562 650 685 700 743 800 818 833 872 874 880 888 901 917 920 935
63.2538569425 28.9115646259 24 0 0 4 6 6 9 11 18 19 24 25 26 27 30 31 31 34 36 36 37 37 42 42 49 0 100 112 140 193 195 202 246 300 333 370 373 470 489 584 594 607 646 696 720 767 794 878 984
72.7910238429 47.2789115646 24 0 2 5 6 7 8 12 15 15 19 20 20 22 23 24 30 32 34 35 40 41 45 45 46 0 0 109 132 155 181 285 314 338 360 360 374 475 502 564 712 722 813 828 837 857 906 932 959
24.824684432 37.925170068 24 0 2 7 10 12 13 16 19 21 21 24 25 27 29 29 34 34 36 36 38 39 39 42 45 0 189 226 231 266 339 414 442 444 460 518 566 593 614 647 661 736 744 763 779 820 947 993 997
33.2398316971 44.387755102 24 0 3 4 4 6 8 9 10 10 11 13 14 19 19 24 27 28 28 29 33 34 35 36 43 0 0 110 201 227 261 275 309 321 400 502 502 505 527 562 718 751 809 839 884 964 980 986 988
54.2776998597 40.6462585034 24 0 8 10 12 12 15 18 21 24 25 25 26 29 31 34 34 37 39 39 42 44 46 46 48 0 161 213 215 265 364 380 387 439 456 457 499 567 576 603 641 657 708 710 730 847 883 887 961
13.3239831697 17.3469387755 24 0 0 3 6 10 12 15 17 20 21 23 27 29 30 31 31 31 32 34 37 39 40 45 48 0 101 225 258 448 451 463 534 542 559 590 651 684 703 739 765 766 773 805 812 828 873 900 914
15.1472650771 62.5850340136 24 0 2 5 10 12 18 21 24 25 26 27 29 30 33 35 37 38 40 43 43 44 47 48 49 0 248 253 274 322 336 347 375 386 417 446 489 502 546 633 655 666 674 701 826 831 838 842 913
57.6437587658 53.7414965986 24 0 9 9 14 15 19 19 20 24 29 32 33 35 35 37 37 38 38 39 41 41 44 44 45 0 0 108 113 244 259 266 275 276 295 300 313 487 514 574 710 711 779 813 922 935 939 970 978
48.9481065919 57.6530612245 24 0 3 7 8 12 12 16 17 19 19 20 22 23 24 25 27 28 32 36 42 43 44 47 49 0 106 120 219 247 250 296 297 348 400 419 446 536 539 569 581 617 699 708 717 734 926 935 971
10.9396914446 34.1836734694 24 0 4 6 9 9 10 10 10 12 20 24 28 29 32 35 39 41 41 42 43 43 44 45 47 0 104 113 124 140 154 249 320 345 391 394 495 603 673 686 718 734 836 840 846 878 937 939 960
22.159887798 50.0 24 0 0 3 5 9 13 13 14 18 18 18 20 22 23 26 30 34 36 39 42 42 44 44 46 0 155 215 235 277 333 362 385 386 396 434 436 448 527 530 603 701 708 749 774 821 847 890 991
36.7461430575 48.2993197279 24 0 0 1 5 11 13 14 14 17 19 23 24 28 33 34 35 38 39 39 42 44 46 47 49 0 199 208 222 299 310 403 423 627 675 696 744 784 798 809 841 871 890 913 951 964 975 979 987
25.8064516129 64.1156462585 24 0 0 1 5 5 9 12 13 15 16 17 17 24 25 25 29 34 38 39 42 45 46 46 48 0 117 159 170 286 299 360 417 450 466 504 514 549 628 667 669 669 677 730 758 760 806 821 880
64.7966339411 56.8027210884 24 0 4 9 11 12 18 19 19 21 24 26 27 28 29 30 31 31 32 34 36 37 41 43 47 0 110 134 143 195 201 256 303 321 341 371 409 426 466 486 499 591 646 773 796 891 904 958 983
55.3997194951 37.7551020408 24 0 5 8 16 17 17 18 21 22 23 26 26 27 27 28 28 29 30 32 35 38 39 42 45 0 112 200 208 304 336 357 398 453 490 656 665 685 688 734 878 879 888 901 929 936 966 982 998
74.7545582048 46.0884353741 24 0 1 1 2 5 5 6 6 8 9 14 16 16 21 22 23 23 29 30 35 38 39 43 47 0 120 204 225 293 359 368 397 439 454 472 479 490 546 657 679 697 782 823 863 946 979 989 992
56.381486676 25.3401360544 24 0 2 6 7 8 10 11 14 14 18 20 21 21 27 30 33 33 34 37 38 39 40 41 41 0 163 169 233 240 247 260 299 332 344 359 364 414 434 453 473 516 525 684 770 800 802 983 995
71.6690042076 25.1700680272 24 0 2 3 4 7 8 9 9 10 19 20 21 22 24 25 25 28 34 36 40 40 42 44 47 0 102 123 169 218 229 240 241 264 269 283 299 320 392 406 406 456 484 530 628 726 795 806 979
33.0995792426 26.8707482993 24 0 4 5 6 8 11 11 13 13 18 18 25 25 27 28 28 30 31 34 36 37 38 42 48 0 101 114 127 134 181 197 208 269 288 344 404 436 477 528 535 553 574 607 620 707 771 822 887
74.3338008415 40.6462585034 24 0 7 7 10 11 20 20 21 22 22 22 24 26 27 29 30 31 32 37 39 46 46 46 47 0 111 116 122 142 173 380 446 454 500 536 690 700 770 801 827 841 865 884 898 899 928 962 981
37.587657784 0.0 24 0 2 4 6 7 11 11 12 13 14 14 16 23 24 29 30 33 37 44 44 45 47 48 48 0 0 161 164 178 186 200 347 384 432 461 466 483 503 523 595 617 778 807 857 892 959 974 989
30.8555399719 83.5034013605 24 0 3 6 7 8 10 11 14 15 15 16 21 25 25 26 30 34 35 35 43 43 45 48 49 0 251 261 261 265 299 313 320 361 371 418 519 539 668 689 699 759 772 774 805 828 900 977 992
19.2145862553 34.3537414966 24 0 3 4 6 7 12 13 15 16 18 19 20 25 31 32 35 38 42 44 44 45 45 45 49 0 141 141 157 179 271 286 313 348 373 424 428 478 509 575 613 619 631 673 733 776 794 796 942
43.1977559607 61.9047619048 24 0 0 12 12 18 18 18 19 19 20 20 22 23 24 26 27 33 35 36 36 36 38 40 41 0 130 139 143 164 181 190 225 266 287 326 430 430 492 562 577 633 634 646 682 697 716 805 914
38.8499298738 32.9931972789 24 0 2 3 6 6 11 11 12 13 13 19 20 20 26 29 29 34 36 36 38 46 47 48 49 0 110 198 242 251 310 375 508 551 561 583 592 595 608 619 699 708 711 715 741 844 848 860 964
34.221598878 18.537414966 24 0 1 7 8 12 15 20 23 27 28 30 32 32 33 33 35 36 39 40 40 45 48 49 49 0 0 112 153 174 215 224 273 307 410 462 525 525 588 596 621 637 648 657 680 794 883 900 995
47.5455820477 44.7278911565 24 0 2 4 6 9 10 10 11 12 14 18 18 20 22 25 30 31 32 32 37 42 46 48 48 0 108 183 258 278 304 366 399 422 443 450 452 483 520 526 653 670 691 808 848 907 962 984 994
43.7587657784 38.9455782313 24 0 0 1 5 6 6 12 12 13 14 14 15 18 18 19 28 28 31 37 39 43 45 46 49 0 0 166 204 259 424 431 560 561 587 589 620 640 651 658 665 728 735 753 763 868 904 923 950
47.6858345021 65.8163265306 24 0 4 5 5 6 6 7 25 26 28 29 30 33 33 35 36 36 39 39 42 43 43 45 49 0 112 165 179 180 249 340 371 428 471 495 578 590 593 635 639 721 804 867 895 911 944 949 990
31.1360448808 46.0884353741 24 0 4 11 13 13 14 16 16 17 18 22 30 36 37 37 38 39 39 40 42 42 43 46 49 0 0 114 152 211 212 236 274 326 470 482 530 559 579 593 609 666 732 740 740 780 890 901 932
53.4361851332 57.1428571429 24 0 3 4 6 8 12 15 15 18 18 18 18 22 28 29 31 33 34 34 36 36 37 47 47 0 0 211 222 324 345 350 431 469 478 478 561 575 634 653 664 703 763 793 807 828 860 891 891
33.0995792426 27.380952381 24 0 0 8 9 13 16 17 19 22 22 28 28 30 32 32 33 36 37 37 38 39 45 48 49 0 196 226 284 300 366 373 386 414 466 489 544 561 700 717 723 763 827 853 891 921 925 956 991
47.9663394109 56.1224489796 24 0 3 6 9 12 14 17 18 18 19 21 24 24 30 31 37 38 40 41 45 46 46 48 48 0 110 135 258 304 361 362 415 426 446 451 480 481 518 519 522 542 554 700 745 749 865 887 923
34.3618513324 50.8503401361 24 0 2 2 7 7 9 10 11 15 16 17 21 22 23 27 31 36 36 39 39 43 44 47 49 0 0 173 249 249 263 264 335 352 372 418 436 445 528 547 548 579 637 648 732 812 834 852 986
61.1500701262 58.6734693878 24 0 0 1 4 5 8 14 22 23 27 27 34 35 38 40 41 41 43 44 46 47 47 48 49 0 121 141 192 196 230 250 267 479 526 547 577 589 618 677 770 811 866 874 881 907 952 969 971
43.7587657784 41.4965986395 24 0 0 6 10 17 18 18 19 20 21 21 24 27 28 30 34 36 37 41 41 43 47 49 49 0 141 146 159 181 214 246 259 265 274 288 294 330 375 424 439 439 481 664 711 755 768 879 883
9.81767180926 38.4353741497 24 0 0 1 1 5 5 6 6 10 10 10 12 18 19 22 22 26 26 30 40 41 44 45 48 0 0 107 144 186 219 277 407 430 436 446 477 491 591 635 654 786 849 866 885 934 955 977 997
58.7657784011 56.6326530612 24 0 1 10 10 15 15 16 20 24 24 26 28 29 30 31 32 35 35 41 42 44 44 46 48 0 100 147 178 214 223 243 254 276 277 296 336 367 384 495 510 656 729 745 888 931 952 953 955
40.8134642356 44.8979591837 24 0 0 1 1 1 3 4 6 6 10 11 12 14 17 20 21 24 25 27 33 37 38 38 39 0 123 144 213 223 257 300 343 382 447 473 488 491 549 570 630 669 808 812 812 813 890 978 982
52.4544179523 60.2040816327 24 0 0 4 8 11 11 12 12 17 17 19 21 23 27 29 33 34 35 35 35 39 45 46 48 0 119 122 127 165 202 220 233 237 289 295 401 483 511 597 741 756 794 875 891 905 938 947 955
46.1430575035 36.7346938776 24 0 0 3 5 7 11 13 16 18 18 21 21 21 22 23 24 30 35 42 42 43 43 43 44 0 124 161 171 203 205 206 264 294 337 422 432 434 445 446 496 501 542 561 734 759 767 836 963
44.1795231417 27.5510204082 24 0 1 3 6 6 14 17 18 23 24 25 28 29 30 31 32 36 38 39 40 42 43 44 49 0 100 126 247 251 281 316 321 379 435 455 515 545 593 627 650 754 851 861 918 972 974 993 998
35.904628331 74.3197278912 24 0 2 4 7 11 11 13 14 16 18 19 22 23 23 23 25 27 31 37 44 45 47 47 47 0 233 292 298 331 353 355 372 451 452 486 527 537 587 616 621 637 775 854 872 894 895 959 994
49.7896213184 68.7074829932 24 0 0 6 9 10 10 12 14 18 18 20 23 25 26 26 27 28 29 36 38 41 43 45 45 0 140 157 250 264 271 293 305 337 393 418 450 455 486 586 587 695 701 702 789 808 809 855 952
49.2286115007 37.074829932 24 0 2 2 3 4 9 14 14 17 22 23 24 24 26 28 28 29 30 42 43 44 46 47 48 0 0 103 290 301 331 344 364 365 413 454 544 575 595 640 654 677 692 766 855 863 881 955 995
37.8681626928 62.925170068 24 0 3 4 5 6 7 7 22 25 26 26 28 31 32 33 34 35 37 37 40 41 43 48 48 0 123 194 204 228 300 321 341 374 420 488 491 491 529 580 657 696 700 717 721 753 900 914 955
44.8807854137 23.9795918367 24 0 4 4 6 6 8 10 13 19 26 29 29 30 32 33 33 33 35 36 37 40 42 43 45 0 133 155 160 176 259 310 337 442 498 523 591 607 634 669 670 722 768 777 777 872 953 969 985
42.3562412342 45.0680272109 24 0 0 1 4 4 6 7 14 17 17 18 19 26 26 27 27 27 29 33 33 36 39 40 44 0 130 177 208 260 380 387 455 481 516 518 546 607 649 723 766 776 801 804 816 864 923 971 985
31.8373071529 60.2040816327 24 0 0 0 1 5 9 11 19 24 26 28 28 29 30 33 33 35 37 43 45 45 46 47 47 0 146 202 237 249 423 438 464 472 544 628 628 651 663 667 672 712 724 846 932 951 953 996 999
31.6970546985 30.9523809524 24 0 0 2 3 7 8 9 10 14 14 19 20 24 29 35 37 38 40 42 43 43 43 48 49 0 158 193 219 219 260 312 412 520 560 568 593 596 610 799 816 831 842 852 905 911 933 978 992
43.7587657784 62.5850340136 24 0 0 1 4 5 8 9 19 21 21 23 28 30 31 34 34 35 39 42 44 46 46 46 49 0 139 141 230 251 263 272 275 338 495 512 610 656 685 687 695 715 725 790 809 812 873 901 965
43.1977559607 21.2585034014 24 0 2 7 11 15 15 19 20 22 23 23 24 26 28 33 35 35 37 42 42 44 45 46 49 0 0 110 152 185 239 314 336 373 375 411 436 484 540 619 757 758 781 876 885 921 939 943 977
52.0336605891 46.5986394558 24 0 2 4 7 7 8 10 13 14 15 15 16 17 24 25 26 31 34 35 42 43 45 46 46 0 107 127 146 160 186 231 237 251 294 321 323 338 375 385 494 572 587 654 676 684 728 913 947
48.3870967742 55.612244898 24 0 1 1 3 7 15 16 17 18 19 23 23 23 23 30 38 39 42 43 43 45 45 48 48 0 153 255 260 301 365 458 496 544 559 581 589 597 641 671 744 762 813 816 816 822 966 967 969
27.7699859748 14.7959183673 24 0 2 3 3 3 3 6 7 11 14 15 15 19 23 25 25 25 29 33 40 41 42 46 47 0 0 160 216 270 318 322 327 337 404 493 574 584 601 602 674 696 760 778 797 803 844 853 896
70.9677419355 59.8639455782 24 0 3 4 10 11 12 14 16 25 25 28 30 31 31 33 35 38 38 39 40 41 43 45 49 0 157 230 282 291 300 363 384 457 472 555 556 590 598 706 713 754 773 792 895 902 922 934 945
55.6802244039 17.3469387755 24 0 5 9 9 15 19 21 21 23 26 27 28 31 31 37 37 38 39 42 43 44 46 48 49 0 118 151 177 178 181 184 227 325 346 430 448 512 516 529 533 553 721 752 798 828 880 949 986
55.3997194951 48.8095238095 24 0 3 7 8 9 19 20 21 23 26 28 28 31 32 33 33 37 37 40 41 44 46 47 48 0 0 142 146 183 190 241 256 275 404 441 464 488 566 581 593 625 702 783 784 799 856 857 969
44.3197755961 34.3537414966 24 0 2 4 10 11 11 12 13 13 15 15 17 17 18 19 20 21 26 32 33 42 43 43 45 0 125 148 154 171 248 262 293 340 372 381 404 416 473 508 514 543 579 612 741 745 748 815 993
40.8134642356 31.8027210884 24 0 5 8 9 15 16 16 17 20 22 24 25 26 29 33 38 39 39 40 43 47 47 49 49 0 0 230 268 283 286 332 373 380 400 529 536 553 554 706 716 722 737 740 823 838 890 946 992
15.0070126227 55.9523809524 24 0 2 6 10 12 14 19 22 23 30 33 33 33 34 35 35 36 38 40 40 40 42 48 48 0 112 127 129 208 273 291 333 359 366 415 425 478 502 532 546 583 613 724 833 879 904 941 946
32.538569425 46.0884353741 24 0 1 4 6 6 8 8 9 12 13 18 19 20 21 25 27 28 34 39 41 45 45 47 49 0 162 203 215 257 287 314 385 432 468 533 567 578 616 656 707 709 767 863 869 923 944 945 969
16.4095371669 51.5306122449 24 0 0 2 4 9 9 10 15 17 21 22 22 25 27 31 33 34 34 38 39 40 44 49 49 0 105 140 154 227 227 239 361 387 391 429 501 598 604 678 714 753 770 771 780 786 811 942 951
29.7335203366 31.462585034 24 0 0 0 0 2 2 5 6 6 7 8 8 9 9 9 9 11 12 15 24 25 33 33 40 0 152 154 164 173 181 207 213 252 320 334 376 381 388 479 508 522 539 589 673 673 753 836 987
37.1669004208 54.5918367347 24 0 1 5 6 7 8 12 12 13 17 18 18 19 24 26 29 30 32 38 43 44 44 48 48 0 150 183 233 247 269 393 414 433 437 438 448 561 584 613 662 696 785 839 862 889 891 905 936
37.4474053296 23.4693877551 24 0 1 10 10 11 11 12 15 16 25 25 27 32 32 33 34 35 36 36 37 38 38 39 49 0 114 116 193 218 262 305 364 389 393 396 479 535 550 570 674 692 706 746 749 835 885 904 926
40.8134642356 26.5306122449 24 0 2 5 5 7 7 9 10 14 14 15 19 23 23 25 25 26 27 30 34 43 47 48 48 0 128 155 156 178 214 229 301 302 312 344 347 463 465 469 525 669 695 751 833 857 869 884 982
29.873772791 73.8095238095 24 0 4 6 6 8 12 14 19 21 27 28 30 31 33 33 36 38 39 39 44 47 47 47 49 0 181 193 214 393 504 578 602 622 637 709 730 757 768 799 824 844 864 877 924 927 951 956 956
44.0392706872 46.2585034014 24 0 1 1 1 2 4 4 5 5 7 8 14 17 25 25 25 26 29 29 29 32 35 43 45 0 0 101 132 152 155 185 272 272 290 351 403 439 472 546 556 582 707 774 810 882 894 950 994
22.5806451613 41.156462585 24 0 6 8 9 15 15 18 18 20 20 24 29 31 36 40 41 41 44 45 46 47 47 48 49 0 0 123 124 148 166 253 337 377 424 425 485 518 578 651 695 704 706 749 857 892 901 907 922
31.4165497896 26.8707482993 24 0 0 0 5 7 8 9 12 16 17 19 21 22 24 26 27 27 29 33 36 36 37 42 49 0 103 122 123 169 194 280 280 283 374 562 586 622 721 730 819 848 851 862 880 884 896 912 918
66.1991584853 34.693877551 24 0 4 5 8 13 14 16 17 19 21 22 23 23 29 29 31 31 32 32 33 34 43 44 49 0 131 185 272 305 346 390 412 492 516 526 533 567 607 629 655 699 713 754 771 867 932 969 978
59.3267882188 41.4965986395 24 0 0 3 4 10 11 17 19 20 20 21 23 25 27 27 29 33 33 34 40 41 43 44 46 0 109 123 132 189 226 267 356 373 429 429 438 439 448 469 594 619 698 700 734 754 808 906 982
35.904628331 52.7210884354 24 0 1 2 3 5 6 12 15 15 19 22 25 25 25 26 29 30 31 32 33 33 36 37 44 0 0 126 137 138 394 395 436 439 440 442 447 561 677 701 722 733 756 790 873 906 927 966 988
47.4053295933 79.4217687075 24 0 0 6 8 12 14 17 21 27 28 29 29 32 33 33 35 36 36 40 41 42 44 45 49 0 212 218 222 290 316 357 378 391 396 404 443 479 601 618 632 636 657 722 733 753 853 943 971
19.9158485273 44.5578231293 24 0 0 0 1 3 3 8 9 10 13 19 21 22 22 29 29 35 36 38 39 42 43 45 48 0 128 146 192 238 249 386 409 442 515 516 551 611 619 623 686 792 823 831 903 916 936 947 993
58.064516129 46.5986394558 24 0 4 5 7 9 14 17 20 21 21 22 25 25 26 30 34 35 35 36 37 43 44 49 49 0 174 200 233 235 263 288 401 403 453 453 537 564 629 653 688 712 742 776 782 788 905 910 929
22.7208976157 38.7755102041 24 0 0 4 5 10 16 18 19 19 20 20 22 27 28 28 29 30 38 39 40 41 41 41 49 0 125 266 276 304 328 411 466 483 510 512 599 604 619 716 783 811 814 870 888 891 924 958 985
51.8934081346 63.0952380952 24 0 1 1 1 3 10 10 11 12 12 14 14 16 19 21 23 24 25 30 42 44 46 46 49 0 0 170 229 251 258 319 338 340 438 499 507 530 591 686 698 724 845 852 860 889 893 927 938
33.6605890603 38.6054421769 24 0 4 10 12 12 19 19 20 20 21 22 24 28 30 35 36 38 39 40 41 41 45 47 49 0 209 235 290 319 422 448 470 497 509 512 532 549 629 662 711 741 827 856 862 925 945 956 996
35.3436185133 40.1360544218 24 0 4 4 6 8 12 13 15 15 15 17 19 22 24 27 32 33 35 35 42 42 43 45 49 0 111 124 165 190 207 295 434 439 451 474 495 525 543 615 622 660 772 821 848 878 905 931 943
55.8204768583 60.8843537415 24 0 2 6 6 8 9 11 11 11 21 21 22 24 26 26 28 33 34 34 39 42 42 42 48 0 267 337 410 479 504 511 544 578 590 606 620 638 645 652 684 708 755 846 862 899 906 924 979
41.6549789621 51.1904761905 24 0 4 4 6 7 12 12 17 22 22 24 25 27 27 30 31 32 36 37 39 43 44 47 47 0 168 269 280 344 355 374 397 438 456 483 599 657 723 732 749 831 887 893 909 910 913 947 974
27.9102384292 33.1632653061 24 0 1 3 3 4 6 6 9 9 14 15 16 26 30 30 31 33 35 43 44 45 46 48 49 0 158 168 183 249 332 361 413 417 443 459 470 551 653 730 741 791 816 842 894 937 960 989 994
44.8807854137 33.5034013605 24 0 2 7 11 12 13 14 16 18 20 21 23 26 27 33 35 35 36 41 42 44 46 46 49 0 0 131 187 207 438 488 513 527 634 682 709 741 764 802 834 840 898 906 909 958 963 985 994
31.556802244 36.5646258503 24 0 2 6 7 7 7 9 13 19 23 24 26 29 30 31 35 37 38 41 43 43 43 46 48 0 169 231 256 428 433 437 449 465 500 544 562 567 609 621 696 757 773 802 851 909 933 938 960
49.649368864 17.8571428571 24 0 0 2 3 4 5 9 15 15 16 20 22 27 28 29 31 35 36 39 39 40 40 44 49 0 0 304 308 316 368 455 474 499 510 534 544 571 584 602 667 746 800 827 857 953 958 994 997
38.2889200561 41.3265306122 24 0 0 0 4 8 10 13 16 22 23 28 31 32 33 39 39 41 42 44 44 45 46 48 49 0 0 111 125 147 152 159 190 193 195 257 338 369 376 463 503 580 600 643 672 687 804 872 928
41.3744740533 60.8843537415 24 0 0 1 9 9 10 10 11 15 17 17 17 17 19 20 21 26 28 29 30 33 36 37 44 0 0 131 189 228 243 267 323 422 471 489 604 689 700 702 707 713 717 738 852 919 966 971 980
37.0266479663 48.8095238095 24 0 0 3 5 6 10 12 14 17 20 21 31 32 34 35 36 36 38 39 40 41 42 46 47 0 162 175 248 308 331 369 386 469 479 512 518 555 562 571 572 717 772 796 829 832 909 967 994
37.1669004208 50.0 24 0 3 4 5 7 13 13 14 23 26 27 28 29 32 35 38 41 41 41 43 44 44 47 48 0 126 133 133 136 169 193 229 319 353 394 468 586 587 587 602 628 679 703 749 754 791 833 909
36.7461430575 29.9319727891 24 0 3 5 5 6 6 7 8 10 22 24 26 27 28 29 30 31 32 37 39 39 44 48 48 0 0 125 139 164 180 235 263 387 401 407 449 472 526 534 598 643 693 732 755 799 824 905 979
34.5021037868 54.2517006803 24 0 2 5 7 7 7 8 8 20 20 31 33 33 33 34 38 39 40 41 44 45 46 49 49 0 150 270 325 350 357 369 430 489 490 492 513 569 577 603 625 648 687 752 758 854 876 910 924
27.3492286115 52.0408163265 24 0 1 2 4 4 8 10 10 11 11 14 17 21 21 23 24 32 33 35 40 40 44 44 45 0 102 112 116 183 276 336 342 354 381 485 498 534 537 579 620 662 701 868 877 920 923 972 975
45.5820476858 68.3673469388 24 0 0 1 5 5 5 5 7 14 15 20 20 22 23 27 28 28 30 31 35 37 41 44 47 0 155 178 213 222 242 265 286 299 380 423 436 499 506 518 531 571 630 647 715 795 840 861 866
70.4067321178 29.4217687075 24 0 0 3 7 10 10 14 15 16 17 18 27 29 31 34 34 35 37 37 37 42 42 44 47 0 0 118 163 166 168 230 239 242 244 257 287 339 409 431 522 536 562 576 692 707 862 870 917
48.8078541374 38.2653061224 24 0 2 8 16 21 21 25 26 28 28 28 30 32 33 34 35 36 36 37 37 41 42 45 47 0 138 190 216 218 323 365 389 418 428 441 455 543 552 598 685 688 721 749 881 897 957 988 993
52.5946704067 25.8503401361 24 0 0 1 5 6 12 12 15 19 20 21 22 26 31 35 35 35 35 39 39 43 43 46 47 0 152 167 239 302 326 400 437 437 491 502 572 609 655 682 686 689 733 744 809 862 908 913 920
25.9467040673 59.8639455782 24 0 2 3 7 7 8 9 12 14 15 16 17 21 24 28 28 32 33 37 37 42 45 47 49 0 224 299 370 411 436 451 473 476 485 566 618 631 671 772 826 835 905 939 957 965 975 985 989
43.618513324 35.3741496599 24 0 1 5 6 9 10 11 12 16 16 20 24 24 25 32 36 37 39 43 45 46 46 47 48 0 126 126 130 135 188 223 279 357 388 503 559 564 584 687 698 763 798 805 869 881 918 919 920
18.3730715288 56.2925170068 24 0 4 5 5 6 7 7 10 11 13 13 15 16 17 17 20 21 24 29 32 38 38 47 48 0 0 117 123 204 305 372 386 442 459 468 557 594 596 627 679 769 821 858 903 952 955 975 991
21.8793828892 39.4557823129 24 0 1 2 7 8 11 11 11 16 20 22 23 24 27 28 32 35 35 38 38 40 40 43 46 0 149 212 231 256 298 326 431 455 463 493 493 497 546 555 647 666 686 746 810 811 838 895 960
14.1654978962 46.768707483 24 0 0 2 3 9 10 12 16 18 19 20 22 22 24 25 26 29 30 32 35 39 43 44 47 0 244 284 307 309 366 385 395 405 483 597 643 727 755 766 822 861 870 881 915 939 950 961 970
24.824684432 97.9591836735 24 0 2 3 3 5 7 7 8 13 13 15 17 21 22 26 28 28 29 33 33 34 35 42 43 0 147 170 387 407 413 420 443 461 471 499 558 596 597 651 735 749 777 787 824 922 925 994 998
49.3688639551 45.7482993197 24 0 1 3 3 10 13 18 21 22 25 27 29 30 30 30 31 34 40 44 44 45 48 48 48 0 101 205 220 240 243 259 266 437 502 507 645 661 708 723 724 749 827 841 845 877 918 963 998
48.2468443198 44.8979591837 24 0 5 6 7 8 12 12 15 16 25 27 28 29 29 30 31 34 38 40 41 41 43 44 47 0 128 280 309 369 395 441 475 535 539 561 585 609 635 639 642 678 697 842 872 878 912 953 958
35.2033660589 73.9795918367 24 0 0 4 9 9 11 14 18 20 25 25 26 26 28 29 30 31 31 34 35 37 42 43 49 0 100 164 336 348 362 368 387 408 458 468 592 643 677 756 757 802 847 856 939 940 942 954 996
29.5932678822 60.7142857143 24 0 0 1 1 3 3 6 8 11 14 21 24 24 25 29 30 31 34 34 36 39 39 46 49 0 107 177 202 252 282 292 294 316 362 384 393 408 480 498 502 603 625 686 721 775 824 914 960
41.935483871 52.5510204082 24 0 3 4 11 12 13 14 19 21 24 26 27 28 31 33 36 37 38 43 45 45 46 46 47 0 168 264 416 444 473 488 510 555 618 633 651 664 666 692 838 841 848 896 896 904 910 921 947
15.1472650771 42.0068027211 24 0 0 2 3 7 9 11 15 16 16 18 19 23 25 26 26 31 33 40 42 44 45 45 46 0 212 214 264 275 278 294 379 437 484 506 556 560 607 634 648 674 686 794 821 929 936 939 947
56.381486676 70.4081632653 24 0 0 3 3 6 6 6 12 14 15 17 17 18 29 29 32 40 41 42 43 43 43 45 48 0 134 157 187 188 265 305 497 528 626 745 779 786 787 803 819 821 893 912 930 947 971 976 990
25.2454417952 37.4149659864 24 0 2 3 3 7 11 11 12 17 21 22 23 24 24 25 25 25 26 34 34 36 42 42 48 0 0 130 155 172 180 311 369 388 471 480 486 549 602 722 793 830 839 867 934 945 976 980 992
56.6619915849 38.0952380952 24 0 0 0 1 1 4 4 6 8 9 12 14 15 18 29 30 30 35 37 39 41 42 42 43 0 143 195 199 267 275 304 316 338 340 353 377 380 455 515 519 572 633 670 731 749 790 873 875
49.3688639551 19.387755102 24 0 1 2 3 10 13 19 20 21 24 25 26 27 31 31 31 32 34 35 36 41 42 42 48 0 199 233 256 291 350 404 472 559 567 594 653 660 693 746 746 843 847 863 875 888 916 960 974
29.873772791 49.1496598639 24 0 1 4 4 5 7 7 9 18 25 25 25 27 32 42 42 43 43 45 46 46 48 49 49 0 137 151 161 219 389 461 462 480 516 568 579 604 609 657 668 670 737 761 805 851 877 911 994
61.9915848527 55.4421768707 24 0 0 4 5 6 10 11 11 12 12 16 16 17 20 21 24 24 29 30 33 35 37 42 42 0 100 104 191 193 222 320 377 488 497 559 589 626 681 725 727 763 792 797 826 851 886 903 961
26.9284712482 34.0136054422 24 0 1 3 3 6 8 8 14 14 15 17 18 18 22 27 32 33 37 40 42 43 44 46 47 0 117 212 259 272 345 377 439 439 486 487 490 509 528 568 599 626 712 753 781 891 913 960 963
42.2159887798 35.7142857143 24 0 1 6 8 9 10 12 15 16 17 19 23 24 24 26 27 27 29 31 32 37 39 40 42 0 159 218 218 249 349 377 386 405 413 458 488 505 575 640 671 671 804 840 897 907 937 970 988
18.2328190743 28.5714285714 24 0 0 0 2 3 5 7 9 10 13 15 15 16 19 20 20 22 25 26 28 29 34 35 44 0 0 128 142 157 175 292 304 323 325 442 442 587 589 629 643 665 757 763 801 838 910 942 977
27.0687237027 40.4761904762 24 0 0 1 2 12 13 16 18 19 24 25 26 29 29 33 37 38 39 40 44 46 47 47 49 0 115 172 273 297 345 347 355 398 427 496 512 601 634 726 752 786 799 807 891 928 935 938 948
41.2342215989 61.0544217687 24 0 0 1 2 7 11 13 16 16 18 19 26 26 30 31 36 40 40 41 42 46 46 46 47 0 152 157 174 192 212 253 439 481 497 508 528 537 576 578 579 642 654 721 749 874 875 945 951
47.1248246844 79.4217687075 24 0 2 3 6 8 9 10 11 11 14 19 25 26 27 27 28 33 34 34 35 37 40 43 48 0 110 134 161 170 201 224 250 296 329 345 363 386 416 505 522 582 654 775 838 881 888 929 961
66.1991584853 56.462585034 24 0 1 3 4 4 4 5 6 13 14 14 23 24 26 28 30 34 35 40 41 43 44 46 47 0 109 125 143 218 286 316 371 404 408 428 533 561 665 699 700 706 738 764 769 781 871 875 979
30.8555399719 34.1836734694 24 0 3 4 7 9 9 9 16 20 22 22 23 24 25 27 29 30 33 35 45 46 46 48 48 0 0 106 114 139 159 176 194 241 283 291 392 401 477 539 583 612 653 698 711 786 909 910 937
39.270687237 26.8707482993 24 0 3 7 12 14 16 16 20 25 29 30 30 31 31 32 34 35 39 40 41 41 41 42 47 0 171 200 211 298 317 335 451 484 503 564 605 645 680 742 759 782 791 794 810 842 845 848 899
6.45161290323 45.9183673469 24 0 7 7 8 11 12 13 15 16 17 18 18 18 26 27 29 30 35 36 41 42 45 46 47 0 114 159 167 172 228 328 352 446 470 473 607 611 620 651 665 680 684 722 806 865 880 945 946
40.252454418 31.462585034 24 0 2 7 11 12 14 16 17 18 20 22 23 23 28 32 32 36 37 37 38 38 40 46 46 0 189 260 291 361 374 398 522 539 561 574 575 624 654 726 737 819 841 849 901 932 936 940 959
27.4894810659 50.8503401361 24 0 1 5 6 8 9 12 16 17 18 19 21 30 31 32 33 33 37 39 45 47 48 48 48 0 129 130 139 156 262 309 344 436 481 483 527 537 588 654 697 717 759 825 825 874 958 991 999
28.7517531557 39.4557823129 24 0 0 2 6 11 11 13 14 18 21 23 25 27 28 32 32 33 34 38 38 40 42 46 49 0 273 322 325 365 390 394 398 489 527 534 563 643 695 698 740 751 765 789 811 862 892 941 951
13.0434782609 39.2857142857 24 0 0 1 10 10 11 12 13 24 32 34 35 36 38 40 40 41 42 45 45 46 46 47 48 0 109 135 139 182 190 194 322 413 440 466 515 547 608 612 652 673 676 727 749 794 852 910 969
50.350631136 28.0612244898 24 0 5 9 13 14 15 16 21 21 22 22 24 24 25 26 27 28 28 29 30 41 45 46 46 0 130 147 236 293 298 303 337 359 400 438 519 552 560 562 624 632 641 675 825 862 881 899 927
40.95371669 35.7142857143 24 0 4 5 6 12 13 13 15 18 19 23 24 26 26 28 28 30 32 32 36 39 42 46 49 0 0 115 137 164 180 314 324 364 373 405 417 468 474 516 534 650 711 725 736 778 931 949 980
49.9298737728 76.3605442177 24 0 1 4 4 7 9 9 9 10 10 14 15 15 21 25 26 28 28 28 31 32 39 40 44 0 112 122 166 169 238 272 327 349 353 412 474 520 660 661 778 800 841 850 857 917 928 942 969
29.873772791 33.843537415 24 0 2 10 10 14 14 17 20 23 23 24 24 27 28 33 35 36 38 38 40 41 43 46 49 0 0 119 277 298 323 398 411 468 520 527 559 579 583 608 612 638 660 757 780 796 874 985 993
25.2454417952 4.59183673469 24 0 0 1 2 4 8 8 8 9 13 14 15 16 18 19 19 20 23 29 39 39 41 43 49 0 123 171 186 338 396 397 435 583 610 626 637 659 709 722 763 790 812 828 833 840 870 912 928
52.5946704067 35.2040816327 24 0 1 4 9 10 10 11 12 13 15 18 18 18 18 22 26 27 31 34 34 36 46 49 49 0 193 196 205 255 260 295 295 359 437 447 472 507 513 569 584 635 641 716 722 728 775 778 940
49.9298737728 61.5646258503 24 0 1 2 2 3 5 9 10 11 11 12 13 15 24 26 26 34 35 37 40 41 41 48 48 0 221 224 278 291 333 390 400 424 429 453 490 524 635 676 694 704 722 785 797 808 908 919 966
34.3618513324 34.693877551 24 0 0 10 11 13 16 17 18 18 19 19 19 20 29 36 37 39 39 42 43 43 44 45 45 0 105 106 131 157 200 222 256 271 285 379 460 537 593 616 654 688 728 790 811 835 922 937 943
37.587657784 43.0272108844 24 0 0 1 6 6 8 10 13 16 16 17 21 23 23 25 28 33 33 34 35 38 40 41 43 0 203 218 278 291 302 378 386 420 424 437 453 543 584 599 650 671 682 691 704 760 836 927 958
36.0448807854 56.1224489796 24 0 3 8 9 11 11 16 17 17 22 25 26 28 29 31 33 34 38 38 41 45 49 49 49 0 130 168 177 187 266 269 328 334 342 434 448 480 516 601 707 736 776 823 842 862 942 951 989
53.2959326788 59.693877551 24 0 1 2 3 18 25 25 25 29 30 32 34 36 37 37 38 40 40 41 42 44 47 47 48 0 121 148 157 157 168 189 211 214 229 239 253 293 317 334 369 506 533 632 646 826 844 897 907
38.1486676017 57.3129251701 24 0 2 4 6 6 10 11 11 14 20 22 23 23 23 28 32 32 33 33 37 39 43 45 47 0 0 113 147 160 189 190 248 250 320 397 443 504 592 593 658 696 715 736 823 914 925 944 987
0.0 40.1360544218 24 0 0 2 2 5 8 9 12 15 15 15 18 21 21 23 25 26 27 33 36 38 42 44 46 0 189 206 266 266 331 367 380 399 404 423 424 455 516 531 738 759 774 814 869 903 906 938 955
38.4291725105 32.4829931973 24 0 1 5 11 11 12 13 15 22 23 24 25 29 31 31 33 33 34 39 42 43 44 45 47 0 120 224 236 250 357 422 434 435 450 459 471 568 601 657 688 693 703 745 806 869 938 958 970
35.7643758766 64.4557823129 24 0 2 3 7 9 10 11 12 12 14 22 24 25 25 27 29 34 36 36 41 47 47 48 49 0 136 260 261 267 280 304 391 397 436 441 565 579 627 651 655 672 676 736 830 848 878 969 990
54.1374474053 69.5578231293 24 0 0 4 6 8 14 16 17 19 20 22 24 25 32 33 34 43 43 44 45 46 47 47 48 0 116 166 219 261 266 279 358 400 447 494 500 517 570 577 582 632 652 699 712 767 858 945 996
41.5147265077 84.3537414966 24 0 4 6 12 15 20 20 20 21 24 24 26 27 32 36 37 38 42 44 44 45 45 49 49 0 126 135 175 203 256 265 305 361 418 444 495 516 591 604 623 683 728 749 799 862 864 970 992
49.3688639551 49.4897959184 24 0 1 5 7 7 10 22 23 23 25 30 31 34 35 37 37 37 40 43 43 43 44 45 47 0 165 223 223 303 379 393 429 478 483 506 573 573 579 588 630 670 678 807 863 875 956 960 979
36.0448807854 46.0884353741 24 0 1 5 10 14 16 16 16 17 21 21 24 24 24 27 29 32 34 34 35 41 42 47 47 0 134 147 184 211 239 272 307 317 408 416 476 545 553 560 571 575 672 681 748 791 797 832 942
33.3800841515 36.9047619048 24 0 0 1 4 7 8 12 14 14 15 21 25 27 30 32 36 36 38 41 43 44 47 47 47 0 154 158 162 194 195 278 315 346 380 401 401 438 573 677 700 707 711 797 817 877 915 943 998
52.3141654979 56.6326530612 24 0 2 3 8 16 17 22 22 23 24 26 27 28 31 34 35 38 39 40 40 41 42 47 48 0 106 107 111 179 209 225 229 271 350 466 478 492 532 539 548 558 750 789 810 821 851 881 973
40.95371669 32.1428571429 24 0 0 2 3 7 8 10 13 17 18 20 22 26 28 30 31 32 33 37 41 43 44 45 45 0 0 133 136 152 172 183 293 303 325 398 398 511 529 540 552 577 661 788 819 860 861 887 986
60.1683029453 58.843537415 24 0 1 2 3 6 7 13 13 15 16 18 20 22 28 32 36 39 40 44 44 44 45 46 49 0 167 169 183 199 256 345 439 465 499 508 565 685 687 732 790 816 818 850 853 900 907 981 995
26.3674614306 23.1292517007 24 0 0 7 8 10 10 11 13 18 19 22 23 24 30 32 34 37 41 42 44 45 46 47 49 0 135 181 283 287 361 365 373 452 519 520 553 556 742 777 814 819 833 835 867 869 904 956 979
63.8148667602 50.3401360544 24 0 1 7 9 13 16 18 18 22 22 24 25 27 29 29 30 33 41 42 43 43 46 47 48 0 135 145 196 228 285 330 331 378 469 478 580 602 609 660 715 716 750 830 842 912 937 967 991
48.8078541374 46.9387755102 24 0 5 6 6 8 11 11 13 13 15 26 27 27 28 30 30 32 34 38 39 41 42 47 49 0 117 143 150 176 229 283 288 312 330 358 380 435 444 521 625 689 789 819 853 885 905 906 937
43.8990182328 45.5782312925 24 0 1 2 5 6 6 11 13 14 14 19 19 22 24 25 28 35 41 41 43 45 46 48 48 0 0 143 147 149 165 169 257 334 369 427 490 534 634 738 782 795 808 906 934 957 970 987 993
38.5694249649 4.25170068027 24 0 9 9 12 13 14 18 20 21 22 25 28 33 34 35 35 37 38 38 41 42 45 48 49 0 0 110 110 124 163 205 207 276 320 367 373 381 428 554 587 636 738 741 868 931 943 977 988
38.7096774194 47.619047619 24 0 1 3 5 7 10 12 13 15 15 21 22 26 27 31 32 36 41 42 45 47 47 47 49 0 0 185 297 324 377 428 432 443 504 528 566 619 680 722 734 869 873 883 885 893 901 902 938
46.1430575035 69.2176870748 24 0 2 8 8 12 13 16 19 20 24 25 25 26 27 27 28 29 30 31 32 32 43 44 48 0 0 102 136 241 250 264 313 342 379 424 437 530 547 561 604 685 699 765 815 950 955 960 978
47.4053295933 23.9795918367 24 0 3 3 4 5 6 6 7 8 12 15 26 29 33 33 37 38 41 41 43 43 45 45 47 0 107 171 187 192 247 300 305 338 385 418 470 487 511 518 530 594 614 617 623 705 724 878 947
22.159887798 47.9591836735 24 0 1 3 5 5 8 10 12 12 13 18 21 22 34 39 39 40 41 41 41 45 47 49 49 0 151 208 214 232 257 287 329 371 394 394 426 449 481 516 530 546 582 677 724 887 899 964 991
49.9298737728 22.619047619 24 0 0 0 1 3 7 21 22 27 27 28 28 29 29 30 33 33 36 41 47 47 47 48 49 0 240 244 401 429 457 465 489 531 551 558 576 600 633 674 691 705 721 749 756 894 898 949 953
46.4235624123 50.6802721088 24 0 0 0 3 5 6 7 7 11 13 15 18 22 23 25 27 34 36 38 40 41 47 48 49 0 108 178 198 221 221 269 280 333 384 392 527 567 581 653 656 673 779 854 862 883 891 906 950
66.6199158485 30.7823129252 24 0 2 3 5 8 8 12 13 14 15 18 24 25 28 30 34 36 40 41 44 44 46 48 48 0 106 133 160 182 188 269 296 323 335 386 389 395 398 423 474 572 572 587 598 730 795 838 953
37.4474053296 35.5442176871 24 0 5 10 11 12 17 17 17 18 19 23 24 25 36 37 39 43 44 45 47 48 49 49 49 0 113 134 178 217 243 255 281 330 392 411 435 437 459 514 589 692 772 783 808 830 869 884 932
52.4544179523 52.5510204082 24 0 0 0 3 5 5 5 5 9 9 10 10 11 14 15 20 24 30 30 31 32 33 38 43 0 104 109 109 160 169 185 200 207 247 248 265 314 356 386 403 461 492 500 552 596 606 821 835
48.3870967742 11.3945578231 24 0 2 3 4 7 8 12 13 14 15 16 18 22 22 33 38 39 40 40 41 44 45 49 49 0 135 141 144 186 213 337 396 441 477 486 545 547 579 615 630 703 738 790 860 929 977 993 993
52.0336605891 59.5238095238 24 0 2 2 3 4 11 13 13 17 22 23 24 29 35 35 36 38 38 39 39 41 42 42 48 0 161 189 202 220 223 273 314 359 379 439 450 450 505 517 518 593 701 737 774 815 878 916 939
45.301542777 74.8299319728 24 0 0 10 12 13 17 17 18 18 20 22 23 25 31 31 32 33 34 34 38 42 42 45 49 0 142 185 223 242 264 283 308 404 456 459 509 511 566 601 622 625 731 741 753 766 851 887 948
53.1556802244 56.6326530612 24 0 2 3 5 8 16 16 17 17 18 23 24 29 31 32 33 42 42 44 45 47 47 48 48 0 118 146 179 196 209 268 292 321 435 492 534 546 606 648 654 700 705 740 811 858 885 907 954
30.0140252454 34.3537414966 24 0 2 2 4 7 10 12 15 16 16 18 18 19 22 25 27 30 31 35 41 41 42 45 46 0 131 149 178 224 230 253 298 307 398 401 432 612 619 621 631 638 659 768 789 830 885 978 982
33.5203366059 69.7278911565 24 0 2 4 5 6 7 11 12 13 14 15 22 26 34 35 36 37 38 39 44 47 48 48 49 0 119 136 196 255 317 360 455 455 659 670 680 724 730 739 774 788 867 871 914 917 927 931 984
43.3380084151 47.4489795918 24 0 0 3 3 7 9 11 12 13 14 16 18 18 23 30 33 35 35 38 43 43 46 48 49 0 171 225 229 268 312 316 331 405 408 506 544 568 571 575 597 629 741 761 837 913 928 934 966
35.4838709677 27.8911564626 24 0 2 2 4 6 9 11 15 19 20 26 27 32 32 34 35 35 36 37 41 43 46 49 49 0 115 117 142 191 267 314 379 424 461 515 527 554 639 670 723 741 770 806 817 845 864 914 937
57.3632538569 50.5102040816 24 0 1 1 6 9 9 9 10 17 19 20 21 23 23 28 29 36 36 38 38 39 46 47 48 0 0 219 250 265 292 297 317 416 490 572 578 599 607 613 620 674 681 766 826 855 861 893 910
57.3632538569 65.8163265306 24 0 3 4 5 6 6 6 7 11 14 15 15 18 19 22 25 33 36 38 39 40 40 43 49 0 117 123 141 203 243 269 340 358 399 424 455 472 566 626 642 658 713 765 779 891 909 942 995
50.350631136 41.156462585 24 0 5 10 10 14 14 17 18 20 23 27 29 31 33 33 36 37 38 38 41 44 44 44 48 0 224 270 307 342 470 541 571 592 623 646 649 676 707 715 716 717 756 795 841 845 949 951 969
40.95371669 43.1972789116 24 0 0 0 6 17 18 19 20 20 23 24 24 25 26 27 29 33 37 38 39 41 42 46 48 0 162 172 218 268 304 447 464 466 563 622 675 684 730 770 852 898 902 903 926 930 933 943 993
23.9831697055 100.0 24 0 2 7 11 11 11 12 13 14 15 15 18 20 21 23 25 27 33 33 34 36 40 43 43 0 0 132 137 148 168 169 289 290 292 359 374 394 422 429 572 613 625 713 728 829 941 951 958
43.3380084151 21.0884353741 24 0 0 1 3 3 5 5 11 12 16 16 18 21 22 24 27 28 34 34 35 37 42 43 43 0 109 119 153 176 207 220 311 350 357 358 389 399 424 462 572 579 609 676 717 733 772 868 952
32.3983169705 40.8163265306 24 0 0 0 1 2 3 4 5 6 12 14 23 25 26 28 31 34 34 35 36 39 42 42 45 0 0 103 105 192 198 213 225 296 393 415 436 470 498 506 541 553 576 594 598 654 885 893 898
37.587657784 53.0612244898 24 0 0 1 3 3 4 8 11 17 21 23 24 25 26 27 27 31 35 35 38 39 40 43 47 0 0 135 165 182 266 302 320 340 447 481 482 502 582 609 624 690 823 834 867 875 876 876 916
42.9172510519 63.9455782313 24 0 0 0 0 4 5 6 7 10 12 14 21 23 25 29 30 31 31 34 37 39 42 43 49 0 101 168 174 246 260 347 348 436 440 474 672 676 681 694 733 758 758 790 814 839 904 907 962
42.9172510519 54.4217687075 24 0 1 2 5 5 7 8 11 13 15 17 21 22 27 28 29 32 32 34 40 40 42 47 49 0 0 108 139 151 223 275 299 364 415 430 488 543 576 691 702 715 797 798 820 828 879 894 991
25.1051893408 63.2653061224 24 0 5 7 8 11 12 15 17 18 21 23 27 32 32 33 33 36 36 37 38 39 42 46 49 0 138 174 199 295 305 320 347 363 382 385 419 423 450 477 558 687 707 759 769 916 939 955 980
54.4179523142 48.6394557823 24 0 1 3 4 4 4 4 6 9 10 12 21 22 29 29 30 32 33 36 38 39 40 42 48 0 0 160 198 200 212 242 420 535 541 667 743 762 811 823 844 855 887 893 906 933 960 973 991
20.476858345 32.4829931973 24 0 1 3 9 9 9 13 16 16 16 19 20 24 27 28 30 30 31 33 34 35 36 45 49 0 0 145 207 286 312 366 398 416 419 427 441 444 454 526 560 600 602 608 656 711 777 826 863
52.5946704067 42.0068027211 24 0 6 14 15 16 17 17 18 19 20 20 29 30 31 32 34 34 35 38 38 41 41 45 48 0 117 257 265 410 424 427 437 447 459 620 679 681 694 702 706 785 851 856 858 889 907 952 983
68.5834502104 39.9659863946 24 0 0 6 7 7 11 12 13 14 14 16 19 20 23 23 25 29 29 35 35 35 38 38 39 0 117 151 249 281 287 290 314 318 318 333 349 367 369 383 468 492 533 551 593 702 770 784 946
54.9789621318 65.306122449 24 0 0 0 4 6 6 7 10 14 14 24 26 31 31 31 35 41 41 42 42 47 47 48 48 0 0 125 137 150 150 160 209 223 292 319 321 341 370 391 459 488 528 669 746 841 865 916 927
50.6311360449 80.1020408163 24 0 1 5 6 6 7 7 9 18 18 20 20 24 24 29 31 31 31 35 37 39 44 47 48 0 110 131 269 295 303 303 334 365 379 525 541 559 578 653 659 683 701 897 925 926 967 970 999
24.1234221599 46.0884353741 24 0 1 2 4 8 10 10 12 13 15 19 24 27 29 31 32 35 36 38 44 45 46 47 47 0 159 196 284 284 289 328 334 335 397 455 516 549 628 658 714 723 727 758 789 891 904 944 995
38.1486676017 67.8571428571 24 0 2 4 5 7 10 12 13 15 17 18 20 22 23 25 27 28 28 32 36 36 37 43 44 0 155 184 228 234 238 281 342 432 435 495 506 507 554 563 603 628 641 658 699 719 791 903 950
53.8569424965 55.612244898 24 0 0 5 8 8 10 16 18 21 23 28 32 33 34 35 35 36 37 37 41 43 45 45 48 0 110 131 152 231 333 348 410 438 565 581 686 697 725 730 752 762 802 856 910 945 964 972 990
51.332398317 93.8775510204 24 0 0 1 1 2 2 3 5 7 7 12 13 17 19 19 27 29 34 35 39 41 42 47 49 0 163 242 266 323 328 337 344 399 419 487 539 593 596 599 621 719 765 766 778 861 907 915 941
33.9410939691 11.5646258503 24 0 2 2 5 8 11 11 12 12 15 17 21 23 25 27 28 29 36 42 43 45 46 46 49 0 129 138 266 316 330 341 350 425 531 552 562 653 683 720 801 857 890 918 927 941 949 960 971
36.7461430575 65.4761904762 24 0 1 4 4 6 7 10 11 14 22 23 23 23 23 24 25 27 27 31 35 36 37 42 45 0 0 109 116 123 124 125 134 171 223 363 457 472 522 548 600 632 653 763 782 921 925 948 981
44.0392706872 36.2244897959 24 0 1 4 9 10 10 13 14 15 15 17 20 20 22 24 24 31 32 32 36 45 47 48 49 0 0 126 177 215 247 251 325 374 479 535 539 557 575 597 610 622 727 747 848 899 938 975 984
38.4291725105 51.0204081633 24 0 3 10 15 15 15 16 16 19 20 20 22 28 29 30 32 34 37 38 38 39 41 44 47 0 145 198 274 317 477 501 525 551 558 592 600 614 624 631 731 773 791 820 828 834 895 920 972
47.4053295933 49.1496598639 24 0 3 6 9 16 16 17 19 19 20 22 26 29 29 30 31 32 32 33 35 39 40 44 49 0 112 192 237 322 333 437 521 527 562 575 618 627 658 724 779 843 876 886 890 921 927 961 992
54.9789621318 36.5646258503 24 0 3 3 4 6 8 8 8 10 13 17 19 22 24 25 25 27 30 34 35 37 39 39 46 0 142 148 151 189 195 201 223 294 494 506 551 563 573 659 721 726 745 784 805 856 878 915 982
26.0869565217 44.8979591837 24 0 11 13 15 18 19 21 21 21 24 24 26 28 28 30 35 37 38 39 40 41 43 44 44 0 111 142 155 255 278 299 311 328 349 390 479 581 587 589 704 711 800 863 865 901 903 943 994
40.6732117812 38.4353741497 24 0 2 6 7 7 8 10 14 20 22 23 24 26 28 32 32 35 36 39 40 41 43 48 49 0 126 197 263 311 377 439 451 477 500 516 529 576 685 739 781 807 808 814 837 852 875 974 977
23.141654979 61.9047619048 24 0 0 3 5 7 8 9 9 24 24 26 27 28 29 31 33 33 34 36 38 39 40 42 43 0 231 245 251 268 277 370 412 439 491 534 591 623 631 647 662 710 800 808 821 869 888 893 959
35.0631136045 47.2789115646 24 0 4 5 5 11 14 18 23 24 24 29 32 32 33 33 34 37 38 40 40 42 44 47 49 0 243 276 317 355 374 380 420 429 442 539 555 566 669 676 709 745 758 762 799 812 814 870 982
75.0350631136 52.0408163265 24 0 1 2 4 7 9 14 14 15 15 15 17 19 20 26 28 30 32 33 37 38 41 46 46 0 119 135 180 193 311 324 356 363 399 460 490 519 598 599 624 636 645 646 659 665 726 820 886
68.7237026648 51.8707482993 24 0 6 8 8 12 13 13 14 15 17 19 21 22 22 24 30 30 31 36 36 36 43 45 47 0 169 217 253 253 323 356 366 432 511 529 566 605 615 706 726 757 801 817 842 844 866 903 956
56.9424964937 57.1428571429 24 0 1 6 6 10 11 12 12 12 14 17 17 19 19 20 24 24 27 30 36 37 41 46 47 0 0 207 268 370 391 429 480 519 541 547 549 632 635 663 669 669 674 695 721 729 765 898 927
39.4109396914 48.4693877551 24 0 0 2 4 4 7 7 9 18 19 21 23 23 25 25 26 27 34 37 37 38 43 43 46 0 154 179 195 263 270 280 316 321 336 555 563 574 584 679 718 722 807 832 863 871 902 907 912
31.2762973352 44.8979591837 24 0 4 4 7 14 18 20 22 24 24 28 28 30 38 39 39 40 42 42 43 44 45 45 48 0 100 147 178 196 212 253 283 313 370 380 410 421 437 500 732 775 832 856 884 907 925 933 976
59.6072931276 39.7959183673 24 0 1 2 8 9 19 20 21 22 26 27 28 29 29 30 30 31 34 34 34 39 40 48 48 0 109 172 262 264 280 330 351 394 454 455 495 518 616 722 758 763 764 780 801 823 875 940 987
31.1360448808 49.3197278912 24 0 3 4 9 12 13 14 18 23 25 25 28 30 35 36 38 39 40 43 45 46 48 48 49 0 0 105 126 197 220 220 324 354 373 387 399 441 442 462 474 477 512 529 656 804 830 841 899
37.4474053296 34.8639455782 24 0 1 2 6 9 9 12 12 13 15 15 16 16 25 25 27 31 33 40 41 42 42 48 49 0 179 195 222 225 261 308 356 373 394 423 433 467 475 532 559 611 649 791 879 907 911 918 942
44.7405329593 58.843537415 24 0 7 11 12 17 21 22 22 23 25 27 27 28 29 30 33 34 35 36 36 38 39 44 49 0 114 139 187 196 267 267 290 309 348 413 464 497 534 563 652 682 712 752 770 810 899 978 987
49.9298737728 51.1904761905 24 0 0 4 5 6 13 14 16 16 17 24 25 26 29 30 31 33 34 35 37 40 45 45 48 0 0 134 165 185 204 214 224 280 307 308 375 446 567 689 699 762 800 838 858 954 958 983 990
28.8920056101 42.8571428571 24 0 0 2 5 7 8 15 16 17 17 18 19 27 28 29 32 33 40 40 41 46 46 47 48 0 147 202 219 306 313 410 439 529 542 595 599 642 642 689 716 727 735 743 756 766 889 895 946
41.3744740533 57.4829931973 24 0 2 5 8 10 14 19 19 20 21 22 24 27 33 35 35 35 40 41 41 42 45 48 49 0 0 106 107 127 157 226 232 245 317 319 364 387 393 564 690 740 749 801 812 840 916 974 976
38.1486676017 56.2925170068 24 0 2 4 5 8 13 15 20 22 25 27 27 27 32 32 33 37 37 40 43 43 45 46 47 0 0 173 179 206 229 248 278 371 371 491 506 576 577 596 601 604 672 677 728 803 824 977 986
50.2103786816 62.5850340136 24 0 0 1 6 6 10 17 18 18 24 25 25 31 33 33 34 39 40 41 44 47 47 48 49 0 120 123 147 284 297 321 333 366 395 418 427 485 498 550 607 623 629 655 775 814 842 974 984
45.5820476858 58.1632653061 24 0 0 2 6 10 11 12 13 16 17 19 20 21 25 30 31 35 41 43 45 45 48 49 49 0 108 116 117 187 193 222 330 359 366 370 402 418 430 479 521 548 552 584 672 767 774 902 933
63.3941093969 34.0136054422 24 0 3 12 16 17 18 20 21 22 22 23 23 24 24 25 31 31 33 34 42 43 43 43 48 0 158 195 274 285 366 486 501 560 571 675 681 751 788 788 793 811 814 830 836 928 947 949 997
36.0448807854 42.6870748299 24 0 2 5 9 10 10 12 14 16 21 25 30 31 32 32 39 40 41 43 43 44 44 46 48 0 121 175 232 235 290 385 472 537 577 612 639 669 716 722 753 790 792 816 827 831 874 878 891
308
31.8416523236 19.1228070175 4
40.6196213425 36.6666666667 9
62.4784853701 37.8947368421 7
31.3253012048 58.2456140351 7
60.413080895 60.0 7
47.1600688468 85.9649122807 8
23.9242685026 53.5087719298 7
20.6540447504 30.0 6
54.5611015491 59.298245614 6
71.7728055077 45.4385964912 9
53.7005163511 53.3333333333 4
64.1996557659 62.1052631579 7
40.6196213425 46.8421052632 4
48.7091222031 67.8947368421 8
7.22891566265 48.9473684211 8
38.7263339071 68.0701754386 5
53.0120481928 53.5087719298 7
56.2822719449 66.6666666667 6
15.3184165232 51.5789473684 9
58.1755593804 36.4912280702 6
41.3080895009 53.1578947368 2
62.3063683305 46.8421052632 4
62.1342512909 37.0175438596 6
44.2340791738 63.8596491228 9
36.3166953528 69.649122807 3
52.1514629948 26.1403508772 7
58.6919104991 55.7894736842 2
28.2271944923 59.4736842105 6
51.2908777969 58.7719298246 3
42.3407917384 22.8070175439 1
24.7848537005 52.2807017544 7
32.1858864028 57.0175438596 6
62.6506024096 70.0 6
31.1531841652 55.7894736842 5
47.1600688468 35.9649122807 8
22.0309810671 41.2280701754 1
32.1858864028 60.350877193 3
67.2977624785 45.6140350877 2
79.8623063683 44.7368421053 8
45.2667814114 50.0 2
95.5249569707 50.5263157895 5
58.6919104991 42.4561403509 3
3.27022375215 56.8421052632 1
64.1996557659 42.1052631579 9
56.9707401033 62.6315789474 9
51.2908777969 36.8421052632 6
35.9724612737 25.4385964912 2
39.9311531842 42.1052631579 5
62.8227194492 36.1403508772 8
48.5370051635 14.2105263158 7
47.1600688468 53.6842105263 5
55.0774526678 42.4561403509 1
33.5628227194 54.0350877193 5
85.0258175559 51.5789473684 1
62.8227194492 6.31578947368 8
81.239242685 24.0350877193 9
34.0791738382 45.0877192982 1
67.6419965577 51.2280701754 8
13.5972461274 32.2807017544 2
84.6815834768 52.1052631579 6
47.3321858864 27.5438596491 5
45.7831325301 40.1754385965 6
36.8330464716 48.4210526316 6
28.9156626506 27.8947368421 5
75.2151462995 85.9649122807 6
55.9380378657 66.8421052632 3
40.7917383821 85.9649122807 1
43.2013769363 70.0 8
90.017211704 54.0350877193 3
20.6540447504 62.6315789474 4
41.8244406196 22.4561403509 5
18.2444061962 64.5614035088 6
87.9518072289 58.9473684211 8
29.9483648881 45.2631578947 2
21.1703958692 77.0175438596 3
39.7590361446 63.1578947368 3
28.3993115318 67.8947368421 7
36.3166953528 24.9122807018 1
64.5438898451 88.0701754386 7
46.1273666093 72.9824561404 9
7.40103270224 39.4736842105 7
56.6265060241 43.1578947368 9
47.3321858864 50.350877193 7
25.1290877797 59.298245614 4
18.9328743546 35.7894736842 1
40.2753872633 81.4035087719 2
36.3166953528 40.8771929825 3
48.3648881239 37.1929824561 9
43.0292598967 44.9122807018 3
49.3975903614 64.2105263158 1
74.3545611015 61.5789473684 6
32.5301204819 62.4561403509 4
71.6006884682 18.4210526316 8
29.7762478485 53.5087719298 5
51.6351118761 34.9122807018 1
52.6678141136 74.5614035088 5
73.321858864 56.8421052632 4
50.7745266781 100.0 7
51.4629948365 66.8421052632 8
39.0705679862 75.7894736842 1
63.5111876076 39.4736842105 7
67.1256454389 57.5438596491 9
45.4388984509 73.5087719298 9
25.1290877797 36.4912280702 1
37.3493975904 46.6666666667 5
44.578313253 25.7894736842 6
22.0309810671 70.5263157895 8
31.4974182444 65.6140350877 8
79.0017211704 71.9298245614 3
54.5611015491 61.9298245614 2
24.0963855422 31.2280701754 6
24.6127366609 32.6315789474 5
57.8313253012 37.8947368421 3
62.4784853701 78.5964912281 9
54.5611015491 77.8947368421 6
64.1996557659 61.2280701754 4
47.3321858864 60.350877193 7
58.5197934596 55.0877192982 6
57.487091222 64.2105263158 6
62.6506024096 24.2105263158 4
37.0051635112 63.8596491228 3
61.1015490534 43.3333333333 1
48.7091222031 50.701754386 3
42.1686746988 57.1929824561 9
70.2237521515 60.1754385965 2
46.2994836489 59.1228070175 2
40.7917383821 50.701754386 5
36.660929432 53.1578947368 9
51.9793459552 25.2631578947 3
52.8399311532 73.3333333333 3
72.2891566265 69.649122807 4
57.3149741824 55.9649122807 2
36.1445783133 26.4912280702 5
16.3511187608 68.0701754386 9
72.6333907057 53.5087719298 2
35.1118760757 64.2105263158 3
39.0705679862 64.2105263158 9
20.4819277108 78.0701754386 6
59.8967297762 26.1403508772 2
58.6919104991 49.649122807 3
53.8726333907 40.350877193 6
44.9225473322 48.4210526316 7
66.6092943201 65.6140350877 8
39.586919105 78.2456140351 4
33.734939759 73.5087719298 9
69.5352839931 61.2280701754 2
53.5283993115 37.5438596491 7
30.9810671256 18.2456140351 4
52.8399311532 28.9473684211 9
30.2925989673 0.0 5
41.3080895009 38.0701754386 1
61.1015490534 48.9473684211 7
46.2994836489 45.6140350877 2
55.2495697074 36.4912280702 2
74.5266781411 51.9298245614 9
74.0103270224 28.2456140351 2
47.1600688468 34.3859649123 2
80.7228915663 71.5789473684 8
62.4784853701 50.8771929825 9
76.4199655766 48.7719298246 1
41.8244406196 50.5263157895 7
32.8743545611 52.9824561404 1
47.3321858864 45.7894736842 5
19.2771084337 48.2456140351 6
45.0946643718 17.7192982456 4
82.4440619621 68.2456140351 4
25.6454388985 42.8070175439 3
56.2822719449 47.8947368421 8
20.82616179 57.7192982456 7
33.9070567986 37.7192982456 2
55.9380378657 52.6315789474 9
32.3580034423 76.4912280702 9
37.6936316695 82.1052631579 9
62.6506024096 81.0526315789 9
51.4629948365 44.5614035088 3
43.7177280551 26.3157894737 5
47.8485370052 53.3333333333 2
46.4716006885 65.7894736842 6
71.0843373494 49.8245614035 9
48.7091222031 66.1403508772 7
61.4457831325 42.8070175439 3
38.8984509466 47.3684210526 8
28.3993115318 61.0526315789 2
44.578313253 47.1929824561 1
54.0447504303 37.5438596491 8
28.0550774527 35.2631578947 7
100.0 12.6315789474 8
56.4543889845 65.7894736842 1
49.3975903614 32.1052631579 3
4.81927710843 44.3859649123 4
44.578313253 52.4561403509 7
56.4543889845 68.2456140351 3
20.1376936317 60.8771929825 8
90.5335628227 51.7543859649 7
62.9948364888 43.8596491228 2
44.4061962134 68.5964912281 9
75.3872633391 83.3333333333 9
41.8244406196 51.0526315789 6
64.7160068847 24.3859649123 5
29.0877796902 46.6666666667 7
64.7160068847 43.5087719298 3
48.0206540448 56.1403508772 6
37.8657487091 61.2280701754 2
38.7263339071 74.5614035088 4
66.265060241 15.4385964912 5
59.7246127367 36.4912280702 5
31.4974182444 35.2631578947 9
49.2254733219 18.2456140351 7
63.8554216867 23.8596491228 7
70.5679862306 46.8421052632 1
41.4802065404 73.3333333333 4
60.413080895 54.7368421053 1
59.2082616179 43.1578947368 5
58.34767642 69.4736842105 5
50.0860585198 62.1052631579 6
40.7917383821 47.1929824561 1
61.9621342513 97.8947368421 6
30.6368330465 51.0526315789 4
55.7659208262 32.2807017544 5
62.3063683305 71.9298245614 2
31.8416523236 78.9473684211 4
41.3080895009 56.8421052632 2
41.65232358 50.5263157895 1
41.9965576592 41.0526315789 1
55.9380378657 80.0 6
74.0103270224 70.350877193 9
55.421686747 48.2456140351 3
53.7005163511 42.9824561404 9
52.3235800344 54.2105263158 3
61.7900172117 52.2807017544 4
30.9810671256 26.4912280702 6
64.7160068847 54.2105263158 9
74.6987951807 64.9122807018 6
24.7848537005 83.6842105263 6
20.4819277108 57.0175438596 2
17.3838209983 49.1228070175 2
40.4475043029 62.4561403509 6
47.3321858864 8.94736842105 3
38.5542168675 84.5614035088 5
63.1669535284 41.7543859649 5
63.339070568 53.1578947368 4
33.2185886403 72.2807017544 3
55.421686747 36.6666666667 5
13.9414802065 70.1754385965 4
52.6678141136 55.9649122807 5
74.5266781411 33.6842105263 3
32.1858864028 44.3859649123 6
40.2753872633 56.1403508772 1
62.4784853701 63.5087719298 6
37.1772805508 64.5614035088 8
55.421686747 58.4210526316 3
22.5473321859 72.2807017544 2
40.4475043029 68.9473684211 2
42.6850258176 49.1228070175 1
31.4974182444 30.5263157895 5
59.5524956971 18.0701754386 8
32.0137693632 25.7894736842 1
67.8141135972 57.5438596491 8
39.586919105 39.1228070175 2
48.8812392427 52.1052631579 5
44.7504302926 82.8070175439 9
23.752151463 55.9649122807 5
26.5060240964 37.7192982456 7
49.7418244406 61.0526315789 2
31.1531841652 65.4385964912 8
48.8812392427 12.6315789474 1
28.0550774527 64.9122807018 1
17.2117039587 40.701754386 5
20.9982788296 34.7368421053 9
64.3717728055 35.2631578947 6
63.339070568 23.8596491228 2
47.504302926 51.7543859649 7
44.9225473322 35.6140350877 4
64.8881239243 75.6140350877 8
33.9070567986 51.4035087719 2
47.1600688468 62.8070175439 5
81.0671256454 50.8771929825 8
55.0774526678 51.4035087719 7
33.0464716007 45.6140350877 3
75.2151462995 30.8771929825 5
53.7005163511 73.6842105263 4
70.0516351119 68.0701754386 5
44.7504302926 69.1228070175 3
46.2994836489 86.8421052632 1
30.9810671256 88.2456140351 5
39.0705679862 23.3333333333 3
55.7659208262 48.0701754386 1
68.8468158348 62.1052631579 1
49.0533562823 54.2105263158 3
67.1256454389 30.1754385965 5
32.5301204819 43.8596491228 5
49.2254733219 49.649122807 6
20.4819277108 43.6842105263 5
68.6746987952 51.9298245614 4
55.0774526678 59.1228070175 2
31.4974182444 48.7719298246 2
48.3648881239 40.701754386 4
40.7917383821 43.3333333333 8
0.0 59.4736842105 9
57.8313253012 54.3859649123 9
20.9982788296 53.6842105263 5
12.908777969 11.7543859649 4
48.3648881239 46.3157894737 8
49.2254733219 56.4912280702 7
59.7246127367 70.701754386 8
73.6660929432 71.0526315789 2
63.6833046472 78.2456140351 9
72.2891566265 54.3859649123 7
