51
14.0921409214 17.9954441913 10 0 4 11 13 26 29 36 47 47 49 0 0 435 519 527 611 728 828 860 904
64.2276422764 39.6355353075 10 0 13 17 30 32 33 38 44 44 49 0 238 251 253 275 398 444 716 847 996
28.9972899729 0.0 10 0 2 5 12 13 27 31 31 40 42 0 0 310 495 616 632 775 814 832 931
59.0785907859 51.4806378132 10 0 0 10 16 19 30 37 44 44 47 0 0 198 343 368 445 485 512 642 778
19.512195122 67.8815489749 10 0 2 6 16 17 19 24 34 40 45 0 0 158 171 176 321 324 427 436 437
74.7967479675 65.3758542141 10 0 1 4 7 19 21 28 37 38 39 0 210 318 358 418 454 496 662 721 726
81.5718157182 100.0 10 0 0 19 33 34 35 38 42 45 48 0 0 197 395 445 511 557 758 761 886
37.9403794038 56.4920273349 10 0 0 14 30 34 35 36 39 42 49 0 0 163 408 594 658 727 755 831 996
17.8861788618 56.2642369021 10 0 2 4 17 19 23 42 43 48 48 0 0 127 253 295 428 469 514 600 864
7.85907859079 54.8974943052 10 0 3 9 17 19 22 24 28 29 39 0 131 141 248 262 301 381 527 904 987
37.3983739837 36.9020501139 10 0 1 13 19 20 21 23 28 44 45 0 122 129 217 327 332 408 538 623 893
78.0487804878 11.1617312073 10 0 1 3 4 6 25 29 39 41 43 0 0 147 223 627 705 719 792 808 866
33.6043360434 49.6583143508 10 0 6 15 18 19 21 36 39 39 40 0 135 178 245 258 352 430 617 682 948
68.8346883469 28.4738041002 10 0 10 13 19 34 36 40 41 48 48 0 153 225 418 512 566 862 897 961 979
29.2682926829 52.1640091116 10 0 6 11 11 11 23 35 40 40 43 0 0 317 402 440 607 639 718 761 913
0.0 63.3257403189 10 0 8 8 10 11 14 15 20 21 47 0 234 352 575 597 662 774 830 852 875
49.593495935 30.0683371298 10 0 0 4 8 15 16 21 34 37 47 0 161 200 214 498 559 566 632 760 927
58.2655826558 38.9521640091 10 0 10 14 16 17 18 22 36 38 48 0 183 296 389 508 604 622 719 774 875
57.9945799458 59.4533029613 10 0 3 3 5 9 10 41 42 43 44 0 0 198 200 329 431 596 629 632 755
97.5609756098 40.5466970387 10 0 11 29 32 39 41 42 44 48 48 0 0 195 329 382 539 621 631 829 839
70.460704607 32.1184510251 10 0 7 7 8 22 27 29 32 37 49 0 200 312 322 503 685 713 862 890 926
29.539295393 66.2870159453 10 0 3 7 23 23 31 33 42 43 47 0 118 171 427 464 477 627 841 860 870
4.33604336043 37.8132118451 10 0 3 4 11 19 22 41 46 47 49 0 187 262 385 460 596 708 799 821 930
35.5013550136 17.0842824601 10 0 5 15 28 33 36 38 40 44 46 0 117 248 343 347 506 562 854 887 963
44.1734417344 48.291571754 10 0 4 10 18 21 24 31 36 46 48 0 261 369 588 669 764 960 967 989 999
21.1382113821 41.9134396355 10 0 6 7 8 11 26 33 34 36 43 0 172 450 550 666 870 879 891 930 943
93.2249322493 64.2369020501 10 0 1 4 11 12 16 26 30 30 48 0 152 349 496 616 635 691 763 847 875
70.460704607 60.5922551253 10 0 1 9 12 15 20 25 27 33 45 0 0 127 278 289 349 530 743 822 916
59.3495934959 65.6036446469 10 0 0 2 26 40 42 45 46 47 49 0 103 254 265 304 488 540 572 577 972
36.0433604336 57.4031890661 10 0 9 12 14 16 17 18 30 32 47 0 0 293 383 523 725 775 869 912 987
74.5257452575 52.3917995444 10 0 2 13 18 22 25 32 34 38 43 0 0 156 184 188 268 347 480 749 977
41.1924119241 79.0432801822 10 0 3 3 15 23 25 28 29 37 41 0 338 453 532 566 761 830 946 954 980
64.7696476965 30.0683371298 10 0 1 6 12 21 25 27 38 48 49 0 200 223 239 612 647 669 701 891 990
78.5907859079 52.84738041 10 0 2 5 9 14 24 37 38 43 44 0 153 198 338 339 385 671 753 783 803
31.1653116531 81.3211845103 10 0 3 12 17 26 27 28 33 36 47 0 119 267 294 355 510 658 686 693 870
21.1382113821 68.1093394077 10 0 19 23 31 31 32 33 35 42 42 0 145 238 283 306 431 681 701 797 962
22.4932249322 32.3462414579 10 0 6 10 12 21 27 28 35 39 43 0 127 220 352 387 393 487 510 580 878
22.4932249322 54.8974943052 10 0 8 22 23 23 29 44 45 46 48 0 128 186 268 296 395 666 794 899 926
28.9972899729 91.1161731207 10 0 10 19 22 25 26 26 38 43 49 0 0 109 149 195 479 495 532 567 933
100.0 36.6742596811 10 0 1 12 18 24 27 28 29 38 48 0 131 183 201 219 393 458 535 942 980
12.7371273713 58.3143507973 10 0 0 1 6 6 16 18 36 36 47 0 280 397 470 481 538 539 574 932 991
63.6856368564 78.5876993166 10 0 0 5 7 14 14 21 30 44 45 0 137 320 349 492 547 547 797 898 937
49.0514905149 61.0478359909 10 0 10 11 11 17 17 21 32 38 41 0 101 355 463 481 487 567 598 697 727
13.0081300813 58.9977220957 10 0 2 22 24 28 28 30 40 42 44 0 293 334 458 464 611 642 646 674 897
43.0894308943 62.4145785877 10 0 9 10 12 16 19 23 34 47 48 0 136 210 274 287 291 462 796 826 858
35.7723577236 43.7357630979 10 0 3 3 7 8 19 25 40 45 48 0 164 305 488 555 641 698 724 730 897
43.9024390244 90.8883826879 10 0 3 10 12 20 24 27 29 36 49 0 266 295 314 356 706 736 832 845 911
7.85907859079 57.4031890661 10 0 6 10 22 27 29 32 33 43 49 0 116 241 624 684 747 833 914 976 991
76.9647696477 48.0637813212 10 0 4 10 15 15 23 31 33 46 49 0 0 142 201 300 632 734 846 976 984
65.8536585366 25.7403189066 10 0 1 3 6 12 25 33 34 36 47 0 271 370 394 540 668 709 780 780 868
60.9756097561 35.7630979499 10 0 1 6 17 23 27 28 30 31 39 0 199 359 426 644 654 673 674 979 994
71
46.7908902692 5.95238095238 1
83.2298136646 100.0 3
50.5175983437 31.746031746 3
72.2567287785 47.2222222222 6
47.4120082816 4.16666666667 6
38.7163561077 16.2698412698 7
51.966873706 36.5079365079 8
55.900621118 44.0476190476 5
31.6770186335 33.7301587302 3
24.8447204969 53.373015873 6
42.8571428571 31.3492063492 6
77.0186335404 47.0238095238 2
85.5072463768 10.9126984127 2
75.7763975155 34.9206349206 7
62.9399585921 47.8174603175 5
99.1718426501 0.198412698413 9
48.2401656315 56.1507936508 1
97.1014492754 39.2857142857 9
49.8964803313 2.18253968254 9
58.7991718427 20.2380952381 8
51.3457556936 55.3571428571 7
54.4513457557 27.9761904762 3
49.8964803313 47.4206349206 2
66.8737060041 88.4920634921 9
0.0 51.5873015873 8
44.7204968944 59.3253968254 3
45.9627329193 58.3333333333 5
69.3581780538 0.0 4
51.7598343685 27.7777777778 1
57.3498964803 42.6587301587 9
61.6977225673 24.0079365079 4
44.5134575569 37.6984126984 5
43.0641821946 63.4920634921 4
54.8654244306 25.5952380952 9
50.9316770186 50.3968253968 3
42.2360248447 32.5396825397 3
79.2960662526 53.5714285714 3
96.2732919255 18.8492063492 5
36.0248447205 44.4444444444 6
33.1262939959 54.9603174603 2
100.0 39.2857142857 5
57.7639751553 59.9206349206 9
59.83436853 35.9126984127 1
25.8799171843 15.2777777778 4
5.79710144928 55.1587301587 7
48.033126294 46.8253968254 4
38.7163561077 31.746031746 7
62.5258799172 35.119047619 2
43.8923395445 37.6984126984 1
54.8654244306 73.0158730159 5
51.966873706 45.8333333333 9
77.4327122153 40.6746031746 6
46.5838509317 33.1349206349 3
92.5465838509 78.373015873 3
40.3726708075 48.0158730159 5
55.900621118 23.2142857143 7
30.0207039337 40.6746031746 5
39.9585921325 39.0873015873 8
66.0455486542 34.7222222222 3
69.3581780538 29.1666666667 2
41.4078674948 20.6349206349 4
59.83436853 11.7063492063 8
47.2049689441 73.6111111111 6
87.9917184265 54.9603174603 5
77.6397515528 13.6904761905 7
38.9233954451 27.5793650794 2
27.3291925466 79.7619047619 4
60.6625258799 69.8412698413 1
31.6770186335 34.7222222222 8
78.0538302277 29.7619047619 9
61.2836438923 49.0079365079 1
