50
94.3887775551 63.908045977 12 0 4 7 10 12 20 35 39 41 43 46 47 0 0 192 232 240 332 386 423 546 685 750 777
39.6793587174 78.3908045977 12 0 5 8 12 15 22 24 30 31 36 38 41 0 155 184 417 535 649 688 705 714 850 860 907
77.755511022 31.724137931 12 0 0 9 11 12 21 25 33 40 44 47 48 0 194 217 329 345 367 477 573 710 791 800 809
54.7094188377 72.6436781609 12 0 8 9 16 17 18 19 28 29 45 48 49 0 181 217 392 469 568 576 671 679 817 910 918
77.5551102204 55.4022988506 12 0 2 8 14 20 22 27 28 31 34 36 45 0 0 311 349 406 425 463 468 498 559 787 889
51.7034068136 65.5172413793 12 0 5 6 9 14 21 21 31 36 39 41 48 0 275 324 351 376 392 415 433 456 733 779 897
72.3446893788 49.4252873563 12 0 13 18 26 31 31 35 40 40 44 44 47 0 0 181 230 234 344 478 486 818 899 903 943
100.0 50.1149425287 12 0 4 5 7 8 8 10 20 21 22 35 37 0 146 180 418 463 500 546 587 628 776 821 955
38.4769539078 11.4942528736 12 0 0 8 13 19 26 31 35 37 41 43 43 0 182 351 542 566 646 705 766 806 912 954 966
70.1402805611 48.275862069 12 0 13 18 18 22 23 27 29 37 39 40 48 0 448 570 613 617 639 656 658 661 797 945 982
89.7795591182 86.8965517241 12 0 2 15 24 28 29 32 33 40 42 46 49 0 127 339 435 690 707 758 823 823 830 851 948
64.3286573146 64.367816092 12 0 0 9 10 11 15 27 28 30 35 39 45 0 0 107 115 364 474 707 736 756 779 787 855
70.1402805611 83.4482758621 12 0 13 15 16 16 28 30 33 34 40 47 47 0 114 127 488 614 640 739 759 870 901 908 947
85.1703406814 43.4482758621 12 0 0 3 10 10 16 20 21 22 27 33 33 0 183 221 239 316 405 405 519 608 644 690 746
62.9258517034 71.724137931 12 0 10 11 11 13 19 19 28 35 35 48 49 0 0 100 197 529 549 596 660 727 734 782 920
57.1142284569 51.2643678161 12 0 6 11 15 18 25 29 37 37 43 45 45 0 0 124 165 359 428 482 550 561 677 802 843
76.9539078156 64.5977011494 12 0 6 13 19 21 32 33 42 43 44 45 45 0 0 111 140 197 227 302 520 700 739 806 872
56.9138276553 47.1264367816 12 0 0 11 15 17 18 20 21 23 44 45 49 0 118 123 299 377 380 500 585 613 692 887 990
70.5410821643 27.816091954 12 0 1 2 3 12 23 30 37 42 48 49 49 0 100 133 565 620 730 755 756 784 882 954 981
67.7354709419 97.4712643678 12 0 0 2 5 6 9 21 22 36 38 40 43 0 149 191 244 467 723 735 743 760 815 834 977
48.6973947896 74.9425287356 12 0 4 9 12 16 20 24 30 32 36 44 47 0 132 175 413 479 598 609 732 833 881 881 946
46.0921843687 36.091954023 12 0 1 2 2 6 16 20 23 35 35 41 47 0 104 177 239 314 468 537 562 689 905 934 941
48.0961923848 43.6781609195 12 0 11 14 16 25 26 29 34 35 36 38 46 0 129 163 204 305 322 409 505 700 758 821 847
58.9178356713 46.4367816092 12 0 7 20 24 30 30 31 38 38 41 44 46 0 160 187 193 222 346 410 411 424 695 858 991
49.0981963928 78.6206896552 12 0 14 15 21 33 40 40 41 43 44 46 49 0 217 288 301 310 346 604 656 694 737 830 989
32.8657314629 39.5402298851 12 0 3 7 11 17 24 24 28 39 41 41 49 0 0 348 558 583 670 677 691 739 928 949 961
34.0681362725 40.2298850575 12 0 5 6 13 18 27 27 28 29 30 42 49 0 133 151 484 552 622 729 747 799 947 959 961
45.2905811623 100.0 12 0 4 14 14 31 32 34 35 37 43 44 44 0 163 179 198 248 259 297 370 520 573 677 791
92.3847695391 0.0 12 0 1 6 12 12 27 30 31 41 44 45 47 0 308 309 424 454 459 529 576 635 896 960 975
36.6733466934 67.3563218391 12 0 1 1 11 17 19 31 31 32 35 36 40 0 120 129 176 215 233 402 526 529 710 853 943
39.0781563126 35.632183908 12 0 8 13 19 22 25 30 36 43 43 44 48 0 0 136 154 204 212 265 383 462 522 654 781
81.5631262525 27.5862068966 12 0 1 12 26 26 30 31 32 34 35 43 47 0 0 263 307 349 370 506 525 571 739 984 991
36.873747495 67.5862068966 12 0 3 7 10 16 21 21 22 26 43 45 46 0 142 189 213 270 371 405 437 713 772 858 988
43.0861723447 44.8275862069 12 0 13 13 15 19 28 30 40 40 43 43 44 0 110 112 149 288 309 369 380 392 562 582 607
71.3426853707 28.7356321839 12 0 9 19 23 38 39 41 41 46 47 48 49 0 117 219 248 333 341 398 400 710 789 856 928
64.3286573146 83.908045977 12 0 9 9 14 22 26 27 27 40 41 44 48 0 112 202 302 365 435 442 812 815 975 986 998
21.4428857715 68.9655172414 12 0 8 11 15 19 21 30 32 33 37 41 46 0 174 177 301 443 551 707 831 866 874 929 951
66.9338677355 41.8390804598 12 0 10 11 14 15 15 16 32 33 35 38 43 0 140 191 195 244 286 407 427 669 763 893 973
64.7294589178 75.4022988506 12 0 14 14 15 17 17 19 24 36 36 37 46 0 164 180 294 526 585 594 686 808 859 938 953
58.3166332665 56.091954023 12 0 2 13 13 21 22 22 28 28 40 42 45 0 164 176 286 513 653 669 773 789 904 967 990
45.6913827655 68.9655172414 12 0 1 9 9 10 14 15 27 29 30 34 42 0 0 149 212 341 355 361 437 465 545 594 901
41.0821643287 28.275862069 12 0 5 6 6 7 8 9 10 17 40 41 48 0 140 256 707 724 752 832 852 880 897 922 932
33.8677354709 90.5747126437 12 0 7 8 18 23 27 27 28 42 46 46 49 0 137 290 356 417 484 501 533 560 644 837 897
50.501002004 75.4022988506 12 0 4 15 22 26 35 37 38 44 47 47 48 0 112 218 256 331 333 726 772 834 877 897 990
20.2404809619 85.0574712644 12 0 14 16 16 20 21 22 23 26 35 39 43 0 101 131 236 309 644 715 745 806 824 910 925
0.0 52.8735632184 12 0 2 3 14 17 19 24 26 29 33 37 49 0 149 192 212 321 493 562 628 650 701 843 981
80.9619238477 45.5172413793 12 0 6 10 20 20 21 22 23 28 29 46 46 0 135 163 212 297 313 337 350 554 568 609 749
30.0601202405 66.2068965517 12 0 17 22 28 29 32 37 39 41 42 47 49 0 176 254 315 369 374 446 798 869 896 981 998
48.8977955912 45.0574712644 12 0 5 11 15 16 16 16 17 24 32 47 47 0 0 218 226 376 405 425 666 848 854 916 947
55.9118236473 43.908045977 12 0 6 9 11 11 12 15 16 34 35 43 44 0 0 121 193 224 239 300 324 421 435 501 888
80
55.3097345133 55.6201550388 9
65.4867256637 34.6899224806 6
86.9469026549 55.6201550388 9
61.7256637168 52.7131782946 8
26.3274336283 35.0775193798 2
65.7079646018 59.496124031 1
71.6814159292 31.2015503876 3
48.4513274336 22.8682170543 5
70.796460177 39.3410852713 6
51.9911504425 42.6356589147 9
30.7522123894 34.3023255814 6
22.5663716814 75.9689922481 3
73.8938053097 76.5503875969 6
75.8849557522 35.8527131783 4
31.1946902655 38.7596899225 1
26.9911504425 41.6666666667 4
19.0265486726 32.5581395349 1
50.0 36.0465116279 6
82.7433628319 33.1395348837 8
20.3539823009 32.1705426357 4
65.0442477876 52.519379845 8
56.4159292035 12.5968992248 2
51.5486725664 31.976744186 3
26.9911504425 12.2093023256 1
76.5486725664 35.6589147287 4
47.1238938053 16.8604651163 1
18.8053097345 39.7286821705 5
38.7168141593 44.1860465116 9
96.6814159292 38.9534883721 1
7.74336283186 49.0310077519 2
36.2831858407 69.9612403101 1
56.6371681416 43.023255814 7
66.814159292 40.6976744186 5
86.0619469027 43.7984496124 9
39.8230088496 32.7519379845 8
42.0353982301 57.3643410853 5
70.3539823009 44.1860465116 1
35.3982300885 15.1162790698 2
64.8230088496 40.3100775194 2
56.6371681416 46.1240310078 2
34.5132743363 34.8837209302 5
48.4513274336 29.0697674419 7
0.0 54.0697674419 5
69.2477876106 47.480620155 7
43.5840707965 20.1550387597 6
68.8053097345 29.0697674419 4
65.7079646018 73.2558139535 6
23.4513274336 42.6356589147 1
36.5044247788 63.1782945736 9
61.2831858407 37.2093023256 9
100.0 18.4108527132 7
38.9380530973 26.9379844961 5
36.7256637168 27.3255813953 2
55.3097345133 31.5891472868 6
93.3628318584 75.0 5
63.7168141593 0.0 7
46.2389380531 80.2325581395 6
52.6548672566 59.1085271318 6
62.389380531 20.9302325581 5
54.8672566372 33.7209302326 2
65.4867256637 56.2015503876 4
71.2389380531 19.9612403101 7
64.1592920354 44.5736434109 5
55.7522123894 59.6899224806 4
82.5221238938 41.2790697674 9
52.4336283186 66.0852713178 8
38.0530973451 47.8682170543 1
28.982300885 52.3255813953 8
58.6283185841 52.1317829457 3
19.6902654867 33.7209302326 8
45.796460177 41.4728682171 2
33.185840708 47.0930232558 5
73.2300884956 45.3488372093 4
64.3805309735 29.0697674419 8
74.1150442478 56.2015503876 6
51.5486725664 42.6356589147 1
59.5132743363 41.4728682171 1
63.4955752212 100.0 5
88.4955752212 70.1550387597 4
69.9115044248 60.4651162791 4
