58
24.7292418773 67.3036093418 12 0 14 19 25 26 30 32 34 39 44 48 48 0 113 148 201 338 523 594 636 650 835 939 997
66.4259927798 75.7961783439 12 0 0 2 20 21 23 26 26 34 34 36 46 0 148 264 321 539 559 749 758 793 828 958 968
62.274368231 46.2845010616 12 0 0 0 6 8 11 13 14 25 26 47 49 0 0 116 180 364 389 554 597 613 643 655 681
43.321299639 33.5456475584 12 0 0 5 10 18 23 29 36 39 40 48 49 0 100 328 376 499 537 555 566 651 658 846 851
22.0216606498 53.0785562633 12 0 6 9 12 21 22 27 29 35 44 45 48 0 173 236 499 592 720 789 791 896 908 923 997
15.1624548736 31.847133758 12 0 4 8 20 20 21 23 27 30 34 46 47 0 145 184 212 246 252 441 518 535 654 771 955
30.5054151625 61.1464968153 12 0 8 9 10 11 11 21 24 28 31 40 43 0 191 280 389 394 552 598 623 641 662 867 953
14.2599277978 74.7346072187 12 0 1 17 19 32 34 38 40 40 44 47 48 0 0 129 136 174 201 306 379 712 800 871 952
55.7761732852 40.127388535 12 0 4 4 5 11 19 29 29 37 42 45 46 0 131 140 161 165 386 402 470 487 508 801 849
77.2563176895 58.1740976645 12 0 1 5 9 11 25 30 31 38 46 47 47 0 148 161 179 193 301 443 539 573 583 972 995
100.0 76.6454352442 12 0 1 5 17 18 18 25 29 31 33 41 46 0 0 108 160 259 302 435 609 742 755 815 987
46.3898916968 47.983014862 12 0 11 13 13 21 23 25 35 36 39 45 47 0 0 239 336 572 633 866 893 906 912 925 967
43.6823104693 42.0382165605 12 0 10 11 11 19 22 23 25 37 38 39 47 0 152 276 290 387 494 639 736 736 825 892 985
39.5306859206 47.3460721868 12 0 4 6 9 9 12 12 19 22 31 32 46 0 128 381 446 487 552 561 602 617 711 843 921
94.5848375451 28.2377919321 12 0 0 3 11 17 18 20 33 39 42 45 47 0 105 202 273 301 312 338 486 549 706 723 871
63.7184115523 58.1740976645 12 0 7 13 14 15 26 28 29 30 33 38 45 0 178 188 288 358 484 567 580 801 830 836 906
42.0577617329 47.5583864119 12 0 6 10 12 13 25 25 31 34 44 46 47 0 120 178 272 624 682 694 715 740 756 793 842
48.916967509 40.5520169851 12 0 0 10 12 14 16 20 29 34 36 40 42 0 0 114 420 523 560 733 791 849 862 905 960
63.5379061372 68.5774946921 12 0 0 3 3 4 10 13 23 29 41 45 49 0 124 141 197 288 383 529 572 671 755 842 930
1.62454873646 39.7027600849 12 0 7 11 16 19 21 31 31 34 39 39 39 0 0 326 374 406 430 580 701 734 746 814 884
39.3501805054 16.135881104 12 0 2 5 8 17 22 24 28 28 34 34 37 0 0 265 338 380 399 788 821 849 864 927 936
49.4584837545 43.949044586 12 0 3 14 16 16 21 26 27 27 29 30 44 0 0 117 203 273 280 311 329 389 403 695 889
24.3682310469 23.7791932059 12 0 0 8 12 18 25 32 36 37 38 42 47 0 132 238 247 257 261 601 660 720 768 785 869
46.2093862816 43.0997876858 12 0 4 4 8 13 16 20 20 35 35 41 49 0 0 146 189 324 379 415 557 706 934 970 980
54.8736462094 42.2505307856 12 0 15 24 25 26 26 27 30 30 31 34 34 0 391 409 414 458 529 621 679 798 844 939 972
48.916967509 45.8598726115 12 0 4 6 7 11 14 18 27 39 40 48 49 0 0 111 186 276 298 324 326 361 428 795 828
15.3429602888 47.3460721868 12 0 12 14 17 17 24 31 36 37 40 40 49 0 130 149 223 233 249 299 408 612 619 682 705
49.6389891697 58.3864118896 12 0 8 9 14 18 22 23 31 36 36 37 49 0 0 160 255 278 293 302 346 449 526 942 998
49.4584837545 41.6135881104 12 0 9 9 11 19 20 25 25 38 40 43 45 0 0 317 372 410 681 764 767 771 791 883 960
96.5703971119 35.6687898089 12 0 3 6 11 12 13 33 39 43 44 46 48 0 0 177 183 236 253 312 379 498 560 873 964
66.2454873646 0.0 12 0 2 5 14 16 22 36 38 41 43 45 47 0 181 343 391 425 537 625 676 874 880 955 982
29.963898917 64.9681528662 12 0 3 4 5 9 13 16 22 28 28 30 45 0 0 109 130 142 198 211 224 372 385 854 857
0.0 4.24628450106 12 0 4 5 5 8 22 26 34 37 38 39 45 0 136 155 241 310 326 409 457 502 547 714 863
58.1227436823 45.6475583864 12 0 8 9 11 16 19 24 25 30 39 45 46 0 0 104 305 420 535 636 746 784 860 975 987
59.0252707581 50.7430997877 12 0 6 8 17 18 20 26 32 32 39 40 46 0 0 124 269 341 354 385 385 526 817 847 944
84.6570397112 39.7027600849 12 0 0 8 17 21 25 25 33 38 40 45 48 0 172 262 289 328 402 467 486 602 626 823 945
50.7220216606 63.2696390658 12 0 14 17 26 33 36 36 38 39 40 41 46 0 384 456 475 549 552 617 644 677 756 878 906
53.4296028881 81.5286624204 12 0 2 11 12 13 13 16 30 31 39 41 45 0 0 147 248 474 483 637 658 687 746 776 824
76.8953068592 57.5371549894 12 0 1 6 13 16 21 21 24 27 30 44 45 0 169 244 349 497 502 636 654 676 700 701 949
32.3104693141 63.906581741 12 0 5 17 18 20 23 23 28 32 34 44 45 0 110 119 196 316 466 513 621 714 784 848 908
46.2093862816 100.0 12 0 4 9 9 17 19 28 33 39 39 43 45 0 116 250 253 290 353 507 520 708 778 888 989
37.725631769 87.6857749469 12 0 0 2 7 23 28 28 35 40 40 43 47 0 165 197 288 638 692 715 776 876 890 988 997
81.2274368231 49.2569002123 12 0 7 7 14 26 26 30 42 43 47 47 49 0 0 147 254 371 458 497 543 645 774 830 959
62.9963898917 81.3163481953 12 0 5 9 13 24 28 32 33 41 42 44 49 0 131 216 277 286 426 490 505 616 679 699 910
17.5090252708 34.3949044586 12 0 3 6 18 22 27 30 30 34 39 42 49 0 0 211 438 505 515 552 848 924 956 981 995
10.1083032491 58.3864118896 12 0 8 20 25 25 27 30 34 38 39 42 45 0 137 179 203 587 623 625 646 786 816 884 889
85.0180505415 54.3524416136 12 0 1 4 5 5 8 22 26 29 43 44 45 0 0 106 338 492 575 588 681 724 751 758 820
66.0649819495 42.8874734607 12 0 13 14 15 27 36 42 44 44 45 47 47 0 112 130 201 252 269 371 374 432 913 921 939
54.5126353791 77.2823779193 12 0 0 18 22 23 38 38 41 41 42 45 49 0 0 186 241 255 292 509 562 636 661 786 796
58.6642599278 47.5583864119 12 0 3 3 9 16 21 23 24 25 34 36 37 0 0 141 177 255 294 473 513 569 593 623 693
63.357400722 63.6942675159 12 0 7 7 10 22 23 24 30 34 41 42 48 0 114 313 487 573 603 664 707 751 773 927 945
35.7400722022 63.4819532909 12 0 0 1 10 16 18 26 29 35 38 39 44 0 109 164 210 343 360 509 696 795 810 851 859
55.2346570397 69.0021231423 12 0 4 5 8 12 19 22 28 32 40 45 47 0 179 232 280 339 463 590 759 798 821 854 926
38.9891696751 61.5711252654 12 0 2 4 6 13 15 22 26 32 35 42 47 0 178 252 253 268 309 435 584 624 728 778 897
62.9963898917 49.6815286624 12 0 0 3 8 8 9 17 18 18 32 40 49 0 302 330 357 414 434 566 605 802 875 902 978
77.9783393502 30.5732484076 12 0 1 4 6 10 10 24 25 35 42 45 47 0 0 104 119 151 161 481 486 746 749 800 960
36.8231046931 53.7154989384 12 0 3 14 23 26 35 41 41 43 46 48 49 0 0 178 179 197 279 370 690 755 822 848 868
51.8050541516 13.5881104034 12 0 10 10 12 28 30 34 36 39 40 44 48 0 0 107 147 159 262 323 474 708 780 794 934
80
81.6554809843 30.2103250478 8
80.0894854586 100.0 8
70.6935123043 0.0 5
40.0447427293 66.1567877629 8
67.3378076063 51.6252390057 2
57.0469798658 38.8145315488 3
47.8747203579 61.759082218 8
93.288590604 88.9101338432 8
34.6756152125 34.6080305927 1
67.3378076063 58.3173996176 4
98.6577181208 58.1261950287 5
84.7874720358 73.0401529637 5
40.4921700224 39.9617590822 6
50.3355704698 17.2084130019 1
70.9172259508 50.6692160612 9
42.2818791946 13.1931166348 1
36.2416107383 36.3288718929 6
71.3646532438 39.3881453155 1
63.9821029083 50.2868068834 9
34.6756152125 40.34416826 1
100.0 28.6806883365 8
0.0 49.9043977055 7
23.4899328859 58.8910133843 7
67.5615212528 55.8317399618 3
40.0447427293 45.1242829828 1
67.7852348993 35.7552581262 4
62.4161073826 2.67686424474 7
42.9530201342 3.8240917782 2
38.4787472036 15.8699808795 5
48.322147651 62.1414913958 7
48.322147651 65.0095602294 9
26.3982102908 41.1089866157 6
42.0581655481 65.3919694073 5
71.3646532438 69.2160611855 7
48.322147651 24.8565965583 4
56.5995525727 50.4780114723 5
42.9530201342 86.8068833652 2
80.7606263982 54.3021032505 6
32.4384787472 39.0057361377 8
71.1409395973 51.4340344168 6
57.0469798658 45.1242829828 5
57.2706935123 39.7705544933 2
85.4586129754 20.0764818356 4
64.8769574944 52.1988527725 3
64.8769574944 62.5239005736 1
36.9127516779 72.0841300191 6
60.6263982103 41.8738049713 4
13.870246085 53.3460803059 2
49.2170022371 63.862332696 6
20.581655481 34.2256214149 3
45.6375838926 59.4646271511 4
54.1387024609 77.4378585086 9
26.3982102908 44.1682600382 2
56.5995525727 44.5506692161 6
39.1498881432 40.7265774379 5
88.3668903803 54.6845124283 3
73.8255033557 35.7552581262 3
53.6912751678 45.8891013384 1
63.9821029083 43.0210325048 7
36.0178970917 55.0669216061 3
61.2975391499 14.913957935 8
35.1230425056 18.3556405354 5
52.3489932886 67.6864244742 9
72.0357941834 54.6845124283 5
44.966442953 49.9043977055 6
42.0581655481 30.9751434034 3
37.3601789709 11.6634799235 5
62.4161073826 52.7724665392 2
90.8277404922 71.1281070746 8
62.6398210291 20.2676864245 4
46.5324384787 48.7571701721 7
39.1498881432 50.2868068834 5
68.6800894855 10.8986615679 7
79.6420581655 51.2428298279 8
71.3646532438 44.3594646272 6
83.2214765101 44.3594646272 4
33.1096196868 30.5927342256 5
1.56599552573 50.4780114723 5
44.966442953 56.5965583174 2
7.6062639821 9.75143403442 2
