134
73.9393939394 65.2610441767 30 0 1 4 5 6 8 11 12 15 16 18 19 20 23 24 24 25 26 29 32 33 37 38 44 44 45 46 48 48 48 0 244 269 370 428 493 495 499 510 529 542 579 587 636 658 680 683 688 704 732 784 806 821 821 894 907 918 946 959 959
31.9191919192 98.3935742972 30 0 1 3 5 6 8 8 9 11 11 16 21 24 24 25 26 27 29 32 34 35 37 38 39 39 46 46 47 47 49 0 0 101 147 176 183 202 249 269 271 288 309 361 364 402 408 410 439 443 492 559 565 588 595 636 651 856 888 896 912
59.3939393939 56.0240963855 30 0 2 3 4 5 5 7 12 13 15 17 19 22 23 29 29 32 33 33 34 35 37 40 40 43 43 43 46 46 49 0 120 137 146 150 186 286 287 301 302 370 395 401 467 472 538 557 576 581 625 650 723 750 766 769 773 826 918 973 982
45.6565656566 47.5903614458 30 0 0 1 1 1 2 2 3 5 5 7 7 9 10 11 15 16 16 21 23 25 28 33 34 37 40 42 45 45 47 0 148 152 186 187 252 302 382 396 399 403 413 423 446 464 497 510 582 623 661 675 712 840 865 871 877 916 918 946 968
71.1111111111 51.0040160643 30 0 4 4 5 6 7 8 10 12 15 17 18 21 22 22 23 23 25 26 32 32 36 38 40 41 42 43 43 44 47 0 107 113 125 154 223 253 272 274 276 285 324 354 404 409 475 498 538 599 603 665 709 749 834 840 868 872 896 942 995
38.1818181818 48.59437751 30 0 0 1 2 8 9 9 9 11 12 12 16 16 21 22 23 28 31 32 33 33 34 34 37 37 44 45 48 48 48 0 0 156 166 194 205 246 298 385 462 471 492 531 543 556 601 605 611 648 678 693 693 793 803 810 817 822 827 837 958
43.0303030303 41.3654618474 30 0 0 2 2 4 4 5 6 8 10 10 13 13 14 18 22 23 25 29 30 32 37 40 40 41 42 45 46 49 49 0 155 158 195 264 284 329 356 357 402 404 458 478 509 513 519 525 575 605 659 670 679 776 820 858 860 881 895 938 966
69.2929292929 87.1485943775 30 0 0 0 2 5 5 5 6 6 7 8 10 10 13 14 16 21 22 27 29 30 31 33 36 37 40 41 41 42 49 0 139 201 210 252 255 296 320 344 365 389 393 406 468 547 549 564 607 626 657 728 774 782 800 823 864 873 928 948 978
73.9393939394 81.3253012048 30 0 2 11 11 12 13 14 17 17 18 19 20 23 24 25 26 27 32 33 34 35 38 39 39 41 43 45 48 48 49 0 0 174 223 237 240 246 249 287 294 321 397 399 471 476 503 509 521 531 546 554 754 826 835 847 862 869 880 940 983
62.0202020202 14.0562248996 30 0 0 1 5 5 6 7 7 13 14 17 18 18 18 18 21 23 23 26 27 28 32 35 36 39 41 43 43 46 46 0 118 141 152 174 211 251 252 255 284 289 343 347 352 353 354 393 475 497 507 547 606 624 645 708 752 879 884 941 997
64.8484848485 56.2248995984 30 0 2 4 5 6 8 11 15 16 17 18 19 19 19 20 23 23 26 29 31 33 34 36 37 41 41 41 44 47 49 0 0 147 179 186 211 242 254 398 422 438 518 518 581 587 587 594 621 644 650 690 708 784 828 869 887 919 985 986 992
85.8585858586 67.4698795181 30 0 0 1 2 3 7 10 10 12 12 17 19 19 19 20 25 29 30 32 32 34 38 39 40 41 43 45 46 47 49 0 156 185 208 266 270 271 286 314 396 412 415 435 447 462 467 512 530 564 612 658 684 756 827 880 881 901 917 959 980
35.1515151515 62.8514056225 30 0 1 2 2 5 5 7 7 8 8 15 17 21 23 24 24 24 29 34 35 38 39 40 42 44 44 45 45 46 46 0 103 190 191 210 220 249 276 304 449 452 518 554 606 661 666 682 725 747 774 786 786 799 814 845 911 934 935 954 994
82.8282828283 66.265060241 30 0 1 1 1 3 3 5 7 8 8 9 9 10 10 11 11 13 15 25 28 31 34 37 38 41 41 42 45 48 48 0 147 191 229 285 287 355 365 396 402 422 449 454 457 464 467 503 535 561 566 609 637 768 822 861 867 883 914 915 963
71.3131313131 18.875502008 30 0 1 3 3 4 5 9 11 14 17 20 23 23 24 25 25 26 30 33 33 33 38 38 39 39 39 41 46 47 49 0 0 125 139 141 203 230 249 286 308 326 327 335 424 429 539 625 643 659 669 699 702 735 794 803 838 854 945 953 992
77.5757575758 26.1044176707 30 0 1 2 3 3 4 8 8 8 11 15 17 18 21 23 23 25 27 31 34 37 39 39 41 42 45 47 47 48 48 0 103 105 168 235 282 351 371 409 415 429 460 480 503 506 573 654 749 756 758 772 773 802 827 840 870 886 923 960 988
55.9595959596 97.5903614458 30 0 0 2 5 8 8 10 10 11 14 17 17 20 20 22 23 25 25 26 27 28 30 32 35 37 43 44 48 49 49 0 106 202 203 238 259 299 304 320 364 420 422 426 427 441 459 486 493 562 599 629 670 703 720 777 790 798 898 955 966
60.404040404 49.3975903614 30 0 1 2 2 3 3 4 5 8 8 8 13 14 15 16 18 21 22 25 26 28 28 31 33 34 43 43 48 48 48 0 104 141 170 196 223 236 291 310 310 386 491 564 595 620 641 641 642 736 738 752 752 768 803 818 899 911 952 972 990
46.2626262626 80.1204819277 30 0 0 7 8 10 11 11 12 13 16 18 20 21 23 24 27 30 31 32 32 33 33 34 35 39 42 43 47 47 49 0 117 119 123 140 148 216 223 247 267 277 279 279 300 316 394 409 514 525 606 665 673 750 754 778 781 928 929 962 999
29.696969697 51.40562249 30 0 3 3 7 12 12 14 15 16 16 16 17 17 18 27 27 30 31 31 31 34 34 35 38 42 45 45 46 48 49 0 126 134 160 175 181 240 272 312 326 338 365 391 429 431 446 466 474 586 587 598 624 684 736 796 844 895 917 924 984
14.9494949495 39.9598393574 30 0 2 4 5 7 7 11 12 12 14 14 15 17 18 23 26 28 28 29 31 32 34 34 35 36 37 39 41 41 45 0 126 171 182 183 186 208 243 316 326 327 339 378 383 390 390 407 408 458 567 719 763 795 824 832 853 856 918 920 924
59.595959596 54.4176706827 30 0 0 0 1 3 4 7 9 9 10 14 14 14 16 17 17 18 19 19 22 24 27 27 33 36 37 39 39 44 48 0 0 163 168 175 197 220 232 235 251 297 347 358 441 492 499 563 583 585 604 628 659 702 762 767 822 848 855 863 959
62.4242424242 35.5421686747 30 0 1 1 1 3 5 5 6 9 10 13 13 15 19 22 28 31 33 34 37 38 40 41 41 42 43 45 46 47 48 0 0 115 226 233 285 298 345 348 398 444 460 483 492 504 509 622 695 703 776 848 884 895 896 904 931 940 945 961 992
54.5454545455 89.7590361446 30 0 0 1 7 7 8 9 10 12 13 17 17 18 19 19 25 28 28 30 30 33 33 43 44 45 47 47 48 48 48 0 0 122 125 136 162 180 198 283 308 310 331 333 364 375 375 383 385 393 397 434 475 500 522 529 580 652 740 805 924
56.7676767677 67.8714859438 30 0 0 1 2 3 6 7 7 8 9 10 11 17 18 18 19 20 23 27 29 39 40 41 42 44 44 44 45 47 49 0 113 157 170 181 235 305 307 348 350 380 416 418 425 435 459 487 628 628 633 650 659 667 864 868 907 940 943 988 992
57.9797979798 37.5502008032 30 0 7 7 8 8 8 8 9 9 9 13 15 15 20 23 25 27 27 30 31 35 35 36 36 37 38 40 43 45 49 0 121 238 250 281 300 398 433 453 551 579 592 679 694 763 793 796 812 818 853 870 892 897 922 925 942 966 983 993 998
50.9090909091 53.0120481928 30 0 2 3 8 10 11 11 13 14 17 21 21 23 23 25 26 28 28 29 30 31 34 36 37 39 39 40 46 46 48 0 111 121 172 309 323 341 344 345 348 384 388 491 517 549 552 558 568 569 657 695 728 812 838 852 912 928 960 987 993
66.6666666667 58.0321285141 30 0 0 2 2 6 12 13 13 13 16 17 18 22 23 24 24 26 26 27 27 29 31 34 36 37 42 42 45 45 49 0 0 123 140 146 173 205 214 248 255 267 280 315 319 324 429 436 438 451 530 531 602 650 718 723 817 818 844 858 948
65.0505050505 39.3574297189 30 0 2 8 11 13 14 14 18 23 24 25 27 28 29 29 31 32 32 35 36 38 38 40 41 42 44 45 45 47 49 0 104 123 187 230 354 378 457 465 523 530 532 553 634 647 663 664 681 705 726 745 792 808 837 846 877 896 933 937 996
28.8888888889 65.2610441767 30 0 0 1 6 7 8 9 11 15 16 17 18 18 22 22 26 27 28 28 28 29 29 34 34 34 37 38 42 48 49 0 0 105 153 159 183 187 215 225 233 318 412 418 468 468 513 677 691 712 740 741 760 777 808 823 827 835 943 974 995
71.9191919192 43.1726907631 30 0 7 8 9 11 13 15 15 17 18 18 19 24 25 25 27 28 28 31 33 33 34 35 38 38 39 41 44 46 47 0 0 200 227 245 272 298 303 431 459 463 464 467 526 572 626 704 705 708 763 779 786 793 868 876 887 907 909 978 998
22.6262626263 78.313253012 30 0 1 1 3 5 8 10 15 16 17 19 20 21 21 21 28 28 31 32 34 35 37 38 39 42 43 44 47 47 48 0 0 130 136 173 178 201 274 277 284 305 332 389 400 445 485 637 641 667 694 771 774 792 815 847 879 905 918 945 995
71.1111111111 73.2931726908 30 0 3 8 8 8 8 10 10 12 14 15 16 18 19 19 21 27 30 31 33 35 37 37 40 44 44 44 46 47 48 0 108 135 148 174 264 276 280 302 324 327 377 391 420 444 446 469 498 503 533 574 581 618 759 794 797 800 840 871 998
58.3838383838 66.265060241 30 0 1 9 10 11 12 14 16 17 21 23 23 24 26 28 32 34 35 36 37 39 40 40 40 41 44 44 44 45 46 0 113 125 142 175 208 249 256 304 327 398 443 443 444 483 495 552 560 590 617 636 696 734 745 781 809 812 830 868 958
40.0 60.4417670683 30 0 0 4 5 6 9 9 9 10 13 14 17 19 20 22 24 24 25 27 27 29 29 31 38 39 41 45 46 46 48 0 126 136 156 169 218 247 296 297 317 354 368 473 481 494 544 545 577 616 631 653 724 787 809 816 849 859 903 915 960
74.9494949495 42.1686746988 30 0 0 2 2 4 6 6 8 8 9 12 14 15 17 19 19 24 25 25 28 31 35 35 37 38 39 40 43 43 48 0 178 218 271 279 317 329 352 354 375 403 474 521 543 560 605 639 641 703 721 731 742 769 776 804 818 917 964 981 987
78.9898989899 65.6626506024 30 0 1 3 3 5 5 6 8 8 10 14 14 14 15 17 19 19 25 26 26 29 34 34 37 39 43 45 47 47 49 0 123 150 226 240 261 263 300 308 351 423 429 448 461 474 538 561 645 722 725 728 740 755 758 765 771 774 862 862 897
60.8080808081 56.4257028112 30 0 3 7 7 9 9 9 11 12 13 13 18 19 24 29 31 31 32 33 35 35 37 38 38 38 40 40 45 46 49 0 121 133 169 175 201 223 250 278 325 399 412 430 458 483 513 567 578 588 594 610 615 627 639 739 751 855 855 909 967
52.9292929293 46.7871485944 30 0 4 6 6 13 14 21 21 22 24 26 26 27 27 27 28 29 31 31 33 35 37 37 39 39 43 43 43 43 44 0 0 159 197 198 215 315 316 318 336 358 377 414 422 433 470 475 549 602 645 657 675 676 789 809 884 930 947 960 983
29.0909090909 70.0803212851 30 0 1 5 9 11 11 11 13 17 18 19 19 19 22 22 24 25 25 26 28 30 31 31 32 32 40 40 40 45 49 0 147 165 187 248 302 352 361 413 423 493 502 503 559 576 621 633 644 676 733 749 752 753 831 932 936 938 959 965 999
61.6161616162 38.3534136546 30 0 2 4 6 9 9 10 11 13 15 17 19 20 24 26 29 31 32 32 36 37 41 43 43 43 44 45 46 47 48 0 122 134 172 173 226 245 314 339 342 345 418 525 528 588 591 606 627 662 681 718 719 776 790 806 813 839 850 974 975
51.7171717172 42.7710843373 30 0 0 1 2 7 8 9 13 13 13 15 19 19 19 20 20 24 24 25 25 26 28 28 33 37 40 42 45 47 49 0 187 196 205 266 339 352 363 385 425 458 482 527 535 545 563 614 644 669 673 679 691 760 782 791 882 890 935 963 996
49.2929292929 88.5542168675 30 0 0 2 4 5 5 9 12 13 14 15 15 16 18 19 19 21 21 22 22 25 26 29 30 34 41 42 42 46 47 0 103 143 262 312 335 377 401 420 439 466 477 480 481 513 539 548 568 612 615 651 654 687 712 724 728 747 806 937 971
38.5858585859 65.0602409639 30 0 1 5 6 8 10 14 14 16 18 20 22 22 23 23 25 29 29 31 32 33 33 35 38 38 38 40 42 48 49 0 157 163 201 214 231 234 251 279 295 302 337 352 445 449 455 528 540 560 589 603 614 618 624 759 831 846 926 968 995
100.0 60.4417670683 30 0 0 0 1 2 4 4 12 12 12 14 18 19 21 21 23 24 24 25 25 29 32 36 37 38 40 40 47 47 48 0 0 139 146 157 212 244 256 275 308 308 322 338 356 381 429 456 472 507 518 619 699 738 755 759 764 866 875 982 989
52.7272727273 83.734939759 30 0 5 5 5 5 6 8 9 10 11 12 16 17 19 19 22 23 24 26 28 31 34 36 38 40 41 42 42 47 47 0 104 107 135 223 245 264 358 384 397 404 458 491 508 594 626 656 684 697 732 742 766 783 790 808 846 887 927 943 961
47.8787878788 59.2369477912 30 0 3 3 3 8 9 10 10 12 12 13 13 14 17 17 18 22 23 29 29 34 34 34 36 38 41 41 41 47 47 0 102 214 276 278 284 287 290 296 300 325 477 520 542 560 575 581 653 675 676 721 793 812 820 829 868 882 912 913 971
36.9696969697 72.8915662651 30 0 3 4 7 8 8 15 16 17 19 24 25 25 26 32 33 33 35 39 39 39 40 40 42 44 45 47 47 47 47 0 0 187 203 225 281 304 326 337 358 370 406 429 440 535 540 612 619 635 678 707 709 770 782 801 814 847 860 947 997
73.7373737374 48.7951807229 30 0 2 5 7 11 12 13 13 13 18 19 20 22 23 23 24 24 25 28 30 34 38 39 42 43 43 44 44 47 47 0 125 136 200 209 214 262 318 326 327 417 427 475 485 488 489 533 621 639 690 717 719 828 920 923 926 968 974 977 979
64.2424242424 54.4176706827 30 0 1 2 4 6 7 7 8 8 10 13 13 14 14 14 15 16 17 23 27 28 29 29 30 31 35 38 42 43 49 0 0 120 133 146 192 255 258 290 305 306 385 421 462 463 463 469 532 553 586 698 768 768 771 811 843 866 904 959 970
26.4646464646 63.2530120482 30 0 0 2 4 5 7 7 9 10 11 12 12 14 16 20 21 21 28 33 33 34 35 35 36 41 43 44 45 45 46 0 0 142 154 154 200 243 256 265 309 327 371 501 502 529 531 543 568 660 710 741 763 848 874 887 891 894 909 967 976
60.6060606061 94.3775100402 30 0 0 6 7 8 8 10 12 12 13 16 18 22 23 24 24 25 27 29 29 29 30 31 39 39 41 43 45 47 49 0 0 107 126 140 163 225 269 288 304 318 327 552 582 587 628 643 725 733 749 774 860 868 897 921 944 950 956 959 977
84.0404040404 65.6626506024 30 0 0 2 3 8 9 13 14 16 17 20 24 24 25 26 30 30 30 31 39 39 40 43 43 44 45 45 45 47 48 0 135 158 212 221 321 359 363 374 400 430 445 585 697 744 761 778 791 794 796 850 887 901 910 912 960 967 974 978 981
81.2121212121 40.1606425703 30 0 2 4 5 5 10 11 12 12 13 14 17 17 20 23 24 25 28 32 32 36 38 38 40 42 46 47 48 49 49 0 0 121 140 142 176 184 203 210 256 270 271 275 296 311 361 369 388 459 497 628 654 656 707 707 755 766 899 912 920
78.1818181818 65.6626506024 30 0 3 5 6 7 9 11 13 13 16 17 17 18 19 21 26 26 29 29 30 30 33 33 34 42 42 46 46 47 49 0 115 120 126 203 204 215 272 287 295 315 353 426 469 509 541 555 576 623 639 643 646 670 680 755 798 823 864 866 902
98.7878787879 76.5060240964 30 0 1 5 6 7 9 11 13 14 14 23 26 27 29 31 32 32 33 35 38 40 42 43 45 45 47 48 48 48 49 0 132 207 211 222 258 280 298 414 441 447 447 479 494 501 512 532 598 650 664 716 739 800 814 821 823 876 882 893 894
32.5252525253 28.313253012 30 0 1 1 6 9 13 14 15 17 18 18 18 21 23 24 25 25 29 30 30 32 40 41 43 44 45 47 47 48 48 0 0 108 116 131 136 186 252 281 292 345 360 395 465 483 488 528 567 597 598 714 717 774 786 803 915 917 959 994 994
71.9191919192 58.2329317269 30 0 0 2 5 6 6 9 11 14 14 16 17 17 18 20 24 26 26 26 26 27 28 35 37 37 40 40 42 43 47 0 100 106 133 158 236 272 300 371 386 412 446 466 503 512 516 569 593 628 666 690 704 704 731 732 738 738 757 886 954
38.5858585859 100.0 30 0 0 0 3 3 3 4 6 9 10 17 17 18 21 23 24 25 27 28 31 31 31 33 35 35 40 41 43 43 49 0 126 146 204 222 234 262 265 267 332 418 435 508 534 543 695 698 729 759 771 775 844 849 849 858 861 914 923 930 934
90.303030303 83.5341365462 30 0 2 2 5 7 8 10 14 15 17 20 20 20 22 23 28 28 30 30 31 34 37 37 38 40 41 41 47 48 49 0 0 205 210 238 262 338 351 425 467 468 497 520 566 569 573 601 665 735 741 772 783 810 846 854 894 922 942 958 983
59.1919191919 72.8915662651 30 0 0 1 2 3 4 4 4 5 5 6 8 10 12 14 14 15 16 17 23 25 30 37 37 41 43 44 45 46 46 0 167 171 184 217 255 261 285 342 345 377 436 439 482 488 512 528 558 700 712 729 797 805 830 857 908 913 935 951 991
71.7171717172 33.1325301205 30 0 1 4 5 6 7 9 9 12 13 15 20 22 24 27 29 30 32 33 36 36 37 38 40 41 41 43 44 44 47 0 110 124 134 190 208 224 238 269 316 360 483 505 599 648 649 674 694 696 726 730 739 781 787 836 851 899 917 918 943
99.797979798 67.6706827309 30 0 0 3 5 9 10 10 11 14 16 18 18 19 20 21 22 23 26 28 34 35 37 38 39 40 41 42 42 43 45 0 0 153 170 182 201 208 220 244 247 259 305 427 597 598 609 641 678 704 758 762 810 812 863 864 875 876 923 940 975
52.9292929293 63.2530120482 30 0 6 6 7 7 8 9 9 10 12 13 16 19 22 23 26 32 34 34 35 36 39 40 41 41 41 42 46 48 48 0 109 119 138 153 156 211 216 227 233 268 324 341 393 531 567 581 600 606 626 627 689 715 784 814 911 917 918 940 950
59.3939393939 44.1767068273 30 0 1 4 8 9 11 12 14 14 16 20 24 25 25 27 28 28 30 34 36 39 41 42 43 46 46 47 48 49 49 0 119 139 140 167 171 184 201 209 226 249 294 318 366 413 443 511 546 547 565 607 633 714 722 736 796 796 861 882 961
72.9292929293 65.2610441767 30 0 1 1 2 2 3 4 6 9 11 12 13 13 13 14 16 16 16 20 21 28 32 34 34 39 39 40 42 43 47 0 0 117 162 184 274 291 325 328 350 376 442 457 510 607 611 633 656 702 707 713 718 742 775 837 844 865 867 876 888
41.4141414141 58.4337349398 30 0 1 2 2 2 3 4 4 5 8 10 14 16 17 19 20 25 26 26 28 31 31 32 33 33 35 37 40 44 48 0 127 160 161 213 270 277 366 444 504 544 576 609 609 627 648 667 742 779 781 786 805 808 814 820 836 874 878 903 993
26.8686868687 90.562248996 30 0 0 1 5 5 7 12 13 13 13 14 19 20 20 24 28 34 36 40 41 42 42 43 43 44 47 47 47 48 49 0 0 169 183 185 197 222 293 350 390 423 469 476 479 580 595 618 638 652 665 668 719 730 753 773 792 828 859 862 986
22.8282828283 78.9156626506 30 0 0 4 7 9 9 15 17 18 19 19 23 24 25 25 28 31 32 32 35 37 38 42 43 43 43 45 47 48 48 0 118 145 176 202 211 267 285 289 429 445 477 496 595 643 649 682 683 686 726 733 735 768 773 824 860 899 921 976 999
38.7878787879 22.8915662651 30 0 0 4 6 7 9 17 17 19 19 20 21 23 23 23 25 25 28 29 29 32 33 33 34 35 36 39 45 45 47 0 0 111 130 203 224 273 304 306 310 344 356 418 437 464 495 498 516 517 519 520 551 622 702 730 732 837 872 951 988
31.3131313131 62.2489959839 30 0 0 3 5 7 9 9 10 11 12 13 18 18 20 22 23 26 27 28 29 30 35 36 36 36 38 38 40 40 44 0 107 140 153 154 187 193 201 247 254 349 364 402 413 419 444 523 524 544 556 615 674 771 827 844 883 891 915 959 967
74.5454545455 47.1887550201 30 0 0 0 3 4 8 9 9 12 12 13 14 15 17 17 24 27 27 29 29 29 30 30 32 32 42 43 43 47 48 0 0 100 125 157 174 175 228 245 336 337 418 455 459 508 531 558 621 624 689 733 842 854 903 916 917 951 957 957 989
64.2424242424 91.1646586345 30 0 8 10 12 13 13 15 15 18 18 18 19 22 23 27 27 27 31 32 33 34 34 39 39 42 42 44 46 49 49 0 0 116 117 148 162 203 230 233 273 289 323 403 469 480 560 569 589 628 668 755 757 790 826 851 872 894 917 948 990
65.0505050505 69.4779116466 30 0 0 2 3 3 4 7 9 13 16 16 16 16 17 20 20 20 21 23 23 32 32 32 33 41 42 43 43 49 49 0 104 130 213 235 248 248 265 278 290 349 425 461 466 500 519 521 596 617 685 689 721 726 766 863 909 911 937 940 987
65.4545454545 75.3012048193 30 0 2 3 5 6 6 8 8 8 8 9 10 12 17 19 19 19 20 22 28 29 29 34 36 40 41 43 44 45 47 0 186 202 260 293 318 330 347 383 391 434 455 487 527 528 565 580 600 601 606 798 829 902 926 944 959 963 966 971 988
46.0606060606 50.8032128514 30 0 0 2 5 5 8 8 9 9 11 12 13 18 21 22 25 26 30 35 36 37 37 38 38 40 40 41 43 46 48 0 0 119 149 185 197 198 214 264 274 280 293 304 368 432 436 521 583 625 688 690 760 782 794 820 825 840 882 948 983
47.0707070707 47.5903614458 30 0 0 2 5 6 8 9 10 10 12 13 17 18 19 20 22 24 27 28 29 30 30 30 31 35 41 42 45 47 48 0 0 107 164 184 242 297 328 355 360 399 410 427 452 466 615 633 656 675 717 722 771 796 821 853 867 888 910 971 976
44.2424242424 94.3775100402 30 0 0 1 2 9 9 10 11 16 17 17 20 20 25 30 31 31 34 34 35 35 39 42 44 45 47 47 48 48 49 0 0 100 111 143 166 219 232 240 255 266 386 393 432 449 451 476 484 486 569 593 633 655 725 737 748 845 902 973 991
64.6464646465 90.1606425703 30 0 1 4 7 7 8 9 10 11 14 15 18 19 26 27 28 29 30 31 32 32 35 35 36 38 40 44 46 47 49 0 161 163 195 198 223 232 259 273 287 292 309 332 333 407 414 488 497 520 534 589 602 646 720 739 845 850 896 906 996
34.7474747475 69.8795180723 30 0 2 5 8 8 10 12 13 14 14 14 19 22 25 27 28 29 30 31 32 33 35 38 38 40 40 41 42 49 49 0 115 128 181 246 291 311 333 348 385 453 479 485 494 511 532 602 628 646 687 761 765 775 893 897 921 925 948 954 961
55.9595959596 79.9196787149 30 0 0 1 1 3 6 7 7 7 10 10 13 13 15 15 18 19 30 33 34 35 37 38 39 40 40 43 48 49 49 0 0 129 168 173 205 228 291 308 329 355 356 387 422 483 494 518 522 601 607 671 677 697 790 793 798 810 825 929 934
52.7272727273 43.5742971888 30 0 3 4 6 9 9 12 13 13 14 16 17 18 20 21 21 22 24 27 30 30 35 35 40 41 43 46 47 49 49 0 107 193 214 239 366 371 419 434 472 482 495 502 534 550 559 618 689 730 739 743 778 780 801 804 814 896 935 960 992
97.5757575758 61.0441767068 30 0 0 1 1 3 3 4 6 7 7 7 11 11 14 16 17 17 22 23 28 30 31 33 33 41 43 44 44 45 47 0 101 125 174 179 193 253 272 301 334 404 416 418 475 530 552 573 580 663 705 749 759 797 805 814 840 889 900 923 990
56.5656565657 39.9598393574 30 0 0 0 1 2 2 5 7 7 10 13 16 18 20 22 24 24 26 29 35 37 38 39 39 40 42 46 46 48 48 0 0 150 158 223 236 369 391 397 411 417 418 429 460 491 530 548 579 595 626 640 662 730 737 787 813 866 878 896 927
66.2626262626 53.6144578313 30 0 2 3 8 9 9 10 10 10 11 13 13 14 15 15 17 21 22 23 25 27 28 29 32 36 37 37 41 47 49 0 185 231 249 252 295 297 302 351 513 549 558 595 625 655 692 756 765 768 826 852 874 895 898 931 932 935 972 975 993
13.3333333333 85.9437751004 30 0 5 6 7 8 12 15 15 15 17 18 18 19 20 22 22 23 24 26 26 27 27 28 34 35 37 39 40 42 46 0 169 383 389 398 421 467 509 510 521 541 556 577 650 724 728 733 817 837 837 841 853 875 877 948 968 969 984 993 995
64.2424242424 0.0 30 0 1 1 4 6 8 10 12 12 15 16 18 18 20 20 22 23 24 27 30 31 33 33 34 36 37 40 41 41 48 0 179 242 270 274 309 317 415 447 474 523 561 581 612 631 692 735 738 741 761 773 781 826 884 885 909 920 943 988 990
31.7171717172 39.7590361446 30 0 1 6 6 6 6 7 9 11 11 14 15 17 18 22 22 23 23 30 30 31 31 31 32 32 33 33 36 39 46 0 150 156 179 191 209 213 241 258 261 300 305 363 387 404 423 498 514 607 622 644 656 757 766 768 876 919 952 954 977
73.5353535354 60.6425702811 30 0 1 5 8 8 12 12 15 17 18 18 19 20 21 22 22 23 23 24 27 31 31 33 42 45 48 48 49 49 49 0 105 105 131 173 183 219 348 359 366 383 391 409 466 472 478 561 582 583 649 722 725 767 785 852 860 928 965 969 972
80.6060606061 33.734939759 30 0 0 4 6 6 10 10 11 12 12 13 14 15 20 26 26 29 32 33 34 38 38 38 40 43 44 45 46 49 49 0 156 182 195 198 200 273 277 336 350 353 361 501 525 554 554 562 577 587 659 672 693 718 782 845 847 927 938 946 955
34.3434343434 60.2409638554 30 0 1 1 2 5 8 13 18 19 20 21 26 28 30 31 31 31 32 34 35 35 38 38 39 39 40 42 45 49 49 0 111 141 169 199 226 248 260 289 293 335 360 405 452 467 479 488 527 569 629 656 671 760 764 771 784 812 831 872 873
47.8787878788 37.5502008032 30 0 3 5 5 6 7 7 8 8 9 9 11 16 18 24 25 26 26 27 28 28 29 31 31 33 34 38 40 42 43 0 0 142 143 156 201 213 225 235 254 304 376 414 437 452 453 512 514 624 633 648 663 728 797 801 818 894 907 939 983
21.8181818182 48.59437751 30 0 0 1 1 3 3 6 6 8 12 15 16 18 19 21 24 25 25 28 30 32 35 35 36 40 41 41 41 44 45 0 108 126 150 227 259 306 327 344 373 391 436 442 454 479 510 553 567 631 688 699 732 733 780 784 796 871 886 975 995
75.3535353535 73.0923694779 30 0 1 1 2 3 4 6 7 7 9 12 12 13 14 14 16 17 17 19 19 23 23 26 35 36 38 39 40 42 42 0 102 213 311 369 377 380 429 477 532 630 701 752 773 782 793 797 800 815 876 884 908 911 924 950 955 962 971 980 993
5.85858585859 61.4457831325 30 0 3 4 4 7 10 11 12 12 14 16 19 19 20 20 26 27 27 29 29 29 30 34 35 36 37 37 37 44 45 0 185 226 237 259 263 269 291 299 353 354 358 374 439 447 467 467 489 511 517 568 585 616 698 716 722 735 811 933 947
52.7272727273 33.734939759 30 0 1 4 5 9 10 12 13 14 18 20 23 23 25 26 29 30 31 33 33 37 38 38 39 40 41 46 46 47 48 0 0 143 271 281 296 299 332 351 365 379 396 441 509 515 522 536 572 576 595 606 640 676 678 735 780 833 910 931 940
81.4141414141 96.5863453815 30 0 1 1 2 2 4 4 4 6 10 12 17 18 22 23 23 24 27 28 29 31 32 36 36 37 44 44 47 48 49 0 0 111 122 129 176 229 273 333 367 369 377 396 468 516 521 538 544 548 626 638 699 705 716 719 746 772 867 892 928
66.6666666667 97.9919678715 30 0 1 4 5 8 9 9 9 9 11 11 13 16 22 26 26 26 29 29 29 34 36 40 40 41 42 44 46 48 48 0 0 126 171 184 215 251 259 261 287 323 335 569 659 665 684 697 698 714 716 779 788 791 795 807 812 827 903 962 984
41.4141414141 93.3734939759 30 0 2 3 6 6 8 10 11 12 13 17 18 19 21 22 23 24 24 28 28 31 31 38 38 39 46 46 47 49 49 0 0 139 231 247 286 297 361 393 439 455 479 493 517 567 582 591 596 597 645 648 651 661 673 719 862 891 893 933 975
52.5252525253 67.0682730924 30 0 1 2 2 3 4 5 6 6 6 8 9 10 15 18 21 22 25 27 27 30 33 39 40 42 42 48 49 49 49 0 0 103 144 162 163 164 167 203 241 255 266 344 348 464 480 520 530 575 578 608 655 691 712 761 761 789 800 831 932
46.4646464646 46.3855421687 30 0 1 4 4 5 5 6 6 7 10 11 12 13 15 16 17 18 21 24 28 29 30 35 39 41 42 45 48 48 49 0 107 115 118 135 161 272 285 305 311 329 357 420 422 441 475 559 566 606 619 628 700 710 714 764 768 780 903 976 987
24.6464646465 70.4819277108 30 0 2 3 6 7 8 10 11 11 12 12 12 13 15 15 16 16 22 24 26 31 32 33 35 35 41 45 46 48 49 0 194 224 249 315 318 345 410 411 417 428 480 481 496 508 510 531 555 656 694 719 724 731 747 770 787 806 846 892 932
8.28282828283 63.6546184739 30 0 0 2 2 3 4 6 6 7 11 16 16 17 19 20 21 21 22 25 28 28 30 38 40 43 43 44 45 47 49 0 144 203 280 305 305 399 410 443 445 484 488 610 620 621 630 649 744 756 760 777 783 806 820 831 879 885 942 944 994
23.0303030303 43.1726907631 30 0 2 2 4 4 5 6 7 7 8 12 13 15 16 20 21 22 28 28 31 33 33 35 39 40 40 41 45 46 47 0 102 148 235 250 305 306 317 410 426 440 460 511 544 591 601 655 677 732 732 750 775 794 811 815 842 856 858 951 975
0.0 62.2489959839 30 0 1 1 2 4 6 7 8 10 13 14 19 20 21 21 23 23 24 25 27 28 29 30 31 39 39 44 44 47 49 0 124 217 235 243 273 304 330 368 376 432 446 454 502 524 533 543 594 599 630 697 714 743 787 787 822 862 971 973 991
42.4242424242 54.6184738956 30 0 0 1 4 4 9 13 14 17 17 17 19 19 20 20 21 22 23 24 24 27 30 31 34 34 35 36 39 44 49 0 103 114 117 140 171 208 222 245 273 292 298 413 497 505 514 531 531 535 581 630 634 670 738 795 819 823 824 849 970
24.8484848485 40.9638554217 30 0 0 1 2 2 2 3 4 5 11 11 15 17 18 18 19 20 22 25 26 26 28 31 36 38 39 40 41 46 46 0 158 193 193 195 267 320 338 375 380 381 391 480 510 545 553 555 607 623 759 766 806 813 832 893 925 926 935 935 972
69.2929292929 43.7751004016 30 0 2 3 6 10 10 10 14 14 17 19 19 20 22 23 26 27 27 28 33 34 34 35 36 37 39 39 39 43 49 0 132 137 153 162 172 250 284 320 411 414 430 432 457 479 490 522 525 541 559 640 647 733 788 796 858 863 890 940 943
90.9090909091 89.156626506 30 0 1 2 5 10 17 20 22 23 25 26 28 28 30 30 32 33 33 34 36 37 37 40 42 46 46 46 47 48 48 0 178 229 258 296 302 314 330 345 367 432 511 570 619 679 722 727 730 736 763 767 776 777 819 846 866 867 904 973 996
57.3737373737 83.734939759 30 0 0 0 7 8 8 13 14 17 21 23 26 28 28 31 32 32 32 32 34 37 38 40 41 45 45 45 47 47 48 0 0 146 223 267 278 310 312 323 328 366 383 386 388 411 422 465 487 491 491 547 613 621 660 673 705 868 933 939 967
81.4141414141 50.0 30 0 6 10 11 13 15 18 19 19 19 20 21 23 23 24 24 27 27 30 31 32 33 38 41 42 43 46 46 46 49 0 106 107 108 129 173 185 238 342 347 351 358 369 471 495 505 513 515 543 550 560 612 686 746 790 825 914 949 956 978
47.6767676768 38.1526104418 30 0 0 2 3 5 6 8 9 11 13 14 14 14 17 19 21 22 23 24 24 28 30 33 37 40 40 41 42 46 47 0 126 132 170 277 295 339 359 366 405 406 423 478 595 598 620 633 682 684 773 777 838 844 856 864 902 922 935 937 948
66.0606060606 59.0361445783 30 0 0 2 4 4 8 8 9 9 10 14 15 15 15 16 18 20 23 23 34 36 38 39 39 41 43 43 46 47 49 0 131 177 180 217 264 287 296 346 359 383 387 395 398 413 451 510 535 538 581 694 709 711 749 766 817 822 889 918 943
48.6868686869 34.7389558233 30 0 4 4 4 8 8 10 13 13 14 14 15 21 21 22 27 28 29 29 33 35 35 38 39 43 45 46 46 49 49 0 132 138 205 247 331 354 367 488 496 563 568 593 606 626 648 664 670 744 779 789 802 808 852 877 891 929 931 957 978
48.4848484848 32.7309236948 30 0 0 0 4 7 7 7 8 8 8 11 13 16 17 19 22 23 23 27 28 35 37 38 38 41 41 42 45 46 48 0 149 154 181 196 201 252 252 378 384 389 396 415 442 483 485 522 553 565 569 616 623 756 773 859 859 865 866 883 885
33.1313131313 50.4016064257 30 0 3 7 10 11 13 15 21 22 24 25 26 27 27 27 27 32 36 41 41 41 41 42 42 43 43 43 44 45 45 0 207 218 232 242 280 356 371 466 491 532 577 579 596 625 652 722 729 730 733 746 751 763 855 867 911 912 914 978 996
53.9393939394 53.4136546185 30 0 1 1 1 2 4 5 5 8 9 9 10 11 12 17 18 19 20 26 28 28 28 38 38 42 42 43 43 45 48 0 173 189 212 230 273 303 318 344 346 395 426 475 504 515 544 551 558 605 623 649 679 723 758 794 814 838 970 989 990
61.4141414141 70.8835341365 30 0 3 6 7 8 9 10 11 11 12 13 14 15 18 18 18 24 26 31 34 35 35 36 36 36 37 38 42 47 49 0 125 149 170 196 202 286 304 415 424 427 450 467 489 505 554 605 664 664 744 770 794 805 815 828 840 849 896 914 950
57.3737373737 51.8072289157 30 0 1 2 3 3 3 8 8 10 13 13 14 17 18 18 19 20 22 25 28 28 31 33 38 42 42 46 47 47 48 0 175 184 196 197 334 399 407 409 432 504 518 523 566 579 592 606 612 644 677 723 723 749 807 848 876 896 912 920 935
37.1717171717 36.9477911647 30 0 1 1 3 6 7 7 11 13 16 22 24 25 26 27 28 30 31 34 35 35 36 36 37 44 44 45 45 49 49 0 101 154 180 181 260 327 406 425 469 497 516 550 574 580 603 610 626 631 685 743 762 770 773 775 849 898 935 958 968
1.81818181818 31.9277108434 30 0 0 2 3 3 7 7 7 8 8 8 9 13 18 18 21 30 30 34 34 36 37 37 37 40 41 45 45 46 47 0 0 117 150 154 166 213 244 246 257 263 316 370 376 445 489 521 535 579 588 607 608 721 730 753 833 890 921 958 992
41.8181818182 51.6064257028 30 0 2 4 6 9 9 9 10 12 14 16 19 20 22 25 28 28 28 32 33 36 37 38 40 41 42 42 44 45 49 0 119 140 160 186 221 369 375 391 437 449 449 457 479 487 522 543 543 601 616 621 637 701 714 833 834 860 877 911 920
56.9696969697 22.8915662651 30 0 2 2 3 3 3 4 5 8 8 9 13 14 18 22 22 23 25 26 28 31 33 33 34 35 35 36 38 42 49 0 110 119 137 227 277 337 359 364 448 456 535 542 561 583 611 622 711 728 733 785 796 799 838 839 858 929 962 962 972
55.5555555556 50.8032128514 30 0 0 10 11 12 13 15 15 15 17 19 22 23 26 26 26 27 28 29 31 40 41 41 42 43 44 46 47 47 48 0 0 106 192 193 225 268 282 377 396 405 460 474 478 525 547 596 648 655 657 691 692 706 753 753 809 812 814 820 906
43.6363636364 35.3413654618 30 0 7 8 10 11 12 13 15 16 16 18 21 23 23 23 29 29 29 29 31 31 36 37 38 42 42 45 47 47 48 0 127 159 179 199 202 241 246 259 330 342 346 400 458 492 499 539 580 586 610 695 724 737 770 829 842 857 872 956 982
91.1111111111 84.9397590361 30 0 0 3 4 4 5 5 5 6 6 7 10 10 11 15 17 20 22 24 25 29 30 31 31 33 33 34 35 36 48 0 111 114 158 174 226 237 252 260 327 385 478 527 536 554 595 621 625 665 701 748 764 789 802 804 829 863 908 960 988
31.1111111111 52.8112449799 30 0 1 2 6 9 13 14 15 16 17 18 19 19 20 20 25 26 26 26 27 28 29 33 35 36 36 37 43 43 48 0 105 155 222 223 230 241 253 257 319 354 383 391 521 592 609 649 651 661 680 755 802 830 839 857 907 925 947 976 998
52.1212121212 37.5502008032 30 0 1 4 5 6 6 10 12 12 13 15 20 20 22 23 24 27 29 30 32 34 38 38 41 41 42 44 46 48 49 0 154 170 199 207 284 374 383 401 410 431 527 528 542 590 630 652 669 711 729 758 879 882 912 924 925 948 952 971 977
48.8888888889 31.5261044177 30 0 1 3 9 9 11 12 14 15 15 19 20 21 24 24 24 26 29 30 31 31 32 33 36 38 40 43 43 46 48 0 101 105 145 186 189 248 255 288 321 423 435 465 495 581 617 695 716 741 760 776 779 803 815 822 896 904 921 971 987
37.7777777778 68.0722891566 30 0 0 0 3 6 8 9 10 10 12 12 12 13 13 13 13 14 22 22 23 24 26 26 29 30 36 38 42 44 45 0 180 192 193 196 199 214 223 243 263 273 370 394 416 428 430 568 589 606 633 670 712 741 778 782 819 906 937 960 996
45.8585858586 28.5140562249 30 0 1 1 2 2 3 7 8 10 15 16 16 17 18 19 19 19 27 30 30 40 40 42 42 42 43 44 47 48 48 0 0 103 106 114 162 181 188 265 266 289 299 335 343 388 496 515 545 581 628 653 657 660 674 803 804 824 836 950 984
40.202020202 68.4738955823 30 0 4 6 7 7 8 11 12 12 13 13 17 23 23 23 27 27 29 31 35 36 37 38 39 42 44 44 44 45 45 0 102 130 155 191 228 325 338 367 440 443 445 494 514 516 562 595 635 640 649 654 675 683 729 744 748 809 837 857 972
47.6767676768 84.3373493976 30 0 0 3 4 4 6 10 13 13 14 15 15 15 20 21 21 26 26 28 30 32 34 35 37 38 39 47 48 49 49 0 215 245 260 278 289 307 330 360 364 500 510 514 536 567 642 715 716 760 764 823 839 851 851 889 943 965 977 993 998
20.404040404 56.0240963855 30 0 0 2 3 9 10 11 16 16 17 18 19 19 20 21 21 23 27 30 32 34 35 36 39 42 46 47 47 48 49 0 110 111 142 173 216 228 273 332 354 379 379 433 457 464 508 522 537 630 694 700 737 741 744 745 795 801 835 897 960
246
68.7619047619 27.6470588235 1
32.5714285714 67.0588235294 7
63.2380952381 19.6078431373 5
55.2380952381 23.137254902 8
8.57142857143 67.2549019608 3
5.33333333333 58.431372549 6
19.619047619 64.1176470588 5
57.7142857143 22.5490196078 9
26.2857142857 54.1176470588 3
48.0 68.6274509804 4
66.0952380952 61.568627451 1
82.8571428571 4.3137254902 1
29.5238095238 19.8039215686 3
54.8571428571 29.6078431373 8
18.2857142857 70.3921568627 6
29.3333333333 66.0784313725 2
27.4285714286 82.3529411765 2
34.4761904762 99.8039215686 2
32.5714285714 46.0784313725 7
32.0 53.137254902 8
70.0952380952 34.7058823529 4
34.2857142857 67.8431372549 5
57.9047619048 31.3725490196 2
35.4285714286 53.137254902 1
46.4761904762 60.3921568627 8
38.4761904762 57.6470588235 6
44.380952381 37.4509803922 5
51.8095238095 86.2745098039 1
51.2380952381 40.0 1
41.9047619048 45.8823529412 5
48.5714285714 27.6470588235 2
43.0476190476 55.2941176471 4
50.6666666667 78.2352941176 5
29.1428571429 58.2352941176 4
20.9523809524 67.2549019608 1
24.380952381 74.7058823529 4
23.2380952381 30.1960784314 8
68.1904761905 54.5098039216 2
43.0476190476 14.9019607843 6
81.3333333333 58.431372549 6
32.7619047619 14.9019607843 2
34.8571428571 25.8823529412 7
57.1428571429 68.2352941176 7
44.9523809524 58.0392156863 2
32.7619047619 39.6078431373 7
43.0476190476 60.0 3
36.1904761905 45.4901960784 8
28.380952381 79.8039215686 1
21.7142857143 64.5098039216 8
40.380952381 50.5882352941 1
46.6666666667 45.4901960784 8
32.380952381 35.6862745098 9
41.9047619048 43.137254902 6
56.0 35.4901960784 9
39.0476190476 46.862745098 7
44.5714285714 73.7254901961 1
79.619047619 52.5490196078 6
67.4285714286 25.6862745098 2
0.0 49.4117647059 5
60.9523809524 43.9215686275 6
5.14285714286 46.0784313725 4
36.0 82.7450980392 2
61.1428571429 51.1764705882 4
72.1904761905 51.1764705882 9
12.7619047619 46.0784313725 3
73.5238095238 42.7450980392 4
35.2380952381 23.9215686275 2
60.0 22.9411764706 5
73.5238095238 12.5490196078 3
45.3333333333 67.6470588235 2
56.7619047619 51.9607843137 7
40.380952381 27.4509803922 8
67.4285714286 42.3529411765 3
24.0 11.1764705882 6
56.0 36.2745098039 2
30.4761904762 51.1764705882 9
35.619047619 31.568627451 2
42.2857142857 51.9607843137 9
71.0476190476 62.1568627451 6
51.8095238095 61.1764705882 4
81.9047619048 53.137254902 3
34.4761904762 25.6862745098 5
59.619047619 58.8235294118 8
24.9523809524 80.0 2
44.1904761905 72.3529411765 3
48.7619047619 59.0196078431 2
50.6666666667 45.4901960784 5
48.5714285714 69.0196078431 2
14.8571428571 44.9019607843 9
33.7142857143 43.9215686275 8
47.4285714286 43.5294117647 3
35.0476190476 63.137254902 3
59.4285714286 68.8235294118 3
47.0476190476 73.137254902 5
43.8095238095 52.3529411765 6
12.7619047619 51.1764705882 2
46.2857142857 34.7058823529 6
35.0476190476 52.1568627451 2
56.0 38.6274509804 2
28.380952381 48.0392156863 1
67.619047619 100.0 8
22.0952380952 0.0 4
47.0476190476 56.6666666667 3
32.0 46.4705882353 8
54.2857142857 77.0588235294 3
17.7142857143 47.4509803922 2
37.7142857143 69.8039215686 2
40.9523809524 56.0784313725 2
68.5714285714 19.0196078431 8
41.5238095238 30.9803921569 5
66.2857142857 66.6666666667 4
49.5238095238 36.4705882353 7
48.7619047619 43.3333333333 1
52.0 32.5490196078 7
56.0 32.1568627451 5
32.380952381 34.5098039216 1
8.57142857143 13.5294117647 2
36.0 46.6666666667 7
19.0476190476 54.5098039216 2
37.3333333333 41.9607843137 8
34.8571428571 57.0588235294 5
29.7142857143 24.7058823529 1
33.5238095238 61.7647058824 5
19.4285714286 13.3333333333 2
41.1428571429 40.9803921569 2
61.5238095238 54.1176470588 7
59.4285714286 62.9411764706 7
43.8095238095 82.1568627451 7
20.7619047619 34.5098039216 1
54.8571428571 46.862745098 8
71.4285714286 44.3137254902 3
3.42857142857 38.6274509804 3
36.1904761905 25.8823529412 1
18.0952380952 9.41176470588 8
36.5714285714 61.1764705882 9
57.5238095238 30.9803921569 4
35.0476190476 78.6274509804 1
47.619047619 38.431372549 6
60.7619047619 81.9607843137 1
56.7619047619 47.4509803922 5
71.0476190476 77.8431372549 2
88.5714285714 63.7254901961 4
25.5238095238 66.0784313725 4
41.9047619048 37.8431372549 7
60.1904761905 30.3921568627 4
40.9523809524 62.7450980392 8
42.6666666667 58.6274509804 8
33.1428571429 26.4705882353 1
76.1904761905 44.3137254902 5
58.8571428571 10.7843137255 7
68.0 59.4117647059 4
45.7142857143 55.4901960784 1
74.8571428571 55.2941176471 8
40.9523809524 87.8431372549 1
35.2380952381 13.9215686275 4
21.3333333333 72.3529411765 5
67.8095238095 45.8823529412 5
9.90476190476 81.568627451 7
69.9047619048 37.2549019608 7
35.0476190476 44.7058823529 6
27.4285714286 43.9215686275 1
41.9047619048 20.1960784314 2
25.3333333333 44.7058823529 5
56.1904761905 53.5294117647 3
51.8095238095 52.5490196078 7
45.1428571429 51.568627451 3
57.3333333333 38.2352941176 6
27.8095238095 24.1176470588 6
39.619047619 30.0 3
28.1904761905 47.6470588235 5
8.19047619048 61.9607843137 4
32.0 72.7450980392 9
35.4285714286 51.9607843137 6
61.3333333333 98.0392156863 6
52.0 23.9215686275 8
85.7142857143 64.7058823529 9
32.1904761905 21.568627451 7
35.4285714286 60.7843137255 2
62.8571428571 60.1960784314 2
100.0 87.0588235294 4
62.2857142857 27.0588235294 7
6.28571428571 32.9411764706 5
55.2380952381 61.7647058824 2
56.1904761905 32.3529411765 8
24.380952381 31.7647058824 4
69.1428571429 42.1568627451 8
39.8095238095 70.9803921569 5
57.1428571429 59.6078431373 9
38.4761904762 70.0 2
25.3333333333 26.2745098039 8
58.4761904762 22.5490196078 1
62.6666666667 79.8039215686 6
19.619047619 55.4901960784 6
19.2380952381 27.4509803922 7
32.7619047619 66.0784313725 5
10.6666666667 69.0196078431 7
65.1428571429 37.6470588235 6
27.8095238095 62.9411764706 9
58.6666666667 20.9803921569 9
40.380952381 22.3529411765 1
66.0952380952 67.4509803922 7
2.09523809524 57.8431372549 1
53.1428571429 49.8039215686 4
60.380952381 68.0392156863 1
66.2857142857 61.9607843137 7
36.0 89.0196078431 1
24.7619047619 19.2156862745 3
49.9047619048 58.2352941176 5
46.2857142857 67.6470588235 9
42.0952380952 39.8039215686 1
51.4285714286 67.4509803922 1
25.5238095238 65.2941176471 6
17.9047619048 29.6078431373 6
32.0 32.3529411765 5
28.1904761905 54.5098039216 2
32.1904761905 30.7843137255 6
56.5714285714 44.7058823529 4
47.619047619 34.3137254902 4
66.6666666667 48.0392156863 2
40.5714285714 45.6862745098 8
11.619047619 26.6666666667 6
39.619047619 24.3137254902 5
30.6666666667 51.1764705882 9
1.33333333333 53.137254902 6
35.4285714286 59.0196078431 1
53.7142857143 68.431372549 4
11.619047619 64.9019607843 1
48.5714285714 65.0980392157 1
57.1428571429 65.0980392157 3
30.0952380952 69.8039215686 6
72.5714285714 30.0 2
41.7142857143 20.7843137255 7
26.0952380952 56.6666666667 9
42.4761904762 59.0196078431 7
34.0952380952 67.6470588235 9
40.5714285714 59.4117647059 3
54.6666666667 75.2941176471 4
48.0 60.5882352941 1
27.4285714286 56.2745098039 2
13.5238095238 24.5098039216 9
11.619047619 68.2352941176 6
69.3333333333 47.6470588235 1
55.0476190476 58.0392156863 6
48.5714285714 69.0196078431 7
22.6666666667 72.5490196078 2
41.9047619048 15.8823529412 7
