55
71.3414634146 26.0759493671 11 0 3 3 15 16 22 23 31 33 39 40 0 110 273 289 480 561 668 707 795 889 991
23.9837398374 48.8607594937 11 0 0 7 13 14 17 22 23 29 36 45 0 132 146 179 261 318 442 519 597 607 932
42.6829268293 20.5063291139 11 0 1 10 17 21 23 29 31 32 34 46 0 175 317 399 443 693 695 739 924 929 946
38.0081300813 30.6329113924 11 0 1 9 16 20 28 29 29 36 38 47 0 0 128 322 396 440 529 611 745 951 968
35.9756097561 2.27848101266 11 0 0 6 11 15 19 26 30 30 31 49 0 154 219 440 454 480 570 606 768 854 860
59.9593495935 42.7848101266 11 0 5 8 9 17 29 31 44 45 48 49 0 121 151 174 371 544 730 776 820 846 871
91.2601626016 60.0 11 0 6 23 27 31 34 38 41 41 49 49 0 157 299 440 515 595 731 849 862 863 959
51.2195121951 69.1139240506 11 0 1 11 12 14 19 36 39 40 45 49 0 119 228 273 285 476 607 678 738 909 958
39.837398374 64.3037974684 11 0 0 4 10 21 22 29 29 32 42 44 0 165 210 350 358 645 649 852 929 938 941
67.4796747967 17.4683544304 11 0 12 15 16 20 21 23 28 29 34 38 0 0 210 363 387 431 509 618 695 884 954
19.3089430894 39.2405063291 11 0 0 1 9 16 16 20 23 32 41 49 0 0 294 346 452 589 609 659 817 933 947
38.8211382114 46.835443038 11 0 0 10 11 12 13 15 23 39 43 47 0 0 165 177 412 482 491 499 756 823 861
97.1544715447 56.9620253165 11 0 8 12 20 28 40 43 43 47 48 48 0 0 337 400 433 507 684 811 824 834 862
100.0 86.3291139241 11 0 3 11 15 15 25 25 33 35 47 49 0 320 384 545 669 723 740 796 816 849 921
65.0406504065 81.7721518987 11 0 0 3 12 14 31 40 43 45 46 47 0 173 233 319 554 575 604 615 657 722 853
43.9024390244 35.4430379747 11 0 0 2 9 9 22 25 31 32 33 34 0 216 280 344 386 453 457 489 522 702 958
35.3658536585 54.1772151899 11 0 11 12 14 15 16 25 28 41 41 47 0 152 165 196 231 233 286 793 875 904 919
66.8699186992 57.9746835443 11 0 14 21 24 29 31 32 35 35 39 44 0 245 417 456 458 475 717 756 834 870 960
50.406504065 37.9746835443 11 0 3 3 6 9 13 18 19 19 24 41 0 0 156 408 487 561 699 730 774 930 947
42.2764227642 30.3797468354 11 0 2 5 6 10 30 31 34 36 39 49 0 174 188 213 336 387 530 561 604 628 682
20.1219512195 31.1392405063 11 0 5 7 12 14 18 23 23 29 35 36 0 144 224 272 293 306 366 369 417 598 668
57.7235772358 47.8481012658 11 0 3 10 10 18 22 27 29 42 45 46 0 0 118 213 344 488 552 610 772 780 833
54.0650406504 0.0 11 0 0 6 9 12 15 22 26 33 40 46 0 0 145 225 311 314 414 454 680 814 835
67.2764227642 21.2658227848 11 0 4 19 20 20 24 37 42 44 46 47 0 104 237 271 456 613 664 671 677 747 842
37.6016260163 68.8607594937 11 0 0 1 7 9 12 17 29 33 34 49 0 125 238 438 459 568 590 602 686 753 756
20.325203252 52.1518987342 11 0 2 8 12 14 23 30 30 34 44 46 0 0 172 194 234 455 473 501 682 823 882
74.3902439024 46.0759493671 11 0 1 7 7 11 13 19 19 31 42 43 0 132 196 391 404 461 560 666 671 695 798
9.34959349593 71.8987341772 11 0 0 5 13 20 23 25 26 28 30 31 0 151 173 253 382 625 707 746 790 837 936
91.0569105691 44.5569620253 11 0 4 6 12 18 19 21 22 26 46 46 0 137 167 339 354 357 609 683 700 912 963
50.0 57.9746835443 11 0 7 9 14 18 23 28 30 32 33 43 0 199 226 283 557 713 744 747 906 924 947
52.8455284553 35.4430379747 11 0 4 6 7 10 24 27 27 31 37 39 0 297 303 328 417 623 656 698 716 862 911
71.7479674797 21.5189873418 11 0 4 4 12 16 23 28 32 33 46 48 0 0 112 171 209 279 327 515 557 726 734
55.487804878 74.9367088608 11 0 0 15 17 21 22 23 25 29 33 38 0 255 329 420 666 707 727 780 800 852 908
64.837398374 14.9367088608 11 0 11 15 19 23 23 23 39 40 47 49 0 108 128 175 434 485 535 652 737 899 962
36.7886178862 55.1898734177 11 0 0 9 10 16 18 21 41 44 46 49 0 0 161 290 398 518 669 719 808 870 980
39.0243902439 17.4683544304 11 0 5 10 11 13 28 32 36 39 44 47 0 120 191 360 387 675 710 858 867 949 968
67.6829268293 62.2784810127 11 0 6 12 14 18 32 38 45 45 48 49 0 0 272 407 454 531 679 770 864 885 896
35.9756097561 82.7848101266 11 0 8 12 14 22 22 26 29 36 45 46 0 181 351 434 492 519 779 842 882 993 999
61.3821138211 55.9493670886 11 0 16 22 23 26 26 28 30 33 36 43 0 131 275 301 435 496 648 651 657 688 882
52.6422764228 68.8607594937 11 0 2 11 19 21 29 32 36 40 41 48 0 104 126 190 270 368 394 637 648 667 967
56.9105691057 51.1392405063 11 0 4 14 16 21 24 29 35 45 46 49 0 124 226 372 476 501 656 722 877 909 922
38.2113821138 75.9493670886 11 0 16 20 22 25 26 32 32 33 35 39 0 0 235 261 288 490 580 603 630 738 787
40.8536585366 58.2278481013 11 0 8 9 10 20 25 29 30 36 42 44 0 142 316 424 497 506 551 562 740 773 907
66.8699186992 82.5316455696 11 0 0 1 3 12 17 18 19 26 28 39 0 0 173 198 319 498 559 721 775 782 834
70.7317073171 100.0 11 0 9 9 15 17 17 20 22 38 42 49 0 0 105 195 266 362 408 493 615 768 936
48.7804878049 32.1518987342 11 0 4 8 12 27 28 29 32 38 41 46 0 173 190 247 259 276 395 417 495 603 867
47.9674796748 56.9620253165 11 0 10 12 15 16 23 23 27 34 38 45 0 140 269 270 362 490 758 783 793 937 990
49.593495935 21.5189873418 11 0 0 1 13 14 19 34 36 37 41 45 0 172 258 403 501 585 632 642 647 663 786
0.0 78.7341772152 11 0 1 14 14 18 22 25 30 38 39 44 0 0 164 227 241 322 343 417 813 867 914
78.0487804878 44.0506329114 11 0 2 2 7 9 18 24 32 37 38 39 0 104 149 220 241 254 293 377 550 671 946
81.3008130081 47.5949367089 11 0 7 10 11 19 26 34 35 36 39 46 0 101 155 223 278 287 320 414 484 508 539
72.5609756098 38.2278481013 11 0 14 21 31 33 36 36 38 40 45 48 0 316 330 397 413 474 482 742 750 780 879
19.512195122 78.2278481013 11 0 5 7 9 17 17 19 34 35 42 49 0 0 198 415 487 539 585 708 761 824 902
56.0975609756 43.7974683544 11 0 4 20 22 25 26 32 41 42 43 49 0 217 255 413 551 633 665 686 717 748 832
51.8292682927 82.0253164557 11 0 7 9 13 13 18 24 24 33 36 41 0 285 441 464 480 481 527 593 705 839 940
85
21.7073170732 42.3913043478 5
56.8292682927 43.8405797101 2
66.8292682927 47.4637681159 3
49.0243902439 42.5724637681 8
36.8292682927 25.0 9
40.487804878 45.2898550725 2
23.6585365854 43.115942029 3
69.0243902439 0.0 4
54.1463414634 30.0724637681 6
49.756097561 39.6739130435 3
64.8780487805 32.0652173913 9
4.39024390244 56.3405797101 4
49.0243902439 93.2971014493 1
33.1707317073 46.0144927536 2
0.0 40.7608695652 2
60.487804878 47.1014492754 6
90.9756097561 53.4420289855 5
37.5609756098 15.3985507246 6
57.3170731707 20.1086956522 6
47.5609756098 34.4202898551 9
13.6585365854 48.5507246377 6
45.8536585366 52.8985507246 1
20.9756097561 46.9202898551 4
38.5365853659 41.4855072464 5
14.6341463415 36.231884058 5
38.5365853659 34.0579710145 5
75.6097560976 66.847826087 8
69.2682926829 46.0144927536 9
34.8780487805 48.0072463768 4
40.9756097561 34.4202898551 1
11.4634146341 59.2391304348 8
5.60975609756 32.7898550725 1
62.4390243902 68.4782608696 2
48.5365853659 49.8188405797 2
10.9756097561 46.1956521739 3
80.487804878 64.1304347826 1
64.8780487805 54.8913043478 5
75.8536585366 12.5 4
53.1707317073 50.9057971014 2
53.1707317073 100.0 8
30.9756097561 41.847826087 6
28.0487804878 69.384057971 4
84.8780487805 62.8623188406 3
87.3170731707 50.1811594203 2
52.6829268293 29.5289855072 9
68.0487804878 57.7898550725 7
84.6341463415 27.5362318841 2
24.3902439024 54.1666666667 4
76.0975609756 33.3333333333 5
53.6585365854 43.2971014493 8
86.0975609756 17.3913043478 8
62.9268292683 22.6449275362 7
55.3658536585 64.8550724638 8
38.2926829268 62.1376811594 7
82.1951219512 45.4710144928 5
62.9268292683 17.2101449275 5
62.9268292683 50.5434782609 5
20.9756097561 52.8985507246 8
100.0 42.2101449275 1
58.7804878049 42.9347826087 5
82.1951219512 22.4637681159 3
19.756097561 71.0144927536 8
41.9512195122 35.6884057971 5
46.3414634146 36.7753623188 8
73.9024390244 61.7753623188 4
46.0975609756 70.8333333333 3
27.5609756098 41.6666666667 1
61.9512195122 73.0072463768 9
40.487804878 37.8623188406 8
58.7804878049 54.5289855072 8
84.3902439024 27.5362318841 4
94.1463414634 47.1014492754 7
16.8292682927 59.6014492754 3
43.1707317073 67.3913043478 2
69.756097561 34.6014492754 8
32.1951219512 50.7246376812 4
56.5853658537 41.1231884058 4
60.7317073171 55.0724637681 9
29.0243902439 38.2246376812 4
96.5853658537 28.9855072464 6
69.756097561 19.2028985507 6
45.3658536585 57.2463768116 3
36.5853658537 25.9057971014 3
43.4146341463 40.9420289855 2
42.9268292683 51.6304347826 5
