52
58.3333333333 58.0275229358 13 0 2 5 10 14 22 22 26 26 38 42 46 49 0 356 378 413 475 547 587 597 661 689 766 779 912
30.4054054054 0.0 13 0 0 1 2 9 13 17 24 26 32 34 35 46 0 168 390 454 487 502 526 736 773 775 832 834 941
0.0 55.9633027523 13 0 2 2 4 4 12 14 20 33 38 44 47 48 0 199 292 338 449 592 640 694 733 741 807 837 958
20.9459459459 86.6972477064 13 0 0 6 12 18 19 22 26 38 40 42 42 45 0 140 190 306 324 341 380 420 507 641 880 891 974
7.43243243243 45.6422018349 13 0 2 8 8 12 12 21 26 27 29 38 46 47 0 0 175 201 341 413 476 593 604 632 672 724 725
20.9459459459 74.5412844037 13 0 0 1 13 15 22 24 26 34 42 42 44 49 0 220 454 632 636 658 784 812 833 838 942 952 986
72.972972973 69.495412844 13 0 11 14 19 24 25 34 35 35 39 40 44 48 0 163 243 260 277 333 339 373 417 445 645 786 797
68.6936936937 57.5688073394 13 0 3 4 7 8 17 20 20 22 26 42 43 48 0 0 164 262 406 668 672 814 877 911 979 980 989
44.1441441441 13.5321100917 13 0 1 10 11 12 13 17 19 24 25 27 28 34 0 0 152 250 292 326 496 579 603 744 792 835 947
100.0 91.7431192661 13 0 7 11 17 22 26 30 34 39 42 43 43 45 0 219 256 275 361 386 410 490 622 729 738 807 858
10.8108108108 66.2844036697 13 0 0 0 1 6 13 18 23 30 35 36 42 46 0 116 129 169 176 231 251 379 496 657 726 767 775
25.4504504505 49.0825688073 13 0 1 9 14 20 23 24 25 30 33 39 44 47 0 0 269 331 341 478 478 494 531 582 736 847 889
31.0810810811 73.623853211 13 0 3 11 19 27 27 30 34 35 35 36 36 41 0 0 117 134 142 288 352 424 546 613 625 748 756
64.4144144144 65.5963302752 13 0 9 18 26 29 30 34 35 36 37 40 40 42 0 0 168 247 451 500 550 624 631 671 715 870 925
49.3243243243 33.4862385321 13 0 0 3 4 12 19 19 20 29 31 33 38 48 0 189 325 377 407 538 616 617 695 740 742 880 917
33.3333333333 76.6055045872 13 0 2 4 11 19 20 25 28 30 33 34 47 49 0 134 166 174 345 541 665 674 709 710 780 824 938
40.5405405405 34.6330275229 13 0 19 21 23 26 31 37 41 42 42 46 47 48 0 109 198 281 318 449 669 720 738 801 860 956 980
24.7747747748 94.7247706422 13 0 5 6 12 13 18 20 34 34 39 39 43 46 0 107 156 308 344 445 500 512 585 642 734 785 919
42.3423423423 56.6513761468 13 0 0 9 10 14 34 35 37 41 46 47 48 49 0 104 117 143 310 350 360 361 505 601 699 863 990
25.4504504505 23.1651376147 13 0 2 2 4 13 14 16 24 26 42 45 45 46 0 147 231 321 330 400 567 612 748 794 803 922 982
27.9279279279 46.7889908257 13 0 4 11 25 28 31 38 39 44 45 46 46 48 0 140 194 256 376 380 396 408 518 526 699 913 914
6.08108108108 79.3577981651 13 0 1 4 6 7 16 20 26 26 27 28 28 46 0 147 177 247 374 402 441 494 518 554 722 757 936
47.0720720721 66.9724770642 13 0 0 5 9 26 28 30 33 33 40 44 46 48 0 0 239 279 319 456 576 600 651 705 827 835 972
44.3693693694 100.0 13 0 0 7 15 15 19 21 24 24 25 34 36 37 0 136 138 186 294 355 380 429 456 592 634 812 973
61.7117117117 82.1100917431 13 0 1 3 6 7 13 14 21 26 28 31 40 40 0 299 325 362 367 388 406 442 499 557 685 757 924
30.1801801802 29.5871559633 13 0 7 9 11 16 23 27 30 31 33 40 43 44 0 0 200 201 275 364 382 499 580 593 632 760 989
24.7747747748 58.4862385321 13 0 1 2 3 6 10 12 18 33 36 39 45 49 0 166 296 320 330 395 429 436 505 691 698 738 988
30.6306306306 57.1100917431 13 0 0 4 8 8 10 11 17 25 31 35 39 44 0 140 149 152 221 242 365 392 393 529 677 716 917
49.3243243243 66.7431192661 13 0 0 2 6 10 11 14 18 27 33 34 48 49 0 107 135 174 277 510 576 633 637 731 748 816 907
11.4864864865 54.5871559633 13 0 1 11 16 17 17 18 21 25 26 38 44 47 0 192 226 234 361 425 435 510 550 582 692 860 880
79.954954955 83.9449541284 13 0 2 4 15 27 28 31 31 40 43 43 46 48 0 202 306 326 504 528 539 725 735 761 781 811 989
29.5045045045 72.4770642202 13 0 3 6 14 14 17 24 25 36 39 41 42 43 0 121 272 386 415 464 511 594 602 638 679 755 872
67.1171171171 7.79816513761 13 0 1 5 8 19 23 29 34 35 35 35 36 48 0 134 146 221 287 321 530 547 563 572 670 701 990
70.9459459459 57.1100917431 13 0 4 7 9 21 22 24 25 25 29 35 39 44 0 117 273 317 428 459 555 636 714 730 736 810 942
41.6666666667 65.8256880734 13 0 6 11 14 18 23 29 30 31 34 34 39 40 0 0 201 220 243 596 615 681 733 826 849 932 939
27.027027027 80.0458715596 13 0 5 15 17 17 17 24 25 25 25 28 32 38 0 131 175 222 276 291 499 516 595 723 812 830 836
49.5495495495 58.0275229358 13 0 1 2 5 6 10 12 15 18 21 22 26 44 0 221 231 407 504 555 578 653 726 734 734 869 900
27.9279279279 59.6330275229 13 0 3 11 17 18 20 22 22 27 29 44 48 49 0 100 164 191 238 264 407 597 725 834 849 857 972
61.9369369369 56.1926605505 13 0 3 12 16 16 22 22 33 33 35 37 49 49 0 138 251 299 541 545 613 714 716 820 862 939 967
65.0900900901 89.9082568807 13 0 10 11 20 23 26 30 40 40 42 42 46 47 0 212 218 265 281 422 466 713 736 783 894 910 942
46.3963963964 62.1559633028 13 0 4 9 15 15 15 18 26 28 33 36 45 48 0 242 264 290 453 519 575 627 707 760 794 829 985
4.72972972973 69.9541284404 13 0 8 9 13 21 22 24 26 31 41 45 46 48 0 116 199 233 236 336 396 527 603 651 768 844 871
37.3873873874 25.0 13 0 14 18 25 31 31 34 34 35 35 35 37 37 0 0 107 123 133 165 227 319 500 643 751 894 938
18.2432432432 36.4678899083 13 0 4 6 7 10 11 11 16 21 32 38 46 48 0 0 128 242 245 324 415 539 578 592 788 844 907
59.9099099099 91.9724770642 13 0 9 17 18 19 25 25 26 27 31 31 43 49 0 137 179 192 196 222 226 477 541 607 721 734 861
68.6936936937 83.7155963303 13 0 7 8 9 24 27 29 33 33 34 35 38 41 0 126 130 164 239 428 460 540 570 712 738 770 814
30.8558558559 57.3394495413 13 0 4 5 16 21 21 21 26 31 35 39 47 47 0 120 164 309 316 390 504 576 622 729 803 825 991
54.0540540541 80.504587156 13 0 6 6 10 11 16 28 38 40 42 44 44 44 0 172 232 280 280 335 446 557 603 746 788 807 995
46.8468468468 49.0825688073 13 0 1 8 18 20 22 23 24 26 27 35 42 43 0 171 171 209 313 389 587 603 613 838 859 871 993
50.9009009009 95.4128440367 13 0 0 5 6 13 16 16 21 22 26 27 37 41 0 165 283 373 382 488 538 692 807 920 930 971 975
59.009009009 71.3302752294 13 0 2 5 8 25 27 30 34 35 38 42 44 49 0 0 185 274 365 396 433 439 488 832 872 939 966
38.2882882883 45.871559633 13 0 1 20 25 26 26 27 28 29 30 31 35 49 0 256 303 343 556 592 613 631 649 779 785 921 994
81
55.2915766739 48.6973947896 7
72.3542116631 42.8857715431 8
45.788336933 35.2705410822 2
70.1943844492 50.7014028056 2
17.494600432 32.2645290581 7
39.524838013 54.1082164329 6
76.8898488121 8.61723446894 6
11.879049676 54.9098196393 7
81.4254859611 46.0921843687 5
42.3326133909 45.0901803607 1
15.5507559395 23.246492986 9
53.9956803456 33.0661322645 8
66.9546436285 60.7214428858 9
42.5485961123 43.0861723447 7
19.4384449244 34.6693386774 2
34.9892008639 73.74749499 3
22.8941684665 53.5070140281 2
42.1166306695 18.0360721443 4
55.939524838 61.9238476954 4
52.4838012959 29.8597194389 7
35.2051835853 61.3226452906 5
74.0820734341 35.4709418838 4
33.909287257 44.2885771543 8
87.2570194384 77.3547094188 3
56.8034557235 40.8817635271 3
47.3002159827 49.2985971944 9
31.9654427646 18.4368737475 5
49.8920086393 66.1322645291 8
46.86825054 38.2765531062 7
53.7796976242 42.6853707415 2
74.9460043197 32.0641282565 3
70.4103671706 62.124248497 7
38.0129589633 21.8436873747 9
29.373650108 23.6472945892 6
54.211663067 76.1523046092 8
65.4427645788 39.879759519 9
49.2440604752 100.0 9
36.0691144708 79.3587174349 6
18.1425485961 72.9458917836 7
35.8531317495 55.3106212425 5
55.5075593952 45.6913827655 7
27.6457883369 61.7234468938 1
53.13174946 30.0601202405 8
65.8747300216 37.0741482966 7
22.8941684665 29.8597194389 5
59.3952483801 26.8537074148 1
53.9956803456 54.1082164329 7
39.524838013 38.2765531062 1
6.91144708423 35.2705410822 2
44.4924406048 24.4488977956 2
38.6609071274 60.3206412826 6
73.8660907127 35.6713426854 7
38.444924406 25.6513026052 3
65.4427645788 33.2665330661 6
63.282937365 59.3186372745 1
50.9719222462 72.5450901804 6
29.373650108 49.2985971944 5
49.4600431965 71.3426853707 9
100.0 31.8637274549 2
32.3974082073 17.4348697395 4
65.0107991361 82.7655310621 3
14.0388768898 43.6873747495 5
89.6328293737 21.4428857715 4
78.6177105832 9.01803607214 3
15.1187904968 29.8597194389 8
32.181425486 35.6713426854 4
56.1555075594 17.8356713427 6
30.0215982721 64.7294589178 6
55.939524838 51.9038076152 7
66.9546436285 45.2905811623 1
46.86825054 18.4368737475 3
44.7084233261 26.4529058116 3
26.9978401728 34.4689378758 1
70.8423326134 0.0 3
26.1339092873 5.61122244489 6
71.4902807775 15.6312625251 5
78.8336933045 24.8496993988 9
44.4924406048 52.3046092184 7
48.1641468683 45.4909819639 4
0.0 38.0761523046 1
50.9719222462 58.7174348697 8
