51
39.6674584323 9.47580645161 14 0 3 4 5 14 15 19 20 21 27 33 37 43 44 0 112 244 246 267 292 322 366 411 465 469 610 746 794
44.893111639 23.185483871 14 0 0 1 15 16 17 25 26 27 28 33 42 44 48 0 0 331 333 348 428 574 685 699 703 842 887 944 966
49.406175772 11.2903225806 14 0 0 4 9 11 17 21 26 26 30 34 42 42 47 0 159 199 245 280 461 494 498 623 701 718 753 809 847
63.8954869359 86.2903225806 14 0 2 3 4 4 12 19 23 24 25 27 35 38 38 0 127 189 232 257 344 430 485 496 575 722 827 900 976
37.7672209026 59.6774193548 14 0 7 7 7 16 19 24 31 37 42 45 45 45 46 0 114 230 267 267 272 388 515 619 777 819 839 884 909
53.919239905 34.2741935484 14 0 1 7 7 17 17 18 25 26 31 33 38 39 43 0 249 251 354 402 487 569 585 699 804 839 899 907 936
51.5439429929 43.75 14 0 0 2 4 10 10 12 33 36 37 37 40 44 45 0 0 178 192 231 236 261 283 329 807 902 918 933 984
76.9596199525 23.7903225806 14 0 2 3 8 12 16 26 34 38 38 40 41 41 42 0 196 238 323 421 440 573 591 597 693 730 800 811 911
65.5581947743 60.685483871 14 0 1 2 6 15 18 23 26 26 32 33 35 43 47 0 0 177 270 270 317 340 366 431 495 559 610 718 751
25.4156769596 67.7419354839 14 0 0 0 2 11 13 14 14 15 25 25 25 31 41 0 0 133 176 198 215 237 251 298 365 411 604 716 844
67.9334916865 69.9596774194 14 0 2 3 8 14 22 27 32 33 37 39 42 45 47 0 171 257 269 302 351 534 561 601 632 679 735 879 961
37.5296912114 57.8629032258 14 0 1 5 7 8 10 12 15 17 19 31 38 39 41 0 127 375 408 428 452 460 537 557 557 601 636 797 916
0.0 41.935483871 14 0 7 11 11 13 18 18 27 29 29 31 34 42 44 0 0 128 265 486 508 560 663 798 837 845 855 861 969
41.567695962 24.3951612903 14 0 5 7 14 17 19 28 28 33 37 42 42 43 49 0 149 179 229 241 333 352 401 402 501 646 679 839 888
38.7173396675 43.75 14 0 1 3 5 7 14 15 18 23 24 35 35 40 45 0 185 376 399 532 564 608 627 667 710 716 787 840 952
41.3301662708 28.6290322581 14 0 3 6 7 8 10 21 21 31 34 35 37 41 48 0 292 400 421 445 536 547 567 695 791 844 876 917 922
57.0071258907 57.6612903226 14 0 0 0 3 12 25 32 33 45 46 47 48 48 49 0 0 283 354 488 505 733 735 812 858 863 904 942 964
67.458432304 28.0241935484 14 0 1 2 6 9 12 14 15 26 30 30 39 41 43 0 131 191 198 232 337 411 493 557 590 762 765 911 997
42.9928741093 39.7177419355 14 0 0 4 4 4 7 8 29 32 36 47 47 48 48 0 0 120 211 292 339 348 370 434 453 514 662 731 849
28.7410926366 81.25 14 0 2 3 6 8 13 17 32 34 36 41 42 47 47 0 0 101 141 285 566 571 588 612 712 764 814 841 908
47.5059382423 66.3306451613 14 0 0 10 15 20 21 22 29 30 31 31 31 32 33 0 319 321 346 354 365 370 535 555 598 739 808 910 965
36.8171021378 40.5241935484 14 0 1 8 17 17 17 22 24 33 37 46 48 48 48 0 136 144 161 284 316 340 570 765 802 805 898 947 993
50.8313539192 52.8225806452 14 0 0 2 10 14 15 15 18 26 27 34 36 39 44 0 151 199 286 396 462 552 567 578 688 692 811 874 972
62.945368171 29.435483871 14 0 6 9 11 11 13 15 27 31 41 43 45 47 48 0 299 349 413 463 555 557 638 695 736 820 879 958 963
80.2850356295 100.0 14 0 5 14 14 15 20 28 33 37 40 47 47 48 48 0 197 222 238 267 367 466 479 506 552 689 727 907 919
27.7909738717 66.3306451613 14 0 0 4 7 16 20 23 30 33 38 39 42 43 49 0 110 126 174 328 435 489 495 671 707 775 858 970 993
50.1187648456 75.6048387097 14 0 0 1 2 20 22 23 24 38 38 40 41 47 49 0 128 292 422 522 534 551 604 608 663 683 774 882 979
20.6650831354 83.8709677419 14 0 5 7 7 12 14 18 25 29 35 37 40 44 44 0 167 212 248 312 357 533 703 839 868 899 946 963 966
17.3396674584 48.7903225806 14 0 3 3 6 8 9 12 20 22 27 31 33 46 49 0 0 265 272 291 324 356 436 442 529 532 585 617 981
8.07600950119 1.81451612903 14 0 1 5 8 13 16 17 24 31 31 31 32 41 41 0 116 256 310 397 464 478 689 738 771 836 861 933 946
97.6247030879 41.5322580645 14 0 2 4 17 22 25 28 30 34 34 38 41 44 48 0 113 166 289 289 293 337 381 426 644 744 836 885 899
30.6413301663 60.2822580645 14 0 0 0 1 6 7 16 17 18 28 32 36 38 46 0 201 395 417 626 631 703 719 738 771 900 968 999 999
45.1306413302 14.314516129 14 0 3 11 14 18 20 22 24 31 35 37 38 40 48 0 178 291 432 455 506 536 680 729 748 830 879 941 995
35.6294536817 65.7258064516 14 0 1 4 5 21 22 27 30 39 42 43 43 44 49 0 202 216 255 265 419 472 608 633 684 781 801 810 971
100.0 12.2983870968 14 0 0 9 9 10 15 20 21 36 38 39 43 47 47 0 181 309 535 541 650 745 789 833 930 955 961 969 982
41.3301662708 0.0 14 0 14 14 14 15 16 18 25 26 28 30 32 44 48 0 161 248 251 367 381 382 587 698 750 804 834 963 995
14.7268408551 26.0080645161 14 0 1 19 21 23 25 32 34 35 38 38 42 42 45 0 142 155 155 184 201 231 330 457 486 923 937 959 975
66.270783848 17.1370967742 14 0 14 18 24 24 25 31 34 39 41 46 46 48 48 0 112 120 131 176 395 426 605 624 695 702 751 855 960
31.8289786223 52.6209677419 14 0 5 8 11 18 21 23 29 32 33 37 41 46 47 0 151 235 271 299 391 489 540 545 585 757 797 890 908
73.6342042755 75.4032258065 14 0 5 23 24 25 26 29 34 37 39 41 42 44 49 0 127 132 295 333 396 445 526 539 578 717 786 907 943
92.8741092637 39.1129032258 14 0 10 10 12 16 18 19 19 23 30 32 34 43 45 0 135 140 161 163 181 201 222 473 479 633 803 823 931
66.0332541568 56.25 14 0 9 12 12 13 13 21 23 30 31 39 46 47 49 0 319 353 383 384 471 614 755 823 839 890 936 959 978
29.6912114014 50.0 14 0 6 9 16 21 23 29 31 34 34 36 37 48 49 0 0 341 382 403 427 474 574 593 600 615 772 976 981
24.703087886 43.3467741935 14 0 0 2 8 17 18 25 36 37 38 42 43 43 45 0 0 140 141 177 396 429 553 560 712 739 829 965 981
37.5296912114 53.4274193548 14 0 4 6 8 15 22 24 26 31 33 37 37 46 48 0 165 286 293 363 532 585 646 764 854 917 978 982 987
62.945368171 63.1048387097 14 0 6 8 12 15 17 19 23 24 30 31 33 44 45 0 121 243 354 420 450 567 613 757 762 825 838 876 920
51.7814726841 45.564516129 14 0 0 1 22 22 25 26 27 29 30 37 43 43 48 0 0 254 483 501 506 590 634 648 782 805 893 916 975
63.8954869359 60.4838709677 14 0 5 6 6 12 20 20 25 25 35 36 42 44 46 0 0 225 284 367 417 425 438 527 605 649 693 727 937
16.1520190024 31.4516129032 14 0 6 12 16 16 19 21 25 25 28 30 40 45 46 0 321 363 454 481 497 532 555 566 616 644 693 765 912
62.2327790974 35.685483871 14 0 7 11 16 24 31 38 40 42 43 44 48 48 49 0 154 217 227 337 509 586 656 691 800 872 872 887 945
17.3396674584 65.3225806452 14 0 2 3 4 5 9 9 18 22 26 39 41 46 48 0 133 167 291 352 368 378 383 522 670 674 698 708 754
72
32.5174825175 41.7004048583 6
66.0839160839 78.9473684211 4
63.8111888112 58.5020242915 2
32.3426573427 88.6639676113 3
60.1398601399 36.2348178138 5
59.4405594406 50.4048582996 5
81.1188811189 19.8380566802 9
74.1258741259 12.7530364372 1
86.3636363636 63.7651821862 1
43.8811188811 23.4817813765 8
77.2727272727 47.1659919028 6
53.4965034965 32.7935222672 5
59.7902097902 73.2793522267 5
38.4615384615 76.3157894737 4
69.4055944056 54.048582996 5
63.1118881119 71.6599190283 6
56.8181818182 64.979757085 5
55.7692307692 61.1336032389 7
36.013986014 50.6072874494 3
100.0 55.8704453441 3
56.6433566434 100.0 5
52.0979020979 60.7287449393 5
74.4755244755 66.8016194332 7
63.1118881119 68.4210526316 1
76.048951049 26.1133603239 4
43.006993007 41.7004048583 6
64.6853146853 59.1093117409 1
96.5034965035 69.6356275304 5
75.6993006993 64.5748987854 2
74.1258741259 29.5546558704 6
66.4335664336 51.6194331984 4
72.7272727273 62.3481781377 9
85.1398601399 87.044534413 5
90.2097902098 60.7287449393 9
67.3076923077 72.8744939271 4
84.6153846154 66.8016194332 9
80.4195804196 35.4251012146 9
0.0 80.1619433198 6
50.6993006993 96.963562753 8
88.1118881119 58.2995951417 8
67.8321678322 54.8582995951 2
78.3216783217 71.2550607287 4
56.993006993 58.5020242915 3
62.5874125874 75.7085020243 9
63.4615384615 45.5465587045 8
44.9300699301 58.0971659919 2
71.5034965035 37.044534413 8
70.2797202797 78.9473684211 3
56.8181818182 42.3076923077 7
62.7622377622 44.3319838057 9
68.006993007 47.3684210526 9
83.5664335664 80.5668016194 3
64.5104895105 63.967611336 9
73.951048951 78.9473684211 6
50.8741258741 51.2145748988 5
75.8741258741 31.3765182186 6
61.8881118881 95.7489878543 5
60.3146853147 37.4493927126 2
59.2657342657 39.2712550607 6
60.3146853147 66.3967611336 9
50.8741258741 80.3643724696 2
77.7972027972 41.9028340081 1
79.020979021 28.3400809717 8
64.8601398601 55.6680161943 8
77.6223776224 77.7327935223 5
71.5034965035 0.0 1
70.979020979 76.1133603239 7
39.1608391608 51.6194331984 6
54.5454545455 56.2753036437 1
50.3496503497 58.7044534413 4
92.4825174825 59.9190283401 9
81.2937062937 64.1700404858 6
