284
66.8276972625 23.1578947368 24 0 1 2 5 8 8 9 15 15 20 26 26 27 30 31 32 32 33 36 36 42 43 48 49 0 108 110 113 279 298 304 314 329 336 340 411 521 536 541 577 642 658 731 802 909 929 953 963
76.8115942029 52.4561403509 24 0 1 4 6 9 11 14 16 17 23 23 27 31 36 36 37 37 37 38 38 42 44 47 48 0 237 286 302 355 434 481 526 550 557 581 602 610 622 631 706 732 760 762 807 849 910 929 943
51.5297906602 38.7719298246 24 0 1 4 7 7 8 11 16 19 19 20 20 20 22 23 27 28 30 32 35 39 41 42 45 0 156 214 347 387 409 411 497 512 539 556 576 583 718 762 777 806 834 860 951 951 958 968 975
57.0048309179 59.298245614 24 0 0 0 1 6 10 15 16 18 18 21 22 24 24 26 29 33 33 34 35 36 43 46 48 0 212 247 264 284 290 345 363 388 425 497 555 556 633 745 818 848 850 881 933 959 980 992 993
55.5555555556 34.7368421053 24 0 2 4 5 6 11 11 20 23 23 23 26 28 31 31 40 41 42 43 44 45 46 47 47 0 0 139 192 233 253 279 300 302 331 408 409 451 464 599 609 610 699 741 755 817 887 896 994
35.4267310789 57.1929824561 24 0 2 3 4 4 6 8 8 12 12 13 14 18 18 19 20 20 24 29 38 39 41 43 43 0 111 121 151 159 178 227 245 316 356 390 513 525 556 567 640 651 695 727 752 752 846 969 995
37.037037037 34.5614035088 24 0 1 2 2 5 6 10 11 14 16 22 24 28 31 31 34 38 39 43 45 46 46 48 48 0 181 242 307 435 446 513 550 615 680 681 718 762 824 835 846 847 890 898 936 944 950 967 986
52.0128824477 53.6842105263 24 0 0 1 3 5 9 15 16 16 17 18 19 22 23 25 27 35 35 37 38 39 40 45 47 0 205 206 278 319 329 365 385 445 473 477 480 545 546 547 587 599 603 607 647 659 764 863 985
54.267310789 19.4736842105 24 0 1 1 2 4 8 14 15 15 18 19 25 26 26 36 36 37 37 44 44 45 46 49 49 0 103 105 123 236 261 316 338 351 384 407 414 435 465 481 482 613 632 701 781 785 813 823 969
32.5281803543 21.2280701754 24 0 3 4 4 6 14 18 18 19 21 23 27 33 33 34 35 37 37 37 44 44 45 46 46 0 103 149 209 287 288 375 414 450 452 638 718 734 744 758 763 769 774 808 844 847 852 885 888
61.6747181965 25.6140350877 24 0 0 7 10 12 13 15 16 20 22 23 24 27 30 30 32 34 35 39 40 43 43 48 49 0 171 173 264 278 297 308 354 389 412 417 461 487 493 529 544 761 800 831 868 870 883 953 967
32.0450885668 58.7719298246 24 0 3 4 6 8 9 13 15 17 19 19 19 20 21 23 23 24 25 27 28 31 31 35 46 0 247 249 281 289 295 396 414 461 518 519 524 532 544 633 634 661 734 741 810 848 895 913 948
35.2657004831 55.4385964912 24 0 0 4 7 7 10 12 13 14 15 19 20 22 26 28 31 31 32 32 33 36 36 45 49 0 134 191 205 206 206 215 288 307 339 365 379 382 404 413 443 472 480 524 613 693 783 969 991
23.9935587762 22.9824561404 24 0 2 3 4 8 13 15 18 19 22 24 26 28 31 32 32 34 39 41 41 43 45 46 48 0 100 137 232 235 317 322 378 426 465 481 486 519 527 560 583 596 632 682 786 798 807 880 959
75.5233494364 22.2807017544 24 0 0 0 4 5 6 9 12 12 13 14 18 19 20 22 24 27 28 29 32 32 40 42 47 0 265 293 418 454 456 475 476 491 516 537 635 666 669 681 691 704 710 745 778 866 911 959 977
62.8019323671 36.8421052632 24 0 3 7 7 8 9 10 13 14 17 21 21 24 24 25 26 31 40 40 42 42 46 48 49 0 117 123 147 148 174 185 355 406 408 473 556 571 625 743 748 749 823 830 838 855 866 899 961
41.8679549114 50.701754386 24 0 1 2 5 6 7 12 17 20 21 23 24 25 31 32 34 35 35 35 37 45 46 47 49 0 131 166 192 241 350 390 408 431 454 467 525 562 571 573 611 677 691 780 879 886 919 958 967
53.1400966184 39.1228070175 24 0 0 1 1 6 6 6 7 10 13 18 25 32 33 33 33 34 40 41 42 42 43 48 49 0 0 123 188 211 270 384 410 420 432 489 495 499 658 750 806 812 874 882 906 911 935 971 982
23.0273752013 60.8771929825 24 0 0 5 5 7 8 10 14 20 23 25 25 28 31 32 32 35 40 40 41 42 42 47 48 0 109 194 240 274 278 280 300 350 358 388 497 565 653 669 672 683 791 794 807 875 883 947 953
56.3607085346 50.0 24 0 0 6 7 8 9 10 10 11 11 16 16 18 23 25 28 29 31 33 33 38 40 40 46 0 0 101 107 210 284 286 319 372 429 485 492 552 553 590 592 611 624 635 669 702 773 950 994
17.8743961353 41.0526315789 24 0 0 0 2 5 7 12 13 14 20 23 24 26 30 35 37 37 37 39 40 42 44 45 47 0 134 135 161 302 417 443 508 523 527 621 649 650 653 671 686 736 744 838 840 860 908 938 995
52.8180354267 36.4912280702 24 0 0 0 0 5 10 12 13 20 20 22 22 23 27 31 32 33 39 40 40 41 43 46 49 0 182 232 246 247 257 286 306 319 361 410 469 503 506 568 662 730 784 833 892 912 973 986 997
40.4186795491 36.6666666667 24 0 1 3 3 4 4 4 17 17 21 25 27 30 34 35 36 37 37 37 39 42 42 46 49 0 0 105 152 191 242 261 292 302 327 456 469 517 618 619 642 653 660 688 737 811 812 827 884
21.9001610306 96.8421052632 24 0 1 3 3 4 5 7 11 14 20 26 26 32 33 37 39 40 40 42 42 43 47 48 48 0 109 160 163 215 265 315 358 361 380 384 384 447 448 472 481 615 664 705 766 781 920 944 958
56.6827697262 43.3333333333 24 0 3 3 4 4 5 6 6 8 8 10 16 16 17 17 18 18 19 22 24 35 39 40 49 0 170 220 254 261 282 325 344 349 374 379 391 480 560 585 688 699 796 846 872 884 903 958 979
64.0901771337 37.0175438596 24 0 1 1 4 9 11 15 18 19 22 23 26 27 28 30 31 32 36 37 37 38 39 45 49 0 149 284 319 364 370 481 509 536 555 566 568 653 677 697 720 874 876 893 917 921 943 964 981
74.7181964573 38.4210526316 24 0 1 2 4 6 8 13 14 14 15 17 23 24 25 32 33 37 39 39 42 44 46 46 46 0 0 102 110 194 228 241 291 309 377 413 440 464 541 543 562 629 719 725 751 780 897 971 976
62.962962963 48.4210526316 24 0 0 1 6 6 8 8 8 12 13 16 17 24 25 26 27 29 36 36 36 37 37 39 47 0 0 136 184 201 201 264 265 281 333 369 378 386 388 394 483 525 552 611 690 734 773 902 992
47.9871175523 38.2456140351 24 0 3 4 9 9 10 10 12 13 14 15 19 22 24 27 30 30 32 33 33 33 33 36 41 0 112 128 136 208 312 359 377 380 413 485 495 509 530 590 620 654 743 746 867 874 925 943 971
59.9033816425 57.0175438596 24 0 0 3 3 7 8 17 19 19 19 22 25 26 29 32 33 35 41 41 43 44 46 47 49 0 176 177 210 214 220 233 256 310 319 348 368 418 438 473 498 521 572 664 667 756 765 792 838
58.7761674718 25.4385964912 24 0 5 5 8 8 8 8 15 15 19 19 21 22 25 26 27 30 34 36 40 41 41 46 47 0 0 119 191 201 311 320 341 382 405 418 432 444 463 601 686 688 838 845 848 856 926 938 953
62.962962963 64.7368421053 24 0 7 9 11 11 12 14 17 19 20 20 21 25 28 30 33 33 35 36 39 40 43 47 47 0 113 128 142 240 253 266 275 277 312 366 442 481 498 507 581 668 674 843 939 948 959 972 992
53.3011272142 77.0175438596 24 0 2 2 6 11 12 16 17 18 27 27 29 31 34 36 37 40 40 40 42 43 48 49 49 0 0 131 202 203 223 225 237 249 311 355 395 523 526 584 607 611 612 622 624 643 756 928 957
53.46215781 62.1052631579 24 0 2 13 15 15 17 18 19 20 22 22 22 23 26 27 29 32 34 42 43 44 45 46 49 0 138 150 246 326 359 373 379 401 441 498 641 645 692 729 744 754 798 815 842 850 935 946 985
76.8115942029 62.4561403509 24 0 0 1 3 5 5 6 9 11 11 15 15 18 19 28 29 30 34 34 39 41 41 48 49 0 0 141 152 171 192 210 224 273 404 428 495 598 628 637 751 752 816 842 847 851 852 879 964
58.9371980676 68.4210526316 24 0 2 3 4 6 8 9 12 15 16 18 19 29 31 34 37 37 38 40 43 45 47 48 49 0 117 155 204 211 225 236 404 415 495 539 566 592 614 634 704 718 737 769 800 861 910 932 947
31.5619967794 8.24561403509 24 0 8 9 10 13 13 18 19 19 20 28 28 29 30 30 35 37 37 38 41 41 41 47 48 0 127 151 160 176 195 235 246 310 322 322 367 441 497 538 557 643 721 804 838 874 881 883 908
64.0901771337 65.4385964912 24 0 6 8 9 9 10 12 12 14 15 15 16 18 21 26 26 32 34 35 37 38 46 47 48 0 186 221 247 324 361 376 419 454 472 506 509 534 648 650 686 708 731 764 807 811 816 900 910
65.2173913043 49.1228070175 24 0 1 3 4 4 5 7 8 8 9 9 12 18 20 22 25 31 33 37 37 45 46 47 49 0 202 203 213 263 292 301 320 452 466 511 543 548 596 601 606 655 726 748 753 776 886 917 956
94.847020934 40.701754386 24 0 0 3 4 6 13 15 16 17 21 25 26 26 31 34 36 36 38 41 42 43 45 46 48 0 145 261 284 307 433 442 451 572 625 638 661 744 758 789 826 847 872 875 883 924 948 953 969
40.4186795491 47.3684210526 24 0 0 1 4 5 10 10 10 12 16 16 19 24 25 26 26 28 30 33 38 39 42 48 49 0 115 256 258 267 272 357 397 438 444 494 529 547 547 610 614 673 701 744 786 824 828 833 991
52.1739130435 43.5087719298 24 0 1 2 2 6 9 9 11 16 20 21 22 24 24 25 26 33 33 34 40 42 47 48 48 0 129 137 195 233 286 302 302 302 385 534 547 572 607 620 682 717 767 808 822 897 898 977 988
37.6811594203 31.2280701754 24 0 1 2 3 13 13 14 16 18 18 19 20 21 22 24 28 30 32 38 44 44 45 47 47 0 0 218 246 350 354 356 377 391 479 526 540 555 610 612 630 681 696 735 834 841 853 890 975
42.6731078905 26.6666666667 24 0 2 3 3 4 6 9 11 16 18 20 21 22 24 24 25 30 34 39 42 43 43 46 49 0 0 143 155 193 307 310 311 332 389 392 429 444 453 488 551 560 721 780 796 832 872 903 996
45.4106280193 68.7719298246 24 0 0 4 4 5 7 10 12 16 18 19 21 23 24 25 29 32 36 37 39 39 39 42 48 0 0 115 193 237 315 335 417 422 476 511 543 552 641 695 707 727 754 782 802 841 881 908 979
58.4541062802 52.6315789474 24 0 1 2 2 4 7 8 11 14 15 17 20 20 21 23 25 26 26 26 28 30 32 33 36 0 101 130 236 271 273 316 331 335 353 365 375 398 428 444 502 577 582 583 602 746 783 843 992
49.7584541063 45.0877192982 24 0 2 2 4 7 7 10 10 12 14 15 22 23 35 35 36 36 36 38 39 39 41 46 49 0 151 213 224 229 230 234 336 393 437 504 519 526 531 557 569 740 745 815 870 893 898 942 952
17.0692431562 41.4035087719 24 0 0 4 5 6 7 7 9 10 11 12 13 14 16 19 25 36 40 40 41 46 47 47 48 0 115 185 214 269 286 295 322 395 462 495 527 577 635 637 674 689 709 801 832 891 933 958 990
52.6570048309 52.4561403509 24 0 0 0 1 4 6 9 11 13 16 17 18 21 22 23 24 24 25 25 27 36 42 43 47 0 139 150 152 187 211 242 258 283 319 352 383 385 404 418 509 534 545 616 721 739 783 887 970
65.3784219002 24.0350877193 24 0 4 4 6 6 6 6 23 24 24 25 25 29 31 37 37 38 38 38 39 40 42 43 43 0 113 127 153 280 320 387 421 483 492 513 577 596 611 617 663 675 703 737 763 913 917 951 987
41.0628019324 12.1052631579 24 0 1 2 2 4 4 5 6 10 17 17 19 21 26 28 29 29 31 34 36 39 39 40 41 0 0 116 149 169 248 349 418 423 478 510 523 659 724 784 836 851 864 893 903 925 953 992 993
44.9275362319 51.4035087719 24 0 5 8 9 10 12 18 22 24 25 26 27 30 31 31 37 37 42 43 45 45 47 48 48 0 0 133 166 167 192 222 243 280 326 326 421 444 580 588 627 628 637 670 756 837 874 929 959
36.5539452496 61.4035087719 24 0 1 3 4 4 6 8 9 11 11 14 18 23 24 29 30 35 36 37 39 42 42 42 47 0 138 298 316 352 364 393 398 478 512 512 552 556 572 589 652 657 796 848 851 887 892 905 951
69.2431561997 59.1228070175 24 0 1 1 3 6 8 9 14 14 16 19 19 21 22 22 23 24 30 30 37 37 37 40 48 0 168 185 214 244 269 304 433 452 458 495 511 576 600 653 771 771 789 830 834 897 919 928 971
47.0209339775 63.6842105263 24 0 0 3 7 10 10 11 11 12 16 17 17 21 22 23 23 29 30 30 32 34 36 42 44 0 131 225 297 299 312 371 402 404 478 513 518 530 593 624 646 657 668 679 689 717 782 804 989
56.038647343 52.4561403509 24 0 4 6 8 8 12 12 13 15 15 16 16 17 19 19 19 20 27 29 32 34 41 42 47 0 0 164 190 203 215 225 255 276 284 288 294 333 365 373 388 530 532 608 709 731 779 781 847
46.3768115942 52.9824561404 24 0 4 5 7 7 8 8 9 11 15 16 17 21 21 24 30 38 42 43 44 44 46 47 48 0 208 209 276 283 304 378 397 397 421 495 542 543 587 623 631 667 742 766 781 834 840 920 956
52.4959742351 28.2456140351 24 0 0 4 4 6 7 7 12 12 12 13 17 21 24 24 26 32 34 35 36 38 41 47 49 0 350 377 433 447 447 496 496 498 616 626 673 719 725 774 794 838 865 867 868 941 981 988 996
52.9790660225 22.9824561404 24 0 2 7 9 10 17 21 24 29 32 32 34 34 34 36 36 39 41 42 45 45 47 48 49 0 143 229 326 356 360 421 426 509 521 537 545 739 746 750 754 807 865 915 924 928 948 949 984
77.616747182 26.4912280702 24 0 2 4 9 11 14 14 15 18 19 19 21 22 22 23 27 29 31 34 35 35 37 37 49 0 167 222 228 274 281 301 307 359 407 410 463 552 581 684 694 707 712 759 917 924 932 938 983
34.7826086957 24.5614035088 24 0 1 2 3 4 5 7 8 8 12 12 21 21 21 22 26 27 27 27 30 33 34 45 46 0 0 108 113 378 408 417 431 449 462 529 545 546 592 630 646 675 698 703 739 740 756 891 956
35.1046698873 44.3859649123 24 0 2 3 4 6 7 7 9 9 11 18 19 20 21 21 30 31 31 32 32 33 34 45 46 0 0 116 200 201 212 226 253 365 413 435 437 465 507 517 518 580 626 707 773 802 827 882 987
33.1723027375 32.9824561404 24 0 2 2 4 5 5 7 12 22 22 24 26 29 30 32 33 35 39 39 40 40 41 43 48 0 212 279 289 293 297 380 405 410 469 509 538 630 681 760 814 816 866 937 937 942 956 960 973
62.4798711755 49.298245614 24 0 1 2 6 6 8 11 17 18 19 20 24 24 26 27 28 34 35 36 37 38 41 42 43 0 0 119 232 273 329 434 477 578 596 610 612 686 696 757 792 813 835 853 869 885 894 899 977
73.5909822866 52.2807017544 24 0 1 1 6 8 11 22 24 24 25 26 27 39 39 41 42 43 43 44 45 46 47 48 49 0 0 110 254 296 348 363 367 370 504 565 634 655 666 680 708 731 816 819 834 837 857 887 995
38.1642512077 25.7894736842 24 0 2 5 10 11 14 15 15 18 19 21 31 31 32 33 34 38 41 41 41 41 44 46 48 0 0 134 148 164 300 312 325 326 378 387 550 576 580 610 641 700 780 784 796 884 955 969 980
71.6586151369 43.6842105263 24 0 2 2 3 3 4 7 12 13 16 17 20 23 24 27 31 34 35 38 42 47 47 48 48 0 224 263 271 302 363 387 432 435 526 536 571 619 627 719 740 783 801 828 875 877 880 895 970
62.8019323671 90.350877193 24 0 9 11 11 13 13 15 16 18 19 22 22 25 27 30 31 32 35 36 37 41 44 45 46 0 132 229 250 282 357 382 451 593 603 614 621 687 692 714 735 743 765 878 941 949 971 980 993
52.9790660225 59.298245614 24 0 0 0 4 4 6 8 11 15 16 17 21 23 24 27 30 36 37 38 41 41 43 44 47 0 112 162 243 247 254 280 355 404 522 632 683 695 728 747 751 761 763 776 826 893 924 936 999
61.5136876006 20.701754386 24 0 3 4 4 7 9 12 14 15 17 18 18 19 19 21 21 29 32 35 37 38 38 40 41 0 103 154 183 232 244 245 290 302 306 362 554 619 636 651 682 709 845 852 862 900 928 957 963
52.0128824477 44.3859649123 24 0 2 3 3 11 15 17 24 26 27 28 28 33 39 39 40 40 40 42 42 43 45 46 47 0 225 240 256 259 264 299 329 342 437 448 475 503 559 566 568 614 665 703 742 818 909 991 997
39.9355877617 59.298245614 24 0 0 0 1 1 8 15 17 18 19 24 26 30 30 33 34 35 37 42 43 45 46 49 49 0 108 183 257 308 335 395 417 458 508 512 610 631 640 649 685 713 728 784 791 791 890 916 967
53.1400966184 45.0877192982 24 0 3 7 12 13 14 14 15 15 15 18 18 20 22 23 27 28 35 38 42 45 45 47 48 0 110 132 167 180 195 300 308 319 354 406 414 447 457 551 564 604 625 680 757 763 868 915 950
45.732689211 75.6140350877 24 0 0 0 2 3 4 8 10 11 11 12 16 20 24 24 25 32 33 37 40 40 42 44 48 0 0 171 183 191 202 222 281 314 322 404 417 422 489 509 567 577 622 668 708 785 876 896 966
50.0805152979 73.8596491228 24 0 3 3 4 11 11 13 19 22 25 26 27 27 28 28 31 31 34 35 36 39 39 40 43 0 170 181 183 231 337 360 373 392 401 418 420 425 472 501 543 547 551 689 742 780 896 988 991
57.6489533011 38.2456140351 24 0 6 9 11 15 16 16 22 24 24 25 26 27 32 32 36 36 39 39 43 44 47 48 49 0 0 101 127 233 285 314 319 343 406 407 408 458 561 608 683 690 771 772 823 845 893 915 946
57.9710144928 46.3157894737 24 0 0 1 1 1 2 2 4 9 11 13 16 19 20 28 29 32 32 34 35 39 41 43 47 0 167 208 228 252 283 373 381 386 391 398 434 474 492 496 538 545 650 696 779 804 811 848 958
19.4847020934 71.0526315789 24 0 1 4 5 8 10 12 12 13 14 16 19 20 21 23 27 28 28 29 31 34 38 43 46 0 172 232 267 299 323 341 356 394 413 477 480 507 510 544 544 652 721 777 810 897 898 951 982
20.4508856683 70.701754386 24 0 3 8 9 9 19 20 21 23 23 27 28 29 30 31 35 36 39 40 43 44 46 48 49 0 124 127 218 247 393 409 414 447 452 476 547 619 628 629 657 667 744 921 921 930 934 955 961
75.3623188406 61.9298245614 24 0 1 3 5 7 7 8 11 14 16 19 20 22 25 25 25 25 27 27 36 37 41 44 49 0 106 190 223 227 250 315 355 398 470 476 606 640 659 684 797 836 840 866 872 901 937 968 978
19.3236714976 90.5263157895 24 0 1 2 3 7 7 9 9 15 16 17 19 24 24 26 26 27 28 30 39 43 43 45 47 0 0 211 215 218 221 226 239 300 399 404 428 490 590 606 617 636 690 708 841 894 926 988 994
51.690821256 57.1929824561 24 0 2 4 6 6 7 9 11 15 15 19 21 23 24 27 29 31 36 39 39 41 42 48 48 0 0 107 124 127 215 231 310 313 338 361 402 429 630 663 675 686 753 953 958 964 975 977 998
90.3381642512 52.9824561404 24 0 4 8 9 9 11 14 15 17 17 18 19 23 29 29 30 31 33 33 35 38 43 45 49 0 0 103 194 270 282 295 304 411 444 445 568 569 570 619 656 658 711 719 795 823 892 933 966
66.5056360709 60.0 24 0 2 5 6 10 11 13 15 17 18 18 19 26 28 29 30 35 35 36 36 40 43 43 45 0 140 147 177 355 364 366 431 445 470 493 512 526 561 602 637 704 780 800 816 821 832 857 964
48.309178744 47.0175438596 24 0 0 3 8 8 17 20 20 20 21 21 24 24 28 29 31 37 38 39 39 41 43 45 46 0 111 128 156 210 226 235 243 252 274 287 301 303 322 504 627 661 778 830 848 862 890 980 998
70.8534621578 38.4210526316 24 0 1 1 1 2 6 10 11 15 18 22 23 24 24 26 27 29 31 34 35 39 39 40 46 0 234 306 322 324 351 413 415 426 432 437 533 564 644 675 686 702 720 758 800 814 938 963 976
36.0708534622 40.0 24 0 0 4 4 6 6 9 10 17 17 20 21 21 27 28 29 34 35 36 38 39 40 44 48 0 0 102 120 131 168 201 225 347 358 383 422 427 474 497 568 575 646 646 728 807 823 827 992
52.6570048309 58.2456140351 24 0 5 7 7 8 8 9 14 15 16 17 20 20 23 24 24 33 35 38 39 41 43 45 47 0 119 175 189 222 258 268 340 344 345 372 381 421 551 599 619 639 664 798 848 937 981 984 989
51.3687600644 63.3333333333 24 0 9 14 17 18 20 20 21 25 26 27 30 30 31 32 35 35 36 36 40 42 45 46 46 0 0 102 140 141 199 244 278 315 319 393 438 503 537 626 645 762 772 796 818 835 862 866 916
52.0128824477 63.5087719298 24 0 1 7 9 11 12 12 13 18 23 25 31 32 32 33 37 38 41 42 42 45 47 48 49 0 226 276 297 366 397 478 486 504 565 614 615 670 715 767 792 820 874 895 908 916 921 958 968
45.2495974235 77.8947368421 24 0 0 5 6 7 15 16 18 22 29 30 30 31 31 36 39 40 43 44 46 46 47 47 49 0 255 264 313 339 393 405 458 489 503 516 585 585 590 608 699 709 798 830 858 875 894 905 958
58.1320450886 64.2105263158 24 0 2 3 5 9 10 14 15 21 21 24 25 26 26 27 28 32 36 36 39 41 42 43 48 0 0 128 140 200 261 274 298 323 333 378 392 541 635 724 787 801 822 829 841 857 857 895 917
58.9371980676 58.5964912281 24 0 1 1 12 16 16 17 18 19 20 24 25 25 26 28 28 31 31 32 33 40 44 45 46 0 109 111 219 257 264 312 329 337 446 456 511 514 516 606 619 640 655 673 684 702 733 797 929
87.2785829308 50.8771929825 24 0 2 7 7 7 9 12 16 17 21 22 22 22 23 23 24 26 30 33 40 41 43 46 49 0 130 159 265 285 287 287 305 421 436 490 511 599 601 628 637 644 659 761 783 791 831 931 944
27.2141706924 0.0 24 0 0 1 5 12 12 14 14 15 21 24 26 27 28 29 33 34 38 39 43 43 45 46 46 0 0 275 293 304 467 581 593 603 678 684 721 746 748 758 768 778 815 825 867 928 955 991 994
53.9452495974 63.8596491228 24 0 0 4 6 10 10 14 16 18 18 19 22 31 33 35 35 41 42 44 45 46 46 47 48 0 187 187 237 314 330 393 427 541 556 579 610 611 651 677 687 719 743 781 795 844 867 922 966
55.2334943639 28.2456140351 24 0 5 10 10 11 12 17 20 21 22 22 24 26 34 35 36 36 37 37 40 41 42 48 48 0 0 335 357 360 388 408 535 543 570 639 643 656 680 698 791 815 817 855 883 947 950 989 994
62.6409017713 64.2105263158 24 0 2 7 8 13 16 19 19 20 23 24 24 24 26 30 32 32 33 34 39 40 41 44 48 0 122 197 242 253 320 378 380 402 409 438 499 560 613 619 642 687 747 754 774 794 811 888 921
67.3107890499 43.6842105263 24 0 1 3 3 4 5 12 14 15 17 17 25 26 31 34 37 37 39 39 41 42 42 42 43 0 0 100 162 175 183 185 232 322 404 493 494 508 578 801 803 824 827 843 871 894 911 967 986
68.115942029 65.4385964912 24 0 1 9 14 16 16 17 19 25 29 30 35 35 37 40 40 41 43 45 46 46 47 48 49 0 138 148 171 367 368 376 405 429 436 496 505 529 533 548 608 635 711 723 802 868 888 899 988
57.8099838969 58.5964912281 24 0 4 7 8 18 18 23 23 26 27 29 31 31 32 39 42 42 43 43 44 44 46 46 48 0 140 169 177 223 288 343 381 396 432 478 512 563 571 608 631 648 802 815 832 862 887 914 938
49.4363929147 62.8070175439 24 0 0 2 4 4 6 10 11 19 20 30 33 34 35 36 37 40 41 42 45 45 46 47 48 0 0 139 224 299 308 316 382 431 431 433 547 550 590 657 672 698 745 848 853 867 914 926 995
65.7004830918 37.3684210526 24 0 2 3 3 5 6 7 8 11 12 13 14 16 17 28 30 31 34 38 39 42 45 47 48 0 123 157 225 225 246 252 260 318 350 411 483 498 506 572 659 684 713 714 714 784 873 895 905
66.1835748792 90.701754386 24 0 8 12 16 19 20 21 24 25 25 25 26 27 29 38 38 39 41 41 41 42 43 48 49 0 160 250 283 300 325 344 348 385 394 431 485 563 579 627 656 721 735 783 842 845 883 903 932
69.2431561997 43.1578947368 24 0 0 3 7 10 12 13 15 21 21 24 29 32 35 37 37 39 40 40 43 46 47 48 49 0 110 131 161 298 338 341 435 497 505 509 548 632 635 658 708 724 747 775 851 887 893 894 912
31.2399355878 41.5789473684 24 0 4 5 6 8 12 17 19 20 20 21 21 21 25 27 28 32 38 40 40 44 45 47 49 0 226 235 292 323 357 371 379 418 460 493 533 538 585 636 654 744 781 782 818 865 885 885 914
35.2657004831 37.0175438596 24 0 2 5 7 7 8 11 12 13 13 14 16 17 17 18 21 21 30 32 40 40 43 44 47 0 124 160 167 199 219 360 379 410 426 473 523 620 622 677 680 709 802 819 838 871 938 968 978
54.267310789 79.4736842105 24 0 1 2 3 3 9 15 17 21 22 30 30 32 32 39 40 41 41 42 42 44 46 46 47 0 331 356 377 405 424 457 461 520 568 579 581 584 620 621 656 682 718 758 787 820 856 900 913
43.961352657 13.8596491228 24 0 2 3 5 9 10 11 16 16 19 23 24 25 27 28 31 31 32 34 39 44 45 48 49 0 0 113 126 167 219 243 296 314 337 392 536 606 623 681 710 726 819 839 847 852 955 972 997
40.7407407407 60.350877193 24 0 2 3 5 9 12 12 12 15 17 19 21 24 26 26 26 29 30 31 36 38 40 41 46 0 0 118 130 213 294 317 347 349 379 428 480 489 520 578 786 846 882 899 900 906 921 936 966
38.4863123994 41.2280701754 24 0 0 0 2 2 7 11 20 22 22 23 24 25 29 31 31 36 40 43 46 46 47 49 49 0 157 169 169 201 213 275 322 327 380 417 440 477 503 620 634 648 709 791 888 893 927 994 995
60.0644122383 57.7192982456 24 0 0 2 6 15 17 19 19 20 21 22 24 31 33 33 36 36 36 38 39 41 44 44 47 0 0 114 116 116 123 165 184 195 253 310 363 432 443 461 487 570 625 679 702 720 908 952 956
48.309178744 28.7719298246 24 0 4 5 6 7 13 13 14 17 18 18 18 19 20 20 23 30 30 31 32 37 40 43 48 0 132 200 221 239 256 295 305 384 576 609 627 654 700 744 747 809 828 858 860 895 944 969 971
62.6409017713 24.9122807018 24 0 3 3 4 5 9 15 16 18 27 28 33 33 34 36 36 37 42 43 43 43 43 48 49 0 234 249 264 275 295 364 402 517 518 523 527 540 591 621 653 709 743 772 858 881 897 904 998
55.5555555556 69.8245614035 24 0 0 1 5 6 11 16 17 18 20 20 21 22 24 29 32 32 35 35 36 38 39 44 48 0 165 173 194 243 342 418 470 561 579 603 629 629 738 739 765 781 797 820 865 897 915 917 990
78.421900161 42.4561403509 24 0 6 6 7 9 11 11 15 16 20 21 23 24 26 26 29 29 30 32 37 40 42 43 44 0 163 203 215 250 307 407 422 453 457 564 599 612 618 627 686 762 806 841 871 881 882 900 970
53.46215781 30.701754386 24 0 0 3 4 6 7 9 12 13 21 26 27 27 28 30 34 39 41 42 42 43 43 44 49 0 101 147 156 163 214 237 238 289 318 364 467 562 610 629 663 699 702 730 866 895 915 949 971
41.2238325282 62.8070175439 24 0 3 4 5 9 10 11 15 17 18 18 20 23 26 27 27 29 31 38 39 41 42 42 45 0 0 101 136 222 286 299 322 443 468 523 566 574 613 632 784 790 849 859 880 916 945 948 992
45.4106280193 21.4035087719 24 0 0 5 6 7 7 9 10 14 15 17 20 20 22 22 22 25 25 26 27 28 37 41 45 0 118 128 155 158 187 187 209 212 382 416 426 433 470 506 521 523 580 650 664 857 901 917 963
75.040257649 26.3157894737 24 0 1 2 3 5 8 10 14 17 18 20 21 23 24 28 31 31 33 36 39 44 45 48 49 0 119 174 247 261 304 368 394 404 426 478 492 539 647 679 687 729 737 757 767 851 862 871 924
50.885668277 44.7368421053 24 0 1 10 12 15 15 15 19 21 25 26 28 34 35 38 39 39 43 43 43 45 46 47 49 0 147 161 166 203 221 338 363 394 398 441 453 491 506 517 567 692 696 805 834 889 904 906 916
44.2834138486 54.2105263158 24 0 0 2 5 8 10 10 12 12 15 16 18 22 23 26 26 29 31 33 38 42 44 46 49 0 104 123 131 135 193 232 283 284 322 415 457 524 526 541 544 791 812 814 822 837 918 938 997
62.3188405797 42.6315789474 24 0 3 6 9 12 16 16 16 17 22 24 24 24 34 34 35 35 35 39 41 44 45 46 47 0 100 101 127 154 167 185 208 220 223 253 253 254 328 403 405 435 481 676 836 917 941 984 995
44.1223832528 72.1052631579 24 0 0 5 7 8 8 9 10 14 17 19 19 22 24 29 30 31 35 35 39 41 43 43 48 0 147 166 201 244 268 344 344 350 373 416 425 433 495 515 574 613 671 704 726 757 842 931 983
30.4347826087 7.01754385965 24 0 1 2 4 11 11 13 19 22 24 24 24 27 28 32 32 39 40 42 43 44 46 47 48 0 119 149 172 224 306 357 418 451 468 492 506 526 540 559 621 622 655 658 666 715 835 845 954
63.6070853462 43.3333333333 24 0 1 2 8 9 9 9 19 20 20 23 24 25 27 27 30 34 38 42 43 45 47 47 48 0 193 348 382 399 399 507 520 522 524 582 610 645 670 675 692 832 854 870 892 895 917 980 986
43.6392914654 26.6666666667 24 0 0 1 1 6 8 8 9 10 15 17 20 20 25 31 32 32 33 39 44 44 45 49 49 0 144 165 172 214 237 284 359 391 403 452 518 559 577 602 640 646 655 667 782 811 867 873 941
78.2608695652 31.5789473684 24 0 0 2 6 12 16 16 17 17 20 20 20 21 22 22 26 29 34 35 37 42 43 45 46 0 116 148 179 185 191 224 288 291 337 372 384 524 575 587 596 626 656 716 760 835 836 904 933
57.1658615137 51.0526315789 24 0 1 4 6 7 10 12 13 14 14 18 19 21 23 25 31 32 36 36 39 42 42 44 48 0 106 142 393 396 425 465 486 487 520 636 656 680 732 755 808 856 901 904 930 943 952 973 992
55.3945249597 59.8245614035 24 0 5 10 11 14 17 20 20 22 23 27 27 27 28 28 28 30 30 32 34 35 38 44 45 0 0 122 154 154 163 168 202 203 235 280 321 378 394 500 573 601 637 679 742 783 884 906 940
28.6634460548 45.0877192982 24 0 0 1 1 2 12 16 19 20 21 21 21 24 24 27 29 29 30 35 36 37 39 48 49 0 110 202 230 233 284 308 376 429 485 501 533 558 615 634 636 686 696 713 811 873 935 940 971
60.7085346216 59.1228070175 24 0 0 2 6 9 13 15 17 21 24 29 32 33 36 36 38 39 40 41 42 44 45 48 49 0 0 122 270 284 333 413 482 486 599 610 630 640 646 681 712 745 843 847 872 885 913 933 951
60.8695652174 64.7368421053 24 0 0 1 6 7 10 13 14 17 17 24 25 25 25 33 34 38 39 40 41 42 42 47 49 0 168 234 235 248 250 262 310 316 343 368 386 444 523 692 716 724 725 778 785 819 844 888 888
56.5217391304 47.5438596491 24 0 1 6 7 11 13 17 17 19 22 22 22 23 25 30 33 35 35 36 36 39 40 40 48 0 125 236 241 267 337 413 425 450 564 569 572 584 587 606 686 695 730 745 816 819 848 909 982
81.8035426731 49.4736842105 24 0 4 6 6 9 11 13 14 20 21 21 23 24 25 26 27 31 33 35 36 39 41 42 47 0 129 140 179 232 303 313 318 330 409 452 517 616 665 723 825 853 892 900 934 956 971 976 977
51.2077294686 34.7368421053 24 0 0 7 9 13 16 20 21 23 25 26 26 34 35 36 38 40 41 43 45 45 46 48 49 0 146 177 259 300 317 320 410 419 470 491 523 529 583 676 715 753 818 908 931 937 962 970 992
38.6473429952 74.0350877193 24 0 1 1 2 3 4 10 12 14 14 16 24 25 26 26 26 27 30 30 35 43 44 44 47 0 0 119 157 173 246 302 366 420 433 439 440 515 571 654 680 738 752 864 883 928 939 955 968
47.5040257649 20.1754385965 24 0 0 1 6 7 8 13 14 16 17 20 25 30 30 35 38 38 40 42 43 44 45 46 47 0 232 271 320 416 454 523 564 589 630 637 658 662 668 676 705 736 798 833 846 850 852 872 938
74.8792270531 32.2807017544 24 0 1 1 2 3 10 10 10 16 18 19 20 24 25 26 27 29 32 36 37 37 39 39 48 0 0 125 286 291 322 368 424 563 586 601 614 640 672 694 702 721 766 783 838 905 967 976 980
36.8760064412 72.4561403509 24 0 1 2 5 6 7 7 15 16 20 20 22 26 27 27 31 33 34 39 44 44 45 46 46 0 0 274 275 321 344 388 439 452 547 569 620 630 659 683 727 736 752 895 900 920 925 932 972
43.4782608696 69.4736842105 24 0 0 1 3 3 3 15 16 17 18 18 21 23 23 26 28 28 42 42 42 44 45 49 49 0 105 178 245 262 266 287 306 358 367 405 461 477 477 525 590 667 772 779 779 828 851 915 959
34.460547504 69.298245614 24 0 0 1 6 6 8 10 12 14 14 15 17 19 21 22 23 30 31 32 35 36 40 44 48 0 0 122 164 191 213 218 304 312 397 433 441 441 463 493 623 661 669 705 787 790 859 871 938
77.4557165862 50.0 24 0 1 1 4 9 10 13 15 20 20 22 25 25 26 27 27 30 32 32 35 35 37 38 44 0 186 198 219 253 292 363 395 411 501 507 525 545 552 602 617 627 646 664 704 729 734 774 808
57.8099838969 31.4035087719 24 0 2 5 7 13 15 15 18 18 23 28 30 31 35 35 36 39 40 40 41 41 42 43 45 0 103 178 183 189 190 232 248 455 477 487 494 544 573 664 722 745 768 802 844 845 884 929 940
50.5636070853 46.4912280702 24 0 1 3 5 7 8 8 11 12 13 13 14 15 17 18 22 22 24 32 35 36 39 46 46 0 159 255 271 360 401 442 457 491 516 596 612 671 690 698 699 727 805 852 869 911 918 929 978
42.8341384863 51.4035087719 24 0 8 12 13 15 17 17 18 20 21 23 23 28 29 31 31 35 37 37 38 38 46 47 48 0 206 290 314 368 398 428 443 458 496 502 648 683 688 716 732 748 768 784 814 819 869 913 980
23.9935587762 34.3859649123 24 0 0 0 2 7 15 15 16 17 21 22 24 25 26 26 29 34 34 36 37 37 39 45 46 0 113 143 166 216 263 344 360 366 387 462 569 588 686 714 729 735 827 881 907 915 934 935 946
49.114331723 55.2631578947 24 0 0 3 3 4 8 11 11 12 14 19 21 26 29 30 32 35 36 37 37 38 38 38 40 0 0 114 178 201 247 254 269 283 300 301 324 336 373 487 537 542 651 707 752 781 871 911 938
68.2769726248 63.5087719298 24 0 0 1 5 7 10 12 12 15 19 20 23 25 26 31 31 31 34 41 42 43 47 48 48 0 109 206 213 326 334 345 357 392 408 509 585 612 652 729 771 807 808 816 820 928 949 950 992
79.0660225443 42.1052631579 24 0 2 3 4 5 6 7 9 10 12 17 18 18 19 20 25 27 29 30 32 32 33 43 47 0 0 168 170 244 409 438 464 495 520 520 548 651 706 710 727 728 786 808 841 858 865 879 902
50.4025764895 71.4035087719 24 0 3 4 5 5 5 15 16 18 23 25 27 29 29 35 36 38 41 45 45 46 46 47 49 0 0 283 322 327 353 391 420 461 548 576 591 635 658 701 723 738 740 788 808 818 855 921 936
42.5120772947 63.5087719298 24 0 1 2 3 4 6 6 7 14 18 18 21 21 23 28 30 30 33 35 36 39 47 48 48 0 102 115 130 136 206 230 237 248 263 303 408 432 433 550 578 656 657 680 775 826 861 871 926
50.2415458937 25.7894736842 24 0 4 5 10 10 11 13 16 16 17 18 19 23 27 36 36 37 40 41 42 42 43 44 49 0 113 147 158 345 356 366 390 436 559 560 601 602 602 631 644 681 684 690 705 729 768 772 953
52.0128824477 35.7894736842 24 0 1 3 5 7 8 8 12 13 18 18 21 27 35 35 37 38 39 40 43 43 45 46 49 0 117 171 295 303 307 318 373 404 421 471 478 485 494 604 691 774 856 860 874 895 952 961 972
50.7246376812 42.1052631579 24 0 1 5 6 6 6 7 7 8 9 11 13 19 20 27 28 28 30 31 33 40 40 45 46 0 0 116 153 163 242 325 340 400 438 446 459 480 570 709 751 773 791 864 882 884 909 958 987
39.4524959742 61.2280701754 24 0 1 4 4 5 5 11 13 13 14 14 16 23 23 24 25 31 36 37 38 42 45 45 48 0 120 199 247 250 339 353 370 374 376 394 410 429 437 495 500 529 542 543 695 698 777 845 857
38.4863123994 40.701754386 24 0 0 0 1 1 2 14 15 19 21 26 29 33 33 34 38 41 42 43 46 47 47 48 49 0 103 144 153 165 196 245 347 353 374 435 519 523 593 626 654 741 742 825 838 843 850 904 974
65.8615136876 54.0350877193 24 0 1 6 6 6 9 11 12 13 13 14 18 22 24 24 25 25 27 32 33 34 34 41 43 0 0 164 176 272 280 325 326 332 343 355 372 391 469 787 793 793 836 844 850 945 968 978 993
44.6054750403 50.701754386 24 0 0 1 4 7 8 8 10 16 17 21 21 21 23 26 28 33 33 34 35 38 43 44 45 0 117 119 164 252 269 317 379 414 442 477 523 564 587 626 676 752 768 798 875 885 926 935 958
54.7504025765 51.7543859649 24 0 0 4 5 6 7 9 10 11 12 17 18 19 22 23 25 28 28 29 33 33 47 47 49 0 195 211 222 231 511 544 578 593 621 621 663 683 724 738 753 800 841 865 870 873 934 946 978
67.3107890499 68.4210526316 24 0 10 10 11 14 15 15 16 16 19 20 21 22 23 30 31 32 32 32 40 41 44 44 46 0 0 108 143 215 284 290 370 413 428 470 483 485 495 524 624 652 722 803 806 862 913 956 967
47.8260869565 51.4035087719 24 0 1 6 8 9 10 11 14 16 24 25 27 29 32 33 33 38 38 38 39 42 47 47 49 0 155 223 319 338 344 427 443 451 485 517 525 532 559 612 615 633 790 804 888 949 952 963 981
59.5813204509 58.2456140351 24 0 7 7 8 15 18 19 21 22 22 23 24 30 32 33 35 37 39 39 43 45 46 47 47 0 206 234 234 254 324 346 380 385 502 523 541 597 649 658 683 695 735 740 825 828 863 870 948
46.53784219 48.4210526316 24 0 1 2 3 7 9 11 12 13 14 17 25 26 26 28 29 29 30 35 36 37 39 47 49 0 0 112 146 161 257 277 325 371 375 377 387 391 418 461 462 463 476 669 698 713 879 943 965
67.3107890499 20.1754385965 24 0 0 1 2 3 4 5 6 8 11 12 13 19 22 23 26 32 34 38 44 45 46 47 49 0 0 166 198 268 307 340 509 522 551 566 610 625 637 698 758 777 780 833 855 861 867 945 989
74.5571658615 40.701754386 24 0 1 2 3 7 10 12 13 16 17 25 25 28 29 29 31 33 37 38 39 39 44 45 49 0 0 104 115 171 253 260 270 308 359 372 373 565 635 644 725 755 757 788 837 942 961 974 975
67.6328502415 48.7719298246 24 0 2 5 6 11 12 12 12 15 15 15 16 18 19 20 22 31 34 37 38 40 46 46 48 0 134 147 236 240 320 333 350 365 366 424 462 641 679 707 715 738 744 779 796 844 846 907 977
54.4283413849 32.1052631579 24 0 0 3 8 9 10 12 14 15 15 17 18 24 28 29 34 34 35 37 37 40 40 41 49 0 0 100 127 209 274 304 359 362 370 461 462 509 526 564 574 613 699 706 747 773 781 793 858
59.4202898551 59.298245614 24 0 2 2 4 6 11 19 22 22 24 26 27 31 32 32 33 34 36 38 39 40 45 48 49 0 110 208 274 279 295 331 385 393 416 449 453 494 618 625 638 669 690 736 754 756 897 940 988
78.5829307568 32.6315789474 24 0 0 1 3 3 8 9 10 14 14 15 15 21 26 27 29 34 37 43 45 45 46 47 48 0 143 228 311 325 369 386 441 454 454 459 530 542 624 669 731 738 745 785 789 822 838 921 954
49.7584541063 39.298245614 24 0 0 2 3 4 5 13 16 20 21 24 25 30 30 30 33 37 40 40 40 41 45 47 47 0 104 113 137 223 250 250 312 313 381 409 427 453 592 604 641 642 647 780 821 912 946 956 990
71.0144927536 17.7192982456 24 0 4 6 7 8 11 13 15 18 20 21 21 24 24 28 29 31 34 36 36 38 39 40 42 0 175 277 302 303 336 352 355 364 418 451 467 636 654 706 724 765 798 841 848 916 927 941 945
70.8534621578 72.2807017544 24 0 0 1 2 2 4 6 10 17 19 23 24 24 27 28 33 36 38 40 41 44 44 47 48 0 180 191 196 202 213 215 222 345 460 499 517 561 629 654 682 682 806 821 825 910 913 966 993
52.3349436393 64.5614035088 24 0 1 4 7 7 11 16 19 19 20 25 28 30 35 36 37 39 42 43 43 47 47 48 49 0 126 138 148 225 300 312 315 346 367 451 464 536 615 632 674 684 701 739 808 883 893 962 966
52.0128824477 28.7719298246 24 0 5 5 5 6 13 13 14 15 16 20 21 22 27 29 30 30 30 32 33 43 44 47 48 0 102 229 306 334 379 420 455 469 472 508 532 582 620 638 641 709 759 808 833 855 860 970 986
66.344605475 53.5087719298 24 0 4 4 6 7 7 9 13 22 22 22 23 31 33 35 36 37 38 39 41 44 46 47 47 0 181 216 243 259 266 340 383 413 468 508 530 639 671 704 715 729 785 834 878 928 943 995 997
22.8663446055 37.8947368421 24 0 0 4 5 24 25 26 26 27 28 28 28 30 30 34 35 36 36 41 43 44 45 47 49 0 103 145 199 240 323 343 490 496 500 516 629 692 725 730 772 786 825 852 896 909 926 964 996
56.1996779388 36.3157894737 24 0 3 4 8 9 12 13 13 13 14 21 21 23 26 30 31 35 35 36 41 41 43 48 49 0 136 142 196 241 302 321 330 333 443 562 568 609 616 731 735 819 821 838 856 859 942 966 987
63.2850241546 55.0877192982 24 0 3 5 7 8 10 12 15 15 18 21 21 21 24 27 27 36 40 44 44 45 46 47 49 0 158 258 285 442 452 475 491 544 564 603 667 682 766 792 834 865 873 883 883 885 896 939 990
49.2753623188 36.6666666667 24 0 1 2 5 5 8 13 14 15 18 19 23 28 29 33 36 36 40 41 42 42 44 44 48 0 0 166 203 215 233 331 342 355 495 520 557 593 597 629 664 721 734 779 806 837 905 932 998
56.5217391304 78.5964912281 24 0 0 2 6 7 16 20 24 24 26 26 29 30 31 32 34 35 36 37 39 40 46 47 47 0 101 101 145 198 229 251 269 324 373 398 483 484 485 485 498 543 609 684 758 836 970 976 982
69.0821256039 52.2807017544 24 0 2 8 9 10 12 14 14 14 18 19 24 30 31 34 36 37 38 41 41 42 44 46 49 0 0 108 160 231 252 252 258 352 411 423 436 506 569 593 621 693 705 735 850 876 913 920 989
48.309178744 19.1228070175 24 0 2 2 3 5 9 9 12 13 13 13 13 18 19 25 27 29 32 39 40 42 45 47 49 0 155 165 190 307 348 482 487 498 535 624 632 687 696 734 768 782 793 808 869 890 921 943 959
30.4347826087 75.9649122807 24 0 0 3 6 7 9 10 13 13 17 20 21 25 29 33 34 35 37 37 40 41 44 44 46 0 119 133 153 153 166 282 292 326 421 545 600 665 667 673 721 724 731 917 922 940 947 963 974
65.0563607085 78.2456140351 24 0 1 4 6 7 8 11 12 15 20 22 22 23 24 25 27 30 33 36 39 41 44 44 47 0 0 172 186 203 213 214 367 416 434 588 595 633 639 665 813 826 841 853 856 920 947 948 979
73.5909822866 39.4736842105 24 0 1 1 5 5 9 14 15 18 21 27 28 28 30 30 30 30 32 33 34 36 36 41 47 0 102 186 313 441 473 511 613 618 630 651 747 778 779 794 802 802 868 884 886 917 922 949 953
47.5040257649 64.9122807018 24 0 2 5 7 8 10 14 17 18 19 20 21 23 24 26 27 29 32 33 35 39 41 45 49 0 216 217 260 336 377 382 390 421 462 464 473 509 529 548 582 645 678 686 801 823 896 910 993
34.460547504 58.0701754386 24 0 9 9 10 17 18 19 22 22 24 28 29 29 29 32 34 34 36 41 44 46 46 48 49 0 0 107 159 278 292 305 383 421 456 481 517 544 670 679 686 713 722 769 786 860 878 887 967
8.85668276973 38.2456140351 24 0 4 4 10 12 13 14 16 18 20 22 22 25 30 31 33 34 34 40 41 43 43 46 49 0 224 241 252 253 278 402 405 424 432 441 447 582 591 599 617 647 695 746 815 869 928 942 993
56.6827697262 24.3859649123 24 0 0 0 1 2 4 5 6 9 12 13 15 15 15 16 22 24 25 36 40 41 43 44 45 0 147 149 166 321 343 363 366 383 384 451 585 612 641 671 671 709 736 792 825 843 927 966 979
56.1996779388 49.298245614 24 0 1 4 10 11 19 21 22 30 32 32 32 33 33 36 36 39 39 40 41 42 45 45 46 0 0 115 128 158 170 177 193 230 235 350 370 387 509 566 643 700 733 859 887 909 911 954 980
24.154589372 48.9473684211 24 0 0 2 9 14 19 21 25 27 27 28 29 33 34 37 38 39 39 40 41 44 49 49 49 0 0 112 155 182 203 306 376 473 507 512 518 560 579 701 759 779 815 867 904 921 927 949 963
49.9194847021 29.649122807 24 0 2 2 3 6 7 15 15 18 20 20 21 22 27 28 31 33 33 41 41 43 44 47 47 0 0 130 159 256 325 368 530 541 624 663 677 696 707 734 769 793 806 819 851 852 863 876 945
57.3268921095 61.0526315789 24 0 0 0 1 6 7 7 8 15 17 17 23 25 27 27 31 31 33 35 38 44 45 46 48 0 107 161 183 207 208 210 249 255 285 366 404 595 628 661 678 714 740 819 864 868 892 927 940
31.4009661836 61.2280701754 24 0 3 7 8 12 12 14 14 14 16 19 20 20 25 27 29 33 40 40 43 44 46 46 49 0 101 201 246 253 283 296 325 419 456 514 518 566 650 673 695 761 803 830 900 908 941 943 970
30.2737520129 55.4385964912 24 0 0 4 8 10 12 12 14 15 18 21 21 21 28 33 37 37 42 44 45 45 46 48 49 0 113 157 160 176 286 315 332 360 444 469 474 478 500 516 607 609 618 641 685 708 801 844 920
61.6747181965 56.8421052632 24 0 0 4 8 10 12 14 16 19 21 22 22 25 28 29 30 31 32 32 37 41 45 47 48 0 0 109 125 131 157 172 204 340 396 433 498 515 537 567 617 626 732 825 861 889 910 926 951
36.0708534622 37.0175438596 24 0 0 4 7 7 11 13 13 16 17 18 18 20 26 27 29 30 30 33 34 35 36 38 45 0 102 113 141 249 308 321 331 346 529 556 577 610 631 636 648 703 706 738 782 841 913 936 958
64.5732689211 28.9473684211 24 0 0 1 3 3 13 15 22 22 23 25 26 27 27 28 29 31 33 37 39 39 43 46 48 0 0 112 156 167 207 214 236 248 267 374 402 442 476 664 669 675 727 784 834 852 933 948 981
45.0885668277 52.4561403509 24 0 2 3 10 11 12 12 12 18 20 27 28 30 35 36 37 39 40 41 41 43 44 46 46 0 116 153 223 251 295 343 359 482 508 541 592 614 636 663 692 719 731 832 905 936 946 973 985
52.3349436393 43.6842105263 24 0 6 7 8 9 10 14 20 20 21 23 25 26 29 30 31 38 38 42 44 44 46 46 46 0 115 124 254 281 284 291 335 390 494 565 593 686 715 762 780 842 846 904 915 923 943 970 987
28.9855072464 63.6842105263 24 0 2 9 11 14 14 15 18 19 27 28 29 32 32 35 37 38 40 41 43 43 47 47 47 0 102 134 197 339 417 426 443 446 564 570 643 676 694 701 715 752 763 873 891 917 921 926 953
53.6231884058 46.6666666667 24 0 0 1 2 3 4 6 12 14 18 19 26 29 31 32 32 35 39 40 40 42 42 46 46 0 138 172 176 194 256 278 325 389 433 440 450 490 645 702 732 735 816 860 880 909 927 959 997
68.115942029 74.2105263158 24 0 2 4 7 7 8 8 9 9 11 12 12 15 17 18 29 31 38 41 42 47 48 48 49 0 0 134 143 152 184 190 290 385 414 495 533 558 638 645 646 695 751 796 846 854 890 918 951
28.9855072464 51.7543859649 24 0 1 3 4 4 5 5 10 14 15 16 22 24 28 30 31 33 41 42 43 47 48 48 49 0 166 176 261 297 368 416 462 503 509 607 647 704 723 774 804 814 852 867 873 875 927 965 977
37.037037037 27.1929824561 24 0 1 5 6 7 8 9 9 13 13 13 16 17 19 22 26 31 32 35 37 37 40 42 43 0 0 102 110 161 280 322 354 362 398 454 470 474 481 532 603 624 645 701 706 795 844 886 963
39.2914653784 37.3684210526 24 0 1 3 4 10 11 16 18 19 23 23 23 24 27 27 29 30 32 33 34 38 40 40 42 0 202 217 313 351 356 393 505 529 588 595 618 621 622 706 710 731 737 750 786 820 824 855 975
75.6843800322 51.5789473684 24 0 0 3 4 5 6 8 11 11 12 19 19 22 22 31 32 35 36 41 41 43 46 49 49 0 152 195 206 259 325 343 395 448 454 471 526 576 577 606 606 616 661 663 793 839 876 927 935
57.6489533011 29.649122807 24 0 1 4 5 8 9 10 17 29 29 30 33 34 34 34 35 35 38 41 41 47 47 47 49 0 128 134 140 149 214 251 261 297 298 347 488 561 675 681 692 704 751 803 805 866 929 950 969
53.6231884058 19.4736842105 24 0 0 5 6 16 17 18 19 30 32 38 40 40 41 43 43 44 44 44 45 46 48 49 49 0 157 160 165 203 234 270 300 352 377 386 419 441 522 537 544 719 751 767 781 876 923 930 965
67.9549114332 58.7719298246 24 0 0 2 2 2 3 7 8 11 11 16 19 19 21 22 23 24 28 31 35 38 41 45 49 0 111 163 171 241 255 355 365 440 523 524 541 560 592 666 673 697 708 708 757 844 917 961 994
73.5909822866 61.4035087719 24 0 0 2 7 8 8 8 12 13 13 14 14 14 21 24 30 30 30 32 34 36 43 46 47 0 0 108 189 309 348 362 409 518 519 531 550 588 617 681 708 712 741 814 840 879 893 899 968
80.3542673108 30.0 24 0 0 3 4 4 6 9 13 13 13 14 17 17 18 21 26 27 30 38 39 42 47 48 49 0 138 171 206 257 277 291 325 337 373 377 383 411 463 479 500 569 575 654 793 799 816 843 877
42.8341384863 23.5087719298 24 0 1 3 5 6 8 9 9 10 10 11 15 16 17 20 25 27 28 28 38 42 43 45 49 0 242 291 299 301 302 342 416 432 434 445 448 481 582 652 721 725 736 744 781 813 815 956 977
45.8937198068 49.1228070175 24 0 0 6 7 9 11 11 14 15 16 16 17 19 20 22 23 27 29 30 32 42 44 48 48 0 105 110 126 126 139 154 168 216 263 291 372 377 401 414 528 533 570 597 627 676 707 802 932
75.845410628 53.6842105263 24 0 0 0 0 1 3 5 5 7 12 18 23 26 27 30 30 33 35 37 40 43 45 47 47 0 136 225 235 355 366 449 480 490 496 530 531 560 566 577 606 642 696 758 775 806 846 973 991
50.2415458937 48.5964912281 24 0 1 2 4 4 7 8 9 10 12 14 17 17 19 24 27 29 37 42 43 44 45 48 49 0 255 261 287 300 319 330 358 389 397 433 443 493 511 521 546 687 690 726 744 823 839 902 937
56.1996779388 34.7368421053 24 0 0 3 5 6 7 7 8 8 8 13 14 15 17 21 22 22 25 30 33 43 49 49 49 0 218 316 350 413 434 439 453 470 477 479 508 571 586 588 643 664 692 725 781 800 875 957 995
85.5072463768 41.4035087719 24 0 1 5 5 7 7 8 9 10 11 13 15 17 18 21 22 25 28 32 33 37 40 41 41 0 140 193 202 243 281 359 363 365 430 439 525 565 665 692 704 732 751 767 771 855 883 893 954
69.7262479871 37.0175438596 24 0 0 1 2 6 8 10 16 19 24 26 29 32 33 33 33 35 36 41 41 42 42 45 46 0 110 139 205 255 288 304 318 338 351 378 391 500 508 609 613 657 719 750 886 912 918 945 987
65.3784219002 35.7894736842 24 0 0 1 3 4 11 14 14 19 21 22 23 24 25 31 31 32 34 36 40 41 42 44 48 0 0 113 126 154 156 182 187 226 319 385 417 428 502 514 573 648 660 663 727 773 888 894 898
68.115942029 81.4035087719 24 0 3 3 4 9 16 18 18 22 24 25 26 27 29 29 30 33 34 34 36 37 40 42 48 0 109 148 150 156 168 179 216 371 386 486 535 613 634 654 682 695 764 862 866 882 944 963 997
89.8550724638 23.5087719298 24 0 2 2 3 4 5 10 11 12 12 14 16 17 18 20 23 23 23 24 27 27 37 39 44 0 0 143 188 271 281 296 302 308 352 372 419 423 434 493 496 528 547 638 652 718 812 841 883
31.2399355878 41.9298245614 24 0 2 4 5 5 6 8 8 12 25 25 26 29 30 33 35 38 40 41 42 46 46 48 48 0 0 113 116 118 202 292 335 360 374 377 381 425 548 563 601 601 606 655 668 697 775 822 961
42.0289855072 47.1929824561 24 0 1 1 8 9 12 16 18 20 21 24 25 25 26 27 27 33 33 33 39 42 43 48 49 0 0 103 158 160 184 211 254 327 420 432 433 444 454 484 520 541 648 673 835 835 881 892 899
43.8003220612 59.649122807 24 0 0 1 2 4 9 13 13 13 15 17 19 20 29 29 30 32 33 35 35 37 38 41 41 0 135 137 139 150 171 184 232 252 253 322 478 524 541 617 649 676 726 797 825 858 888 944 973
72.3027375201 70.1754385965 24 0 1 3 3 4 7 9 11 11 17 17 24 24 24 28 32 34 34 39 41 41 43 44 45 0 0 104 225 235 298 323 485 506 564 632 699 756 782 783 819 877 881 908 915 924 941 987 995
55.8776167472 38.2456140351 24 0 0 6 7 15 20 21 22 27 28 30 33 35 36 37 39 40 40 43 46 46 47 48 48 0 146 223 227 316 386 467 501 509 513 635 649 711 721 734 742 760 781 783 863 938 952 959 968
80.193236715 38.7719298246 24 0 0 2 4 4 4 6 12 15 15 16 16 17 20 23 28 31 32 36 36 40 45 45 49 0 0 121 188 236 261 372 379 382 528 533 574 580 586 634 757 761 771 772 824 887 893 944 985
38.808373591 54.5614035088 24 0 1 3 4 7 8 10 13 20 21 21 21 21 24 26 31 37 39 40 45 46 47 47 48 0 165 210 256 303 351 427 427 448 496 503 511 524 549 588 601 677 690 690 727 743 745 808 844
0.0 54.7368421053 24 0 2 4 4 4 7 9 10 10 12 14 17 19 22 34 38 39 40 43 46 47 47 48 48 0 0 146 175 183 186 288 292 299 330 338 446 499 506 543 560 606 684 742 798 868 930 984 997
40.4186795491 74.2105263158 24 0 0 0 5 7 8 9 13 15 16 18 23 25 30 32 33 33 37 38 39 42 45 48 48 0 105 146 147 151 159 237 293 328 337 348 372 383 423 611 720 734 835 838 868 914 924 953 996
60.7085346216 28.7719298246 24 0 2 3 5 6 8 16 18 19 19 20 21 23 24 25 25 26 28 29 37 39 45 47 47 0 0 184 221 232 293 327 339 431 440 482 537 547 669 698 748 837 864 872 920 920 950 950 970
57.6489533011 55.6140350877 24 0 1 2 3 7 7 7 7 8 9 23 28 30 32 34 37 37 39 40 41 41 46 49 49 0 119 201 217 223 285 432 437 459 462 473 474 538 542 723 838 887 928 949 954 956 961 976 989
65.0563607085 29.298245614 24 0 8 9 9 9 12 12 15 18 19 20 22 22 22 23 24 24 27 28 29 33 40 44 48 0 216 303 390 392 395 418 444 488 505 563 603 686 723 768 784 786 805 809 846 886 909 923 939
61.8357487923 57.3684210526 24 0 2 8 8 9 10 12 16 18 19 20 20 21 26 30 34 35 38 38 40 41 42 44 47 0 106 113 125 140 151 208 264 271 289 357 428 445 453 617 621 687 727 787 862 873 943 953 988
62.8019323671 53.3333333333 24 0 0 0 10 12 14 17 18 18 21 22 23 24 24 26 31 32 38 38 40 41 42 47 49 0 115 139 164 172 176 191 250 268 281 338 379 416 469 477 478 531 582 651 732 773 892 980 984
47.8260869565 33.3333333333 24 0 7 12 13 15 20 20 23 25 28 29 30 33 33 34 34 35 37 40 43 43 45 47 49 0 157 192 195 319 344 366 370 411 466 478 495 510 576 614 624 627 674 788 896 920 961 971 996
69.2431561997 53.1578947368 24 0 1 4 5 8 10 17 25 26 26 27 27 28 29 29 29 30 33 33 41 42 44 44 48 0 145 157 165 226 269 269 270 354 372 375 375 422 458 477 590 656 663 684 717 838 884 907 950
21.9001610306 41.5789473684 24 0 3 5 6 10 14 25 25 26 30 31 32 32 33 33 34 35 36 36 37 39 44 47 49 0 125 165 173 173 179 246 259 286 349 357 381 404 427 533 593 599 603 710 787 815 869 930 994
20.1288244767 54.3859649123 24 0 1 1 6 8 10 13 16 27 29 31 32 33 33 40 40 40 42 43 44 47 47 48 49 0 230 236 277 357 358 365 370 377 381 434 497 513 576 581 582 587 600 646 689 691 840 845 883
69.0821256039 49.298245614 24 0 4 5 9 9 12 19 21 24 28 31 32 33 34 35 35 39 39 41 43 46 46 46 49 0 0 192 205 271 285 285 305 327 355 389 406 457 467 522 527 548 572 620 672 675 678 771 946
57.8099838969 46.3157894737 24 0 0 3 4 4 5 5 6 7 10 12 15 22 25 26 26 28 31 33 35 36 38 46 49 0 112 154 161 161 218 255 277 344 356 368 428 473 590 619 630 671 685 697 756 777 794 865 871
33.9774557166 67.3684210526 24 0 2 3 5 6 9 9 11 13 13 16 19 25 26 27 29 33 37 40 43 44 45 47 49 0 312 357 423 437 437 441 528 537 588 607 671 701 701 732 813 864 871 881 895 908 924 961 976
70.0483091787 40.5263157895 24 0 5 5 5 6 7 8 10 12 12 12 12 15 22 23 23 25 26 27 29 30 38 38 42 0 116 143 189 202 234 286 388 511 512 560 638 686 733 745 760 836 843 914 941 961 971 971 993
58.9371980676 28.7719298246 24 0 0 1 9 11 13 13 14 16 16 16 24 24 24 26 32 34 34 34 40 42 42 43 45 0 0 164 204 205 212 267 306 345 350 405 407 452 467 495 497 712 761 819 917 932 943 948 996
38.1642512077 65.4385964912 24 0 4 5 7 12 12 13 14 14 16 17 18 20 23 25 30 35 40 43 44 44 45 48 48 0 0 219 234 255 255 332 337 377 424 465 502 508 516 522 581 608 632 810 871 876 953 958 991
55.0724637681 42.2807017544 24 0 3 4 4 8 10 11 11 15 16 19 22 22 24 25 25 26 27 28 30 31 34 42 44 0 122 186 274 379 502 525 535 574 575 593 596 624 659 714 718 768 804 812 815 823 837 892 906
77.616747182 61.0526315789 24 0 0 1 2 5 7 11 11 11 15 17 18 18 26 28 29 30 31 31 34 39 41 42 43 0 181 207 225 316 347 360 379 383 383 429 441 480 528 580 634 656 706 712 725 730 758 835 858
47.5040257649 46.3157894737 24 0 2 4 4 6 15 16 17 20 23 23 23 25 25 31 34 35 41 42 42 43 46 47 47 0 0 100 177 234 254 272 274 276 278 291 377 474 505 561 698 739 764 766 789 803 840 919 943
49.7584541063 65.6140350877 24 0 1 2 2 3 10 12 15 18 19 19 20 21 21 22 25 27 28 31 35 37 37 39 47 0 100 105 116 119 141 156 222 236 374 485 532 560 580 648 672 685 689 701 715 826 852 892 927
31.5619967794 52.9824561404 24 0 0 3 4 5 12 15 16 18 20 22 24 25 26 28 30 37 38 39 44 46 47 47 48 0 0 127 174 179 191 221 233 333 442 468 520 578 604 662 727 747 764 825 885 888 907 937 966
57.0048309179 86.8421052632 24 0 0 1 1 1 5 6 10 17 18 22 22 22 23 32 34 39 42 43 44 46 47 49 49 0 0 167 243 282 334 356 410 446 456 509 557 578 667 697 768 770 796 862 901 952 969 973 994
29.7906602254 34.5614035088 24 0 7 7 9 13 18 19 19 20 22 25 26 28 31 33 38 39 40 41 45 46 48 49 49 0 124 138 166 212 276 277 298 331 367 402 434 453 464 502 534 614 683 731 828 890 898 964 971
57.3268921095 43.1578947368 24 0 3 4 8 11 12 14 19 20 26 28 29 29 30 34 35 36 37 38 42 43 44 46 47 0 105 114 136 168 182 193 210 216 298 342 349 377 387 397 421 526 595 595 602 702 801 801 944
35.9098228663 24.2105263158 24 0 6 7 8 9 9 11 13 19 19 21 22 23 28 29 32 40 41 41 42 43 44 45 46 0 131 155 159 177 244 304 331 384 529 560 579 619 636 672 708 725 732 795 823 834 858 872 962
39.7745571659 65.2631578947 24 0 1 3 3 5 8 8 10 11 18 32 32 33 34 35 36 37 38 38 40 41 41 42 43 0 101 175 176 189 217 260 262 274 289 315 319 476 488 608 686 741 782 787 847 916 957 968 995
49.7584541063 28.4210526316 24 0 0 0 3 3 11 12 15 25 25 26 28 29 30 31 32 33 37 37 38 39 48 49 49 0 0 203 286 331 359 361 387 460 461 470 502 607 643 687 691 750 785 790 811 868 905 909 959
31.5619967794 59.4736842105 24 0 4 4 6 6 8 12 17 19 22 23 24 24 26 26 27 29 29 33 34 35 37 37 49 0 159 223 319 322 327 365 390 421 423 447 512 568 579 582 597 611 633 666 879 881 905 939 947
27.6972624799 53.5087719298 24 0 0 0 1 9 10 14 14 17 17 22 25 27 27 30 31 32 32 37 43 44 46 48 49 0 115 154 222 223 262 280 346 358 434 436 445 567 602 650 709 730 738 796 811 840 866 872 950
33.9774557166 72.4561403509 24 0 1 1 11 11 13 15 16 17 18 26 26 28 31 34 35 36 36 37 38 41 44 49 49 0 112 161 179 195 230 257 313 489 514 530 531 544 581 637 647 651 678 679 723 793 883 892 994
38.6473429952 52.2807017544 24 0 4 5 7 7 8 8 9 16 16 16 20 21 21 22 31 34 36 38 39 40 42 42 48 0 0 120 195 299 299 391 424 465 500 560 566 585 659 665 666 789 794 837 849 850 965 973 983
24.959742351 47.3684210526 24 0 1 1 2 2 3 5 7 9 9 11 17 18 20 21 23 39 40 40 42 43 43 45 47 0 180 244 245 316 332 363 375 419 427 450 457 487 614 616 643 678 716 734 914 962 967 987 994
74.3961352657 49.8245614035 24 0 2 5 12 13 16 18 20 20 20 20 20 21 21 21 32 32 33 34 37 39 41 41 44 0 0 114 217 219 281 376 408 424 452 457 480 537 542 593 606 626 639 699 706 742 802 812 841
64.4122383253 50.0 24 0 2 5 9 9 10 12 14 16 18 19 21 22 28 29 30 30 30 34 41 45 46 48 48 0 101 159 335 335 418 429 449 464 483 547 557 586 641 653 667 753 774 805 858 908 918 935 964
63.4460547504 16.8421052632 24 0 1 1 3 3 3 4 4 4 11 14 15 16 24 29 29 29 31 32 35 37 41 43 44 0 107 128 178 201 218 303 307 459 543 623 655 693 740 792 804 826 876 906 944 948 971 981 987
52.8180354267 33.6842105263 24 0 0 4 5 6 6 9 11 12 16 18 18 22 25 27 28 31 33 34 41 41 42 44 49 0 106 114 116 118 144 161 172 195 218 290 371 400 618 636 640 717 819 827 836 893 952 977 990
64.0901771337 45.0877192982 24 0 0 1 3 6 6 9 13 14 15 19 19 21 23 24 25 29 31 31 32 36 41 43 45 0 100 214 261 274 284 461 485 487 495 625 635 643 646 653 710 720 739 845 905 919 929 947 950
76.3285024155 52.6315789474 24 0 1 2 9 10 12 20 21 26 26 26 32 34 36 38 38 40 40 41 42 44 44 45 46 0 128 171 183 185 191 273 347 533 596 607 616 629 674 702 732 743 754 755 763 809 893 995 996
45.2495974235 22.6315789474 24 0 1 4 4 9 9 14 14 15 18 19 20 20 20 21 22 22 29 30 34 36 36 41 44 0 0 103 113 167 170 194 195 203 228 258 331 375 469 517 551 616 631 688 725 829 834 912 979
51.2077294686 39.8245614035 24 0 1 3 5 9 12 12 13 17 19 24 25 26 26 27 34 36 36 38 39 42 42 43 44 0 127 150 184 212 242 315 388 463 496 567 621 641 643 682 729 737 771 784 819 837 945 947 957
15.9420289855 59.1228070175 24 0 2 3 13 14 14 17 17 18 18 20 26 26 27 28 28 28 35 35 39 43 43 44 47 0 105 126 173 310 357 375 440 466 497 512 516 581 652 663 701 742 788 804 806 825 850 877 944
61.6747181965 87.1929824561 24 0 0 4 15 16 17 17 19 19 22 24 25 25 28 28 30 32 34 34 35 40 42 44 45 0 100 140 223 249 286 293 379 441 443 459 514 545 565 591 605 623 629 733 854 880 929 953 964
60.5475040258 41.7543859649 24 0 1 2 3 3 4 6 7 12 13 16 19 19 23 23 24 27 31 32 35 43 43 48 49 0 116 151 159 204 209 295 425 473 521 541 600 636 666 669 713 784 792 805 831 845 893 955 986
85.1851851852 71.5789473684 24 0 0 0 1 3 7 13 13 14 15 21 22 24 24 25 26 26 27 28 31 32 37 43 48 0 142 231 257 267 303 322 335 336 370 380 404 480 580 620 686 703 735 742 765 825 913 953 959
63.9291465378 32.1052631579 24 0 3 4 4 6 9 11 11 13 16 16 18 18 25 26 38 38 39 44 45 47 48 48 49 0 117 126 153 208 362 363 404 431 475 483 510 531 549 560 635 661 688 696 703 805 823 892 965
48.9533011272 27.3684210526 24 0 0 1 5 12 12 13 13 20 20 20 21 24 25 25 25 34 34 34 35 37 39 44 48 0 0 217 313 432 435 572 588 602 642 650 660 670 699 711 712 714 741 797 814 848 887 941 948
43.4782608696 42.9824561404 24 0 0 1 3 4 18 20 20 24 26 29 30 30 30 34 35 35 37 37 40 41 44 44 46 0 141 148 270 349 358 359 406 447 469 534 566 578 589 663 706 717 806 817 825 848 882 933 959
51.5297906602 100.0 24 0 0 5 9 11 11 12 13 14 21 21 21 23 25 31 32 33 34 39 40 40 42 46 48 0 0 100 124 165 182 229 327 365 540 582 588 655 656 666 666 683 691 715 741 823 882 901 921
32.3671497585 71.2280701754 24 0 0 0 4 6 8 8 9 9 10 13 15 15 17 18 20 24 26 29 32 35 41 43 47 0 110 126 213 288 475 478 493 527 535 567 600 607 608 612 628 632 679 739 792 812 856 917 964
39.9355877617 32.8070175439 24 0 2 3 4 6 7 7 8 9 10 13 18 20 21 28 31 38 38 39 40 40 41 42 44 0 136 139 148 340 343 345 396 457 481 506 563 581 635 653 665 734 865 869 869 945 950 956 975
55.5555555556 21.9298245614 24 0 0 1 4 4 8 9 16 17 17 18 19 23 28 31 32 33 33 36 40 42 42 43 47 0 154 188 202 248 386 389 390 538 546 558 668 688 723 775 782 784 826 845 849 849 879 889 906
100.0 40.0 24 0 1 2 2 5 8 10 11 17 19 19 21 23 25 26 27 28 33 37 41 43 44 46 46 0 0 207 254 276 323 331 350 474 510 527 569 673 707 743 796 808 808 818 834 874 878 931 987
47.0209339775 24.5614035088 24 0 0 8 18 20 20 22 22 23 25 26 26 28 31 35 35 36 39 41 44 45 47 47 47 0 102 157 158 165 248 255 301 310 354 418 584 617 699 700 748 763 771 789 849 866 905 916 940
346
46.2081128748 52.9508196721 7
66.6666666667 24.4262295082 6
36.860670194 38.0327868852 7
67.9012345679 57.2131147541 3
31.9223985891 21.4754098361 5
70.0176366843 47.0491803279 5
60.6701940035 34.7540983607 8
39.6825396825 47.7049180328 6
53.2627865961 36.2295081967 5
45.1499118166 19.0163934426 2
71.6049382716 26.5573770492 4
42.328042328 93.4426229508 2
48.8536155203 77.5409836066 2
59.0828924162 85.0819672131 8
35.2733686067 38.0327868852 4
42.5044091711 0.0 5
16.5784832451 33.9344262295 1
0.0 50.9836065574 3
65.2557319224 55.737704918 5
32.8042328042 63.9344262295 9
69.3121693122 47.5409836066 4
30.6878306878 50.0 3
17.2839506173 66.0655737705 4
27.8659611993 44.5901639344 6
53.7918871252 52.9508196721 2
46.3844797178 33.4426229508 8
56.2610229277 59.6721311475 4
50.0881834215 28.6885245902 8
79.8941798942 51.4754098361 2
35.0970017637 49.3442622951 2
42.151675485 29.1803278689 7
43.3862433862 35.2459016393 6
42.6807760141 44.5901639344 4
26.6313932981 11.3114754098 6
29.4532627866 34.7540983607 5
49.3827160494 58.0327868852 1
49.5590828924 69.0163934426 1
44.9735449735 48.8524590164 9
57.4955908289 56.2295081967 2
69.8412698413 34.7540983607 6
22.2222222222 31.4754098361 8
10.2292768959 21.8032786885 1
74.2504409171 19.0163934426 4
45.5026455026 59.3442622951 9
49.2063492063 33.1147540984 3
28.3950617284 51.4754098361 3
27.6895943563 60.0 3
42.5044091711 33.606557377 6
76.3668430335 47.7049180328 6
31.9223985891 54.262295082 7
33.8624338624 42.9508196721 8
20.4585537919 68.3606557377 7
51.3227513228 10.1639344262 9
54.1446208113 66.0655737705 8
15.69664903 50.1639344262 9
64.9029982363 26.2295081967 3
42.5044091711 50.0 2
65.9611992945 57.2131147541 3
45.8553791887 27.7049180328 4
34.5679012346 60.0 4
70.1940035273 73.606557377 4
53.4391534392 31.6393442623 7
83.5978835979 53.4426229508 1
75.4850088183 47.5409836066 6
85.1851851852 58.5245901639 1
69.8412698413 56.393442623 1
38.8007054674 52.6229508197 8
37.2134038801 53.2786885246 3
22.2222222222 45.0819672131 5
37.9188712522 38.0327868852 6
51.4991181658 40.0 5
58.3774250441 58.5245901639 6
54.3209876543 43.4426229508 8
35.9788359788 0.491803278689 6
67.3721340388 42.4590163934 5
53.9682539683 61.8032786885 4
32.8042328042 71.3114754098 7
51.8518518519 10.6557377049 1
75.6613756614 12.2950819672 1
11.6402116402 62.4590163934 8
64.1975308642 38.6885245902 8
54.4973544974 18.8524590164 3
62.7865961199 56.0655737705 1
71.4285714286 35.2459016393 1
38.2716049383 39.3442622951 8
38.6243386243 59.0163934426 3
33.6860670194 21.4754098361 4
43.0335097002 47.3770491803 8
10.9347442681 45.4098360656 5
53.7918871252 42.131147541 5
21.6931216931 38.1967213115 3
36.1552028219 34.5901639344 5
29.9823633157 39.0163934426 2
33.8624338624 42.4590163934 2
74.7795414462 58.1967213115 9
23.8095238095 14.262295082 9
29.2768959436 59.8360655738 8
50.2645502646 40.6557377049 4
45.3262786596 63.7704918033 4
51.6754850088 34.262295082 8
42.5044091711 48.5245901639 6
50.2645502646 34.5901639344 3
65.9611992945 40.0 7
77.7777777778 62.9508196721 5
76.1904761905 70.9836065574 7
6.70194003527 36.0655737705 4
49.5590828924 52.4590163934 6
36.684303351 44.5901639344 5
38.9770723104 43.606557377 1
11.2874779541 69.6721311475 1
39.6825396825 40.9836065574 7
81.6578483245 44.9180327869 2
100.0 56.5573770492 5
54.8500881834 65.0819672131 4
49.5590828924 37.868852459 7
32.8042328042 53.2786885246 7
87.3015873016 56.7213114754 4
31.746031746 45.5737704918 7
62.6102292769 68.3606557377 5
64.9029982363 12.2950819672 8
19.4003527337 41.4754098361 4
44.4444444444 52.7868852459 7
46.0317460317 30.8196721311 7
40.7407407407 40.8196721311 1
64.0211640212 34.0983606557 4
30.1587301587 51.1475409836 7
58.2010582011 45.4098360656 7
58.5537918871 47.3770491803 4
37.2134038801 62.7868852459 4
50.0881834215 39.1803278689 3
56.7901234568 39.0163934426 8
56.2610229277 34.262295082 3
46.7372134039 46.0655737705 3
39.3298059965 56.7213114754 6
7.93650793651 34.0983606557 8
57.671957672 38.0327868852 3
56.2610229277 68.1967213115 1
68.7830687831 39.6721311475 1
65.6084656085 58.3606557377 5
77.2486772487 51.9672131148 8
16.049382716 13.1147540984 6
39.8589065256 48.5245901639 6
49.9118165785 26.0655737705 7
81.3051146384 69.5081967213 6
66.4902998236 46.7213114754 9
42.328042328 49.1803278689 5
33.5097001764 20.3278688525 2
46.7372134039 61.8032786885 9
47.7954144621 46.8852459016 9
34.9206349206 66.5573770492 2
67.3721340388 49.1803278689 5
46.0317460317 46.2295081967 5
25.0440917108 40.1639344262 6
68.0776014109 26.393442623 2
75.4850088183 51.1475409836 6
33.5097001764 38.5245901639 2
64.5502645503 84.4262295082 6
47.442680776 38.0327868852 3
62.2574955908 34.5901639344 7
41.7989417989 43.2786885246 6
52.380952381 36.5573770492 9
53.0864197531 31.6393442623 4
56.0846560847 68.3606557377 3
16.9312169312 35.0819672131 9
43.7389770723 78.6885245902 4
88.8888888889 45.0819672131 5
40.0352733686 64.262295082 8
37.9188712522 79.8360655738 5
55.9082892416 60.4918032787 9
70.8994708995 38.6885245902 7
44.6208112875 45.737704918 2
72.1340388007 31.4754098361 3
50.7936507937 37.2131147541 2
25.0440917108 62.2950819672 3
61.0229276896 21.9672131148 2
41.2698412698 41.9672131148 1
62.6102292769 58.1967213115 4
33.1569664903 64.5901639344 4
27.1604938272 22.131147541 1
6.52557319224 32.4590163934 2
36.5079365079 73.2786885246 5
35.9788359788 73.2786885246 6
71.7813051146 85.9016393443 3
45.3262786596 29.6721311475 9
64.7266313933 16.393442623 3
49.2063492063 45.2459016393 1
46.2081128748 72.6229508197 2
70.1940035273 52.6229508197 2
52.380952381 52.6229508197 7
50.7936507937 64.5901639344 4
68.430335097 60.6557377049 6
36.5079365079 52.9508196721 8
16.5784832451 48.5245901639 1
67.9012345679 52.6229508197 2
42.8571428571 100.0 9
46.3844797178 60.3278688525 8
34.0388007055 41.6393442623 2
41.2698412698 60.8196721311 9
64.1975308642 98.0327868852 1
19.4003527337 47.7049180328 7
30.3350970018 43.9344262295 3
76.3668430335 59.8360655738 9
35.0970017637 30.0 3
62.2574955908 21.8032786885 3
56.6137566138 62.9508196721 4
48.8536155203 55.0819672131 9
38.2716049383 66.7213114754 1
55.2028218695 42.6229508197 9
39.5061728395 16.8852459016 9
77.6014109347 50.8196721311 9
81.3051146384 40.4918032787 7
67.9012345679 28.1967213115 6
62.4338624339 36.2295081967 5
34.9206349206 66.2295081967 2
77.0723104056 39.3442622951 6
33.5097001764 42.2950819672 9
44.9735449735 46.0655737705 6
70.3703703704 50.0 6
51.8518518519 53.9344262295 3
30.1587301587 20.9836065574 7
24.3386243386 71.6393442623 2
36.3315696649 65.737704918 8
41.4462081129 34.9180327869 1
31.746031746 69.0163934426 7
48.6772486772 63.9344262295 7
34.0388007055 51.1475409836 9
63.4920634921 42.131147541 9
30.8641975309 26.8852459016 5
59.7883597884 37.868852459 3
43.9153439153 33.606557377 4
62.7865961199 30.1639344262 9
47.619047619 49.3442622951 2
46.7372134039 49.8360655738 3
45.5026455026 42.6229508197 9
37.3897707231 30.0 1
40.7407407407 42.131147541 2
46.7372134039 29.3442622951 3
68.0776014109 22.7868852459 4
50.7936507937 52.131147541 5
54.8500881834 52.2950819672 5
58.024691358 59.8360655738 5
71.2522045855 52.9508196721 5
47.0899470899 65.2459016393 4
38.2716049383 56.5573770492 4
47.619047619 28.5245901639 6
32.4514991182 24.9180327869 6
30.1587301587 40.9836065574 7
27.5132275132 30.0 8
56.4373897707 34.5901639344 6
48.3245149912 73.1147540984 2
35.6261022928 46.5573770492 9
18.5185185185 40.6557377049 6
59.4356261023 38.1967213115 2
35.9788359788 47.5409836066 6
56.0846560847 47.868852459 7
76.0141093474 46.5573770492 7
53.7918871252 28.8524590164 2
43.2098765432 34.0983606557 1
10.405643739 51.9672131148 2
39.8589065256 55.737704918 9
78.1305114638 18.8524590164 1
66.1375661376 39.1803278689 4
72.8395061728 26.0655737705 5
31.746031746 56.5573770492 8
17.9894179894 42.9508196721 2
18.1657848325 30.6557377049 1
39.5061728395 46.0655737705 3
40.5643738977 40.8196721311 9
75.6613756614 39.1803278689 6
59.4356261023 74.4262295082 9
63.8447971781 31.6393442623 5
32.8042328042 47.3770491803 8
72.3104056437 23.4426229508 1
46.0317460317 69.3442622951 9
73.1922398589 20.9836065574 3
38.8007054674 42.6229508197 9
50.9700176367 36.2295081967 6
64.5502645503 52.2950819672 8
35.2733686067 52.2950819672 5
15.3439153439 80.4918032787 2
62.962962963 68.1967213115 1
80.9523809524 59.8360655738 4
52.380952381 40.0 6
47.442680776 35.4098360656 5
40.0352733686 2.29508196721 8
26.8077601411 40.8196721311 1
11.9929453263 36.7213114754 5
63.4920634921 54.0983606557 9
57.3192239859 48.6885245902 2
43.3862433862 54.7540983607 5
36.684303351 24.262295082 8
56.4373897707 42.9508196721 5
64.5502645503 33.4426229508 3
39.6825396825 39.3442622951 6
72.3104056437 36.0655737705 6
21.6931216931 42.131147541 2
56.6137566138 69.8360655738 6
21.5167548501 34.4262295082 8
12.5220458554 20.6557377049 6
65.4320987654 62.7868852459 5
38.8007054674 24.7540983607 9
60.1410934744 31.6393442623 1
79.5414462081 21.4754098361 9
65.6084656085 38.3606557377 4
33.6860670194 42.7868852459 2
32.4514991182 40.9836065574 3
10.0529100529 32.6229508197 6
35.2733686067 41.1475409836 3
7.93650793651 19.8360655738 9
44.4444444444 33.2786885246 4
56.6137566138 65.2459016393 9
50.4409171076 42.9508196721 7
54.8500881834 20.9836065574 1
53.2627865961 41.8032786885 5
43.5626102293 51.1475409836 1
51.8518518519 32.9508196721 7
34.0388007055 39.3442622951 1
50.4409171076 38.3606557377 1
24.3386243386 41.8032786885 8
23.8095238095 71.1475409836 8
27.8659611993 41.8032786885 4
51.4991181658 38.5245901639 4
57.671957672 46.8852459016 1
33.6860670194 45.0819672131 3
66.6666666667 55.0819672131 5
95.0617283951 74.5901639344 3
48.1481481481 37.2131147541 2
75.4850088183 42.4590163934 2
33.3333333333 32.2950819672 8
40.2116402116 14.4262295082 7
50.2645502646 40.4918032787 1
59.9647266314 29.5081967213 4
65.0793650794 64.5901639344 9
55.0264550265 46.2295081967 7
43.7389770723 37.5409836066 1
14.4620811287 39.3442622951 7
41.0934744268 36.2295081967 2
38.8007054674 53.1147540984 5
49.9118165785 5.90163934426 2
22.9276895944 65.4098360656 8
61.5520282187 52.2950819672 6
35.8024691358 45.5737704918 5
29.4532627866 32.6229508197 6
50.9700176367 50.3278688525 6
86.4197530864 46.7213114754 1
31.39329806 45.0819672131 2
