144
61.013215859 50.2164502165 33 0 2 4 5 6 7 7 9 11 17 18 23 25 25 25 27 28 29 32 32 33 35 35 36 36 41 42 44 45 45 46 47 48 0 142 154 159 198 254 269 276 346 381 414 433 434 575 591 602 666 672 694 695 697 710 749 779 809 828 851 921 924 940 980 994 995
32.1585903084 78.1385281385 33 0 2 3 4 4 4 6 8 8 9 9 10 10 12 14 15 16 17 19 24 24 26 26 26 30 38 39 39 41 44 46 49 49 0 116 119 141 152 165 175 179 204 258 344 430 463 497 563 565 572 581 618 635 663 716 744 759 765 787 838 868 881 907 913 938 994
61.2334801762 33.9826839827 33 0 0 2 4 6 6 9 10 11 11 13 15 23 24 25 25 26 26 26 27 29 29 29 30 30 31 31 32 42 44 46 47 48 0 0 141 160 166 198 281 336 337 375 441 444 457 470 502 504 521 578 579 593 634 653 770 779 789 791 795 831 874 892 934 959 992
73.5682819383 57.1428571429 33 0 3 3 4 5 6 7 8 10 12 12 14 14 14 15 20 20 21 22 24 29 30 32 35 35 35 37 37 41 41 45 46 46 0 101 143 153 181 260 278 289 300 331 333 364 386 423 429 451 504 509 528 556 584 592 595 641 650 704 723 813 830 848 876 911 978
65.1982378855 34.632034632 33 0 2 3 3 4 6 6 9 12 16 17 17 19 20 23 24 27 29 29 30 31 33 36 36 37 37 39 40 42 47 48 48 49 0 122 164 174 233 253 314 345 354 373 415 446 453 475 546 575 589 624 639 640 641 716 732 738 742 758 788 796 833 864 880 926 977
48.2378854626 74.6753246753 33 0 6 6 8 10 10 11 11 12 13 15 15 17 18 20 20 21 23 24 24 25 26 27 30 31 32 32 33 33 38 41 43 47 0 151 176 192 244 282 329 412 434 443 445 474 497 505 555 634 651 700 733 752 760 764 817 822 826 859 869 903 916 945 950 963 997
65.1982378855 63.8528138528 33 0 0 1 7 8 8 14 16 17 18 23 23 23 23 24 24 25 26 27 28 32 32 34 35 38 38 39 42 43 43 45 49 49 0 120 179 220 230 245 262 281 401 401 411 496 496 559 574 595 621 678 710 736 749 779 809 822 824 832 850 851 863 863 930 960 977
60.5726872247 50.0 33 0 1 3 5 6 8 8 9 9 16 18 18 18 19 19 20 22 24 29 30 33 33 36 39 39 40 40 43 44 45 45 46 49 0 107 144 188 191 222 230 245 268 277 320 322 335 420 427 452 494 537 625 646 747 772 810 845 857 895 906 911 932 937 941 981 988
66.2995594714 63.6363636364 33 0 0 1 2 4 7 9 11 11 11 16 22 23 26 29 30 32 32 34 34 36 36 39 43 44 45 45 46 46 46 47 48 48 0 151 182 190 213 297 315 316 317 321 348 351 389 397 439 448 471 488 496 593 605 635 657 690 697 737 897 909 928 940 948 951 981
78.4140969163 56.70995671 33 0 0 2 2 2 4 6 6 7 12 12 13 15 17 18 22 24 24 25 29 32 32 33 35 35 38 38 38 39 42 42 43 47 0 117 234 259 260 292 301 302 306 309 314 331 359 414 418 425 475 484 515 527 562 635 649 717 724 736 798 826 895 924 978 998 999
45.8149779736 16.0173160173 33 0 0 1 1 2 3 6 6 8 10 11 13 13 15 16 19 19 21 22 22 22 25 28 28 28 29 33 36 41 41 44 47 48 0 159 174 268 287 320 328 358 370 412 421 434 447 468 502 534 534 539 555 567 570 576 590 684 702 704 780 786 807 838 843 880 936
28.1938325991 31.3852813853 33 0 1 1 2 4 8 10 12 12 13 14 18 18 23 25 25 25 26 29 30 30 32 33 34 34 34 36 38 38 39 40 45 49 0 122 141 206 222 226 244 259 292 310 362 383 411 434 437 446 471 510 511 532 592 631 645 677 729 791 794 851 855 860 904 940 979
41.40969163 41.9913419913 33 0 0 1 2 3 10 11 12 14 15 16 17 18 21 22 22 22 24 24 25 30 32 35 36 38 39 40 42 45 45 46 47 48 0 113 230 256 261 278 281 325 330 368 429 434 444 447 458 465 494 501 508 550 570 587 589 593 627 710 724 725 753 848 903 908 965
78.8546255507 65.5844155844 33 0 1 5 7 7 7 8 10 11 12 15 18 19 20 22 22 25 29 31 32 32 36 36 38 38 41 42 43 43 44 45 46 49 0 0 117 123 127 156 202 205 227 251 320 325 401 423 437 442 474 523 591 615 629 683 707 730 777 834 848 853 856 876 876 952 991
68.7224669604 48.4848484848 33 0 1 4 6 6 9 11 13 13 19 19 19 20 20 20 21 21 24 25 27 28 28 29 31 32 33 37 39 41 46 47 47 49 0 126 137 205 210 255 329 330 337 341 362 371 389 392 402 408 443 511 550 558 618 628 662 674 695 730 782 819 822 824 960 961 978
66.7400881057 96.3203463203 33 0 0 0 1 2 8 8 8 8 11 13 14 15 17 18 20 22 23 23 25 26 28 28 28 30 30 32 35 35 43 45 45 48 0 0 113 118 119 198 311 332 367 407 424 431 455 461 514 528 567 659 659 664 719 758 765 765 850 856 857 886 887 917 920 925 954
25.7709251101 77.4891774892 33 0 0 2 4 6 7 7 7 9 12 14 14 14 15 15 16 17 18 19 25 25 26 30 31 31 36 36 36 36 41 42 43 48 0 0 125 141 144 174 193 196 231 273 305 315 317 338 461 467 476 479 550 571 588 618 629 655 735 744 755 805 834 838 885 982 995
49.5594713656 44.8051948052 33 0 0 1 3 7 10 12 12 12 16 18 20 22 22 28 29 30 32 33 33 33 34 35 36 38 38 38 39 40 44 47 47 49 0 133 186 213 230 240 277 288 331 360 361 391 461 470 477 528 588 593 602 753 772 780 818 820 851 871 887 892 910 911 935 950 967
33.4801762115 80.5194805195 33 0 2 4 7 13 14 15 16 16 17 17 18 18 24 25 26 27 27 29 30 30 31 32 32 37 39 42 43 43 43 45 45 46 0 159 166 186 198 226 226 257 276 307 347 421 463 478 555 555 571 594 625 639 646 666 685 697 759 790 841 847 851 951 960 962 970
37.2246696035 88.7445887446 33 0 1 2 2 5 7 10 12 12 14 17 19 21 22 27 29 30 31 31 32 32 33 34 35 35 37 38 43 44 45 46 46 46 0 115 148 161 173 178 180 196 213 220 229 244 290 370 392 453 485 502 521 545 550 570 595 629 690 764 777 782 821 847 948 949 952
82.3788546256 57.1428571429 33 0 3 3 4 11 11 11 12 15 15 15 18 19 20 20 21 21 22 22 23 25 29 31 31 32 33 35 41 44 45 48 49 49 0 119 156 158 186 249 283 286 293 317 318 373 406 455 475 535 589 590 627 628 637 729 773 776 824 904 912 912 942 942 956 975 996
77.0925110132 0.0 33 0 6 11 12 15 15 16 21 24 27 31 31 31 31 33 34 35 35 35 38 39 39 40 41 41 42 43 43 43 45 46 46 48 0 0 122 125 128 159 252 317 324 337 365 366 446 467 497 508 527 531 565 572 573 603 614 657 674 749 777 840 893 907 912 966 975
44.9339207048 62.5541125541 33 0 0 0 5 5 5 6 9 9 10 10 12 12 13 16 18 19 19 21 23 25 27 29 30 31 33 37 39 39 39 43 44 47 0 109 123 135 172 275 297 325 336 357 410 482 485 504 510 515 517 562 575 581 583 587 598 618 685 692 707 708 814 855 868 902 997
48.8986784141 55.8441558442 33 0 0 1 2 5 6 6 9 10 12 14 15 17 18 19 20 21 25 25 27 31 33 33 36 36 37 38 39 42 43 47 48 49 0 0 151 178 206 249 249 264 291 330 362 402 437 453 470 478 529 582 590 592 613 639 649 723 777 845 860 887 891 902 910 929 938
41.1894273128 70.1298701299 33 0 0 2 3 4 12 13 15 19 20 23 24 24 24 28 29 29 30 36 36 36 37 37 39 40 40 41 41 43 43 45 47 49 0 0 180 188 203 221 261 281 286 294 365 371 414 435 454 487 488 523 566 609 614 641 724 735 744 816 822 867 868 878 950 965 979
36.7841409692 72.5108225108 33 0 1 5 5 5 5 8 10 10 10 11 14 14 14 14 18 21 21 22 25 28 29 30 30 34 34 37 37 38 39 43 46 47 0 137 178 179 182 210 230 242 242 297 326 342 346 401 420 450 460 507 564 574 671 677 680 702 724 746 771 823 851 887 901 908 985
36.563876652 58.658008658 33 0 4 5 6 8 9 12 13 15 17 18 19 20 21 21 23 23 25 26 27 32 34 35 35 37 41 42 42 43 43 46 46 47 0 152 236 243 244 311 394 420 450 464 475 531 551 571 691 709 756 778 781 794 802 803 835 839 844 849 870 880 896 920 951 984 986
53.0837004405 40.2597402597 33 0 0 1 2 3 7 7 9 10 15 15 17 17 17 19 19 23 25 25 28 30 31 34 36 39 39 43 43 44 46 47 48 48 0 101 102 104 104 104 166 242 249 258 342 355 363 399 436 497 529 562 567 581 665 687 692 700 727 737 745 759 762 807 818 852 888
67.8414096916 46.3203463203 33 0 1 4 6 6 7 9 9 12 17 17 18 20 21 21 22 23 23 24 25 27 31 31 33 33 34 35 41 45 47 48 49 49 0 0 105 148 202 243 362 376 416 419 485 493 508 518 568 571 624 636 675 712 718 724 747 752 799 821 824 851 902 921 944 947 972
65.1982378855 48.2683982684 33 0 0 0 0 3 5 6 6 9 12 17 17 19 20 20 23 24 26 26 26 27 33 34 36 39 40 41 41 41 45 45 46 47 0 0 125 158 173 218 225 227 247 286 313 350 357 367 421 498 541 560 561 595 675 683 708 750 766 767 771 905 910 916 936 943 972
71.8061674009 65.8008658009 33 0 0 1 2 2 3 4 6 12 15 15 17 17 17 20 21 22 23 24 26 31 31 34 38 40 41 41 42 43 45 45 46 49 0 105 145 158 176 206 225 233 264 315 315 322 341 360 396 462 528 559 575 589 603 626 656 697 712 722 754 760 791 822 838 840 883
55.0660792952 69.0476190476 33 0 3 3 3 6 7 8 12 14 14 15 16 18 18 18 19 20 22 23 25 29 31 33 34 35 36 39 41 43 44 46 47 47 0 0 103 126 129 129 147 247 305 305 311 320 384 393 395 402 476 533 573 586 623 630 662 673 676 687 754 765 772 809 861 916 996
48.6784140969 89.8268398268 33 0 0 1 1 3 4 7 8 10 11 12 14 15 17 17 18 22 23 25 28 29 30 34 36 37 38 39 40 40 42 42 42 47 0 132 218 262 288 326 344 359 362 374 378 412 414 430 478 493 557 566 584 631 670 671 678 722 782 808 843 872 898 938 947 955 976
29.7356828194 37.2294372294 33 0 0 0 1 4 4 7 7 13 14 15 17 19 21 21 23 23 24 25 25 26 26 33 35 35 37 42 42 43 44 47 49 49 0 171 172 188 262 269 272 331 334 335 348 356 428 466 477 487 496 536 557 568 602 611 642 661 689 711 763 764 769 815 882 898 937
46.9162995595 31.3852813853 33 0 0 1 1 4 5 5 5 8 10 11 12 18 20 21 22 23 23 25 25 25 27 28 29 29 34 34 36 36 36 44 45 49 0 135 237 317 397 457 475 475 485 486 499 555 591 628 642 689 695 706 745 750 752 765 785 810 816 830 848 858 879 884 929 939 962
65.1982378855 54.329004329 33 0 0 1 2 4 4 5 5 6 11 15 15 17 18 18 20 24 25 26 26 26 28 29 31 31 31 33 33 37 39 45 47 47 0 107 127 163 229 246 255 279 290 346 349 404 442 479 495 506 515 623 638 664 665 692 705 730 757 812 851 865 866 867 930 977 999
61.6740088106 86.3636363636 33 0 1 1 2 6 6 13 13 13 16 17 17 18 19 23 25 27 27 30 31 34 35 36 36 37 38 38 39 42 44 45 45 49 0 0 114 126 131 139 163 168 198 218 267 324 353 381 392 438 459 494 608 624 650 656 764 776 836 851 855 882 891 921 941 941 992
38.5462555066 68.1818181818 33 0 1 2 8 11 12 15 15 17 17 19 23 24 28 29 30 31 33 33 34 35 35 35 36 36 36 38 38 40 40 41 41 45 0 150 155 286 306 335 369 372 378 379 395 396 402 407 544 565 569 574 613 638 658 676 677 686 712 717 749 769 776 843 896 938 983
52.8634361233 39.6103896104 33 0 1 3 4 4 5 5 8 9 10 10 10 11 12 15 18 19 21 21 22 25 27 27 31 31 32 35 36 40 40 43 46 47 0 120 127 194 196 266 286 375 385 385 392 408 416 447 489 501 546 551 574 583 600 703 725 752 756 777 789 832 856 911 972 987 993
7.04845814978 43.9393939394 33 0 1 3 3 7 9 11 12 15 17 19 19 23 23 23 23 24 25 29 29 31 34 35 38 40 42 42 43 44 44 46 48 49 0 0 142 179 207 228 257 261 268 269 309 318 321 324 364 367 396 545 554 572 626 660 700 732 747 753 834 845 939 945 952 955 991
22.4669603524 36.1471861472 33 0 3 4 4 8 9 14 15 16 18 26 26 27 30 31 31 32 35 37 37 38 38 39 39 39 41 41 42 44 44 45 48 49 0 155 162 220 242 244 267 292 319 324 349 362 426 458 505 538 561 561 601 620 625 643 678 684 707 792 842 874 895 918 919 928 992
90.0881057269 75.3246753247 33 0 1 1 7 8 10 11 13 15 15 17 18 20 22 23 23 25 25 26 30 34 34 35 36 37 37 37 38 42 45 46 48 49 0 120 124 125 145 236 285 299 326 408 434 434 436 440 481 556 591 616 620 627 643 652 657 664 690 699 708 749 775 794 863 916 991
59.6916299559 67.9653679654 33 0 1 2 6 7 7 9 9 10 10 11 13 14 20 22 23 23 25 30 31 35 35 37 37 37 40 41 42 42 44 44 45 49 0 102 146 146 164 219 242 262 286 299 314 328 352 356 363 365 422 446 479 557 590 598 661 712 716 725 730 817 866 868 870 872 881
50.2202643172 34.632034632 33 0 1 1 2 7 9 11 13 15 16 18 20 23 24 24 25 29 30 31 33 34 35 35 36 36 37 40 40 41 42 48 49 49 0 188 194 197 211 260 277 305 348 392 400 439 450 464 468 473 480 545 594 662 663 696 704 725 879 888 902 920 921 933 962 963 966
49.7797356828 44.1558441558 33 0 0 0 1 3 4 4 4 4 5 5 6 6 7 9 10 18 20 21 21 23 23 26 26 28 28 29 29 30 40 41 43 45 0 119 151 179 212 215 217 239 258 263 294 318 326 328 345 346 364 429 536 555 581 609 638 649 696 698 715 717 733 747 783 901 912
100.0 22.2943722944 33 0 2 2 4 4 4 6 6 8 8 10 12 13 18 19 19 20 28 28 31 32 34 36 36 38 39 40 41 41 42 45 46 49 0 101 102 148 199 206 235 293 293 314 316 328 338 370 393 413 475 476 499 587 607 672 724 741 773 800 807 837 895 923 984 987 992
49.3392070485 52.1645021645 33 0 2 3 6 7 7 8 9 10 13 14 14 16 18 18 19 19 22 22 24 28 30 32 32 32 33 38 39 43 46 46 49 49 0 0 110 137 158 160 163 165 211 244 287 379 411 488 555 562 569 569 580 647 674 674 723 728 758 825 830 846 873 877 889 905 930
83.4801762115 41.5584415584 33 0 1 1 3 4 8 12 14 14 16 28 30 30 30 31 31 32 33 33 33 34 34 35 36 36 38 41 41 43 47 48 48 49 0 0 122 147 184 189 267 339 384 421 430 438 489 510 527 581 590 638 654 657 675 706 714 726 772 806 809 818 832 923 931 987 989
77.5330396476 43.29004329 33 0 1 2 2 4 8 10 10 11 11 13 15 16 20 20 21 22 25 28 31 36 38 39 40 43 44 45 47 47 47 48 48 49 0 116 121 171 239 246 284 347 356 373 374 386 401 486 503 588 605 624 625 641 669 686 706 804 874 905 951 958 970 972 977 985 991
90.5286343612 40.6926406926 33 0 0 2 7 8 10 12 12 13 14 15 16 18 19 19 20 22 22 24 25 25 26 28 31 34 34 37 41 44 45 45 47 49 0 102 106 136 143 194 264 294 317 318 337 426 427 444 480 498 543 565 582 601 618 625 659 698 720 864 868 918 924 948 953 982 984
29.295154185 63.6363636364 33 0 1 1 1 5 7 7 7 8 8 9 10 10 12 12 13 15 16 17 18 20 23 29 33 37 37 38 39 41 43 46 47 49 0 139 144 150 222 258 316 318 566 602 607 644 662 663 683 718 727 730 761 773 790 804 820 827 841 872 877 951 955 970 979 982 988
61.8942731278 50.8658008658 33 0 0 0 1 3 5 8 11 13 17 18 19 19 20 21 21 22 23 23 25 26 28 30 37 37 39 40 40 41 43 43 43 48 0 0 127 140 144 148 151 152 154 197 307 339 437 484 492 496 539 565 585 621 631 643 646 649 718 746 785 807 814 874 937 954 980
44.4933920705 90.9090909091 33 0 1 2 2 3 4 6 9 9 12 12 13 13 14 15 15 17 19 20 22 24 24 26 27 29 31 35 35 40 43 44 46 47 0 130 259 285 296 297 373 387 395 414 450 466 499 546 557 623 646 649 658 665 675 679 711 834 838 845 891 893 947 950 966 973 997
71.8061674009 60.1731601732 33 0 0 1 1 3 5 8 8 8 8 9 10 10 13 13 16 18 23 23 24 25 25 26 26 27 31 36 37 38 39 43 45 49 0 109 111 170 176 224 295 303 306 321 330 351 370 406 476 498 501 512 525 525 617 693 700 706 714 740 775 851 856 858 889 920 960
21.5859030837 31.6017316017 33 0 0 2 3 3 8 9 10 11 17 17 20 23 25 29 30 32 33 34 34 34 35 37 37 37 38 38 39 40 41 41 42 42 0 101 108 112 123 144 155 169 215 229 254 276 296 296 337 348 356 359 439 470 532 539 558 577 578 624 635 677 725 776 795 802 946
47.577092511 51.2987012987 33 0 4 5 7 11 12 12 13 16 17 19 20 20 22 23 24 26 28 31 33 35 35 36 37 38 40 43 45 45 46 48 48 49 0 152 166 177 179 227 316 377 381 381 428 442 475 479 501 542 543 603 629 630 654 674 702 708 755 767 770 812 926 927 957 963 992
37.6651982379 62.987012987 33 0 2 3 5 5 7 8 8 12 13 14 14 16 21 23 23 23 26 30 30 32 32 32 36 40 40 42 43 44 46 48 49 49 0 114 271 282 285 324 350 379 393 397 409 441 449 453 510 525 532 533 542 574 631 658 725 735 768 776 791 836 842 868 883 893 909
30.1762114537 79.6536796537 33 0 0 1 3 4 9 14 14 14 20 23 25 27 27 30 30 32 33 33 36 36 37 39 39 40 42 42 42 43 45 49 49 49 0 125 156 158 169 255 268 298 322 323 336 343 371 402 407 423 453 453 517 517 578 624 628 633 660 706 717 718 752 755 833 873 917
47.577092511 22.0779220779 33 0 1 1 1 2 4 4 8 10 12 13 16 22 23 24 25 25 27 28 28 29 29 32 34 36 36 37 39 41 46 47 48 49 0 169 210 228 229 237 270 275 314 336 342 362 367 368 407 430 440 458 499 553 599 606 666 709 718 762 778 780 804 817 874 879 903
14.0969162996 60.1731601732 33 0 0 2 3 4 6 6 11 12 16 17 18 18 19 19 20 21 23 24 27 31 32 32 35 35 36 42 42 44 44 46 46 47 0 0 106 107 137 139 145 153 175 175 201 265 265 301 321 338 360 370 379 493 512 579 579 604 664 665 669 742 773 830 916 918 954
22.6872246696 34.8484848485 33 0 0 3 5 5 5 5 5 8 10 10 13 14 15 16 16 17 21 21 22 23 25 27 27 28 33 34 34 38 39 43 45 47 0 100 112 120 129 133 161 174 184 241 257 418 418 432 435 491 518 551 556 566 628 659 693 707 798 812 833 847 911 926 957 975 981
13.8766519824 27.7056277056 33 0 2 5 6 9 10 12 16 16 17 17 18 22 24 24 25 26 29 32 33 35 35 37 38 38 38 38 39 41 41 41 42 45 0 0 124 135 150 191 192 193 199 233 233 233 378 419 448 452 490 504 517 537 598 600 604 611 663 684 686 815 838 863 864 901 941
73.127753304 56.2770562771 33 0 0 0 1 2 2 5 7 9 10 14 15 16 17 20 23 23 23 27 28 29 31 33 34 35 39 42 45 45 46 47 49 49 0 0 112 144 151 263 287 308 323 341 343 355 366 368 415 497 502 600 645 651 659 728 764 769 782 828 834 842 864 881 885 906 949
35.4625550661 95.4545454545 33 0 1 3 6 8 9 9 9 10 11 11 12 16 19 19 21 22 25 25 26 26 26 27 33 37 37 39 39 40 41 43 46 48 0 103 123 133 139 142 153 181 210 229 338 344 349 353 384 387 422 430 560 563 642 700 733 789 791 795 863 875 877 897 918 986 996
12.5550660793 23.5930735931 33 0 1 3 3 5 5 7 7 8 9 9 10 13 13 14 16 21 21 21 26 28 29 34 35 36 37 37 40 42 42 44 45 47 0 0 101 101 142 149 181 220 255 273 273 276 279 333 347 389 447 488 498 518 559 650 653 657 659 660 734 742 778 817 910 917 919
48.8986784141 63.8528138528 33 0 0 3 3 4 7 8 9 11 14 15 15 17 23 23 23 23 24 25 26 27 28 28 31 32 37 38 40 42 45 47 48 48 0 0 116 128 172 185 212 266 270 274 390 405 445 511 530 608 619 632 646 728 739 747 757 761 796 802 821 836 845 846 850 859 965
36.7841409692 84.4155844156 33 0 1 2 2 3 8 19 21 22 22 24 24 26 27 29 29 34 34 35 35 38 40 42 44 45 45 46 46 48 48 48 49 49 0 133 142 225 294 300 312 321 373 373 418 508 515 520 546 617 638 656 661 707 735 760 770 817 825 842 861 894 897 943 958 972 988
38.5462555066 11.6883116883 33 0 0 1 4 5 5 5 9 11 12 13 18 18 19 20 23 25 26 28 29 30 30 30 34 38 42 43 44 44 45 45 46 47 0 148 166 180 233 272 277 289 291 303 318 376 469 515 531 539 547 573 587 603 674 677 698 756 765 793 851 862 869 884 906 938 983
61.6740088106 63.4199134199 33 0 1 6 7 9 10 11 11 12 13 17 17 19 20 21 21 23 24 25 26 26 27 28 30 32 35 47 47 48 48 49 49 49 0 140 195 316 357 392 416 512 513 519 524 525 531 532 573 612 642 662 686 709 723 780 827 828 851 858 892 916 922 923 943 948 980
50.8810572687 67.7489177489 33 0 0 0 2 3 4 5 8 9 9 10 11 12 13 15 17 18 26 28 29 30 30 32 37 37 39 40 42 42 43 47 47 48 0 103 123 139 194 199 200 247 282 347 373 408 433 456 496 516 535 558 567 571 620 626 631 686 687 698 766 775 778 847 852 868 901
52.2026431718 63.8528138528 33 0 2 4 6 7 9 13 14 15 16 16 17 18 18 18 28 29 30 32 33 34 34 34 36 38 39 40 40 41 42 44 44 44 0 0 136 143 171 206 255 313 314 321 335 349 381 409 491 499 503 547 557 577 732 761 761 774 788 804 809 851 876 897 915 933 997
23.5682819383 72.0779220779 33 0 3 4 10 11 12 14 15 16 17 18 21 22 25 27 31 34 34 35 35 36 36 36 38 39 39 40 41 41 43 46 46 49 0 0 101 139 156 160 225 254 295 304 409 436 444 456 467 479 486 528 562 576 580 651 706 755 852 881 886 889 918 959 970 970 972
48.6784140969 44.3722943723 33 0 0 3 4 6 7 8 10 12 14 17 19 20 22 22 23 23 26 27 28 29 30 31 31 35 37 38 38 45 45 47 48 49 0 104 112 170 191 216 218 231 267 267 273 311 324 345 408 409 459 516 532 694 739 740 752 811 828 831 833 863 888 931 972 992 996
11.8942731278 32.0346320346 33 0 0 1 1 1 8 11 14 15 20 22 22 24 25 25 26 27 27 33 33 35 35 36 36 38 39 41 42 45 47 47 47 49 0 130 158 170 175 177 246 365 379 406 423 472 491 502 536 548 551 590 591 640 683 705 748 774 787 845 874 908 931 946 958 961 997
19.1629955947 59.0909090909 33 0 1 2 3 5 8 9 10 11 11 12 13 17 20 21 22 23 25 26 27 28 29 32 34 36 36 37 38 39 39 40 42 46 0 102 142 176 201 209 238 252 263 301 310 323 336 349 412 434 437 458 459 460 481 550 626 791 804 807 856 868 928 929 944 953 982
51.9823788546 57.1428571429 33 0 0 4 6 8 9 12 12 14 14 15 16 17 18 22 22 24 24 26 26 28 28 29 31 33 34 39 40 43 43 44 44 45 0 113 114 156 159 173 192 196 238 298 308 323 327 377 390 446 480 530 535 566 613 644 707 725 726 804 804 808 852 866 870 912 927
52.2026431718 25.1082251082 33 0 0 6 7 7 8 9 11 11 16 16 18 19 25 27 29 29 30 31 32 33 36 36 37 37 38 43 44 44 45 45 47 49 0 147 182 183 200 209 249 294 317 323 358 358 368 412 435 467 516 570 601 614 678 707 724 790 822 826 864 876 887 894 954 958 980
89.4273127753 74.025974026 33 0 3 3 6 8 9 9 10 10 15 16 17 20 22 25 28 29 29 30 30 31 32 34 39 39 42 42 43 43 44 44 46 49 0 110 136 171 209 265 282 347 352 365 377 391 404 420 448 484 505 604 624 676 694 749 771 820 834 856 857 860 874 901 912 951 965
76.2114537445 44.5887445887 33 0 0 0 5 8 12 14 15 16 16 18 21 22 23 23 25 25 28 29 30 31 34 35 35 36 37 38 39 39 40 40 40 49 0 186 196 260 282 283 323 329 357 402 407 489 542 546 549 556 586 588 630 671 705 717 738 818 819 833 872 880 881 917 920 929 996
0.0 33.3333333333 33 0 4 4 5 5 6 7 8 9 13 14 14 16 16 17 18 18 19 20 23 24 32 33 33 33 35 35 37 38 39 43 44 48 0 108 114 158 170 178 184 195 196 213 220 238 258 270 294 317 330 392 410 434 477 522 560 563 573 749 773 778 838 892 948 949 950
29.0748898678 63.4199134199 33 0 0 0 1 3 7 10 11 12 14 16 19 21 23 28 28 28 30 33 34 34 35 38 38 39 39 43 43 45 46 47 48 49 0 0 117 240 308 311 315 317 327 328 344 347 362 379 441 460 472 498 507 565 568 587 588 609 676 741 754 758 787 797 834 913 922
25.9911894273 100.0 33 0 0 0 1 1 2 2 7 8 9 10 12 12 13 18 19 25 27 27 30 32 33 35 36 37 38 39 39 40 41 42 42 44 0 144 154 251 263 276 348 355 383 424 508 522 550 566 568 569 572 615 642 643 646 653 694 712 771 796 823 862 878 883 896 934 988
60.7929515419 43.29004329 33 0 0 2 3 3 5 10 12 17 18 19 19 20 22 22 28 30 31 35 35 36 36 37 39 39 42 42 47 47 47 48 48 48 0 205 215 228 241 247 267 296 423 443 449 500 504 514 548 575 597 611 644 676 680 690 734 740 775 848 869 875 910 910 959 981 985
86.3436123348 58.0086580087 33 0 0 1 2 2 2 4 5 5 5 6 6 12 15 18 19 20 22 23 23 23 25 26 28 28 28 30 33 37 39 41 46 49 0 104 123 150 153 172 194 199 203 232 239 252 321 383 424 466 487 635 669 687 696 773 794 809 812 825 828 845 868 921 922 927 994
92.5110132159 38.7445887446 33 0 0 3 4 5 6 9 10 11 13 14 16 17 19 21 22 24 25 27 28 29 30 32 33 34 35 35 36 37 42 43 44 48 0 130 140 194 198 202 225 239 261 286 310 328 334 365 377 405 514 535 584 638 656 686 687 692 703 748 867 871 871 877 883 971 997
40.5286343612 72.7272727273 33 0 0 2 3 3 6 6 11 16 20 23 23 25 29 29 30 31 32 34 36 36 37 38 39 39 40 41 44 47 47 48 48 49 0 142 217 230 275 281 300 345 357 377 413 428 439 439 528 541 548 599 636 637 644 702 713 729 775 796 827 845 911 959 962 964 974
81.4977973568 48.2683982684 33 0 0 1 5 6 9 9 10 11 11 14 15 18 21 21 23 25 25 28 28 32 32 33 35 35 37 39 39 39 43 44 47 48 0 0 133 156 175 181 246 270 341 359 378 393 424 450 546 575 596 653 657 670 698 701 807 826 831 843 876 896 928 939 945 962 974
70.0440528634 76.1904761905 33 0 2 3 5 6 11 12 15 15 16 19 20 21 21 21 22 22 26 26 27 30 31 32 32 34 35 36 38 44 47 49 49 49 0 104 148 151 165 171 193 242 255 291 321 324 348 456 467 493 510 553 571 596 599 604 629 725 758 760 769 803 873 963 978 990 992
39.6475770925 72.9437229437 33 0 2 2 5 9 10 11 12 12 14 14 15 15 16 19 20 22 23 23 24 25 27 29 31 33 34 36 37 38 40 44 45 46 0 113 174 178 212 239 295 296 372 383 404 444 482 486 496 522 527 533 561 565 594 611 648 650 662 704 755 763 843 860 878 934 956
23.127753304 37.2294372294 33 0 0 5 7 8 8 8 10 11 11 15 17 17 22 22 23 25 31 31 32 33 34 37 38 40 40 42 43 43 44 44 46 49 0 118 133 135 165 200 204 221 242 338 340 344 349 389 394 434 435 491 507 644 656 678 700 716 717 743 765 781 852 880 892 898 908
76.872246696 79.4372294372 33 0 2 3 5 5 7 8 12 14 19 19 20 22 23 24 25 27 28 29 31 32 34 34 35 35 40 41 43 44 44 46 48 48 0 112 137 160 186 208 350 403 422 428 428 477 490 498 499 508 528 576 643 645 664 732 733 750 753 772 792 795 799 900 935 937 957
45.5947136564 63.2034632035 33 0 2 2 3 4 5 6 6 11 15 19 20 26 26 28 28 28 30 30 30 31 34 37 37 38 39 42 44 45 46 46 46 47 0 100 116 129 136 142 191 241 255 255 275 287 294 308 330 331 369 386 402 417 484 488 593 610 632 641 746 797 904 907 940 966 999
46.9162995595 63.2034632035 33 0 1 3 5 5 6 6 8 10 10 13 17 17 23 24 27 30 31 32 33 33 34 34 35 38 38 40 42 42 43 44 48 49 0 111 121 186 205 206 214 227 263 288 319 326 354 448 469 524 547 552 552 580 587 638 675 678 704 736 760 765 800 891 907 937 952
67.6211453744 25.5411255411 33 0 0 5 5 5 6 7 9 10 10 11 13 13 17 17 17 18 18 19 23 23 24 25 30 33 36 41 42 46 47 49 49 49 0 140 155 176 176 204 226 276 370 380 405 407 442 448 478 489 528 531 535 542 589 590 608 614 650 670 696 748 836 853 886 956 980
85.6828193833 68.8311688312 33 0 1 1 3 3 5 5 6 6 9 11 12 13 15 15 16 17 17 17 18 18 19 25 25 30 35 36 38 39 40 42 45 49 0 0 115 128 197 228 268 276 290 339 340 408 481 495 506 515 525 559 575 589 624 627 653 658 706 828 861 867 868 887 890 892 983
64.7577092511 35.7142857143 33 0 1 1 1 2 3 4 9 11 14 14 17 17 18 18 19 19 19 20 20 21 24 25 26 27 31 33 34 38 40 41 48 49 0 137 156 184 194 225 251 265 317 350 396 400 408 462 502 509 520 553 578 583 584 597 624 647 647 653 691 691 706 792 844 874 908
33.7004405286 47.1861471861 33 0 3 6 7 9 10 11 16 16 16 16 17 20 20 24 24 25 27 28 29 32 34 36 36 36 36 38 40 40 41 42 43 44 0 0 260 273 318 335 345 364 365 436 444 463 501 504 547 550 554 558 571 620 624 656 780 793 856 862 864 889 928 947 965 970 977
39.6475770925 77.2727272727 33 0 2 4 6 6 6 7 10 10 10 10 11 11 13 23 26 28 29 29 32 36 36 36 37 43 44 45 46 46 47 47 49 49 0 0 116 181 186 193 211 217 221 271 302 315 330 340 363 393 452 485 514 530 559 574 580 582 591 592 597 744 750 806 836 837 971
62.9955947137 20.1298701299 33 0 0 1 2 2 7 8 9 9 11 12 14 17 19 21 24 25 26 27 27 29 29 32 35 36 37 40 43 43 44 45 45 49 0 0 101 134 139 140 161 187 195 201 275 319 326 343 377 379 492 542 572 619 657 661 676 689 826 828 876 892 915 958 959 984 991
33.2599118943 42.2077922078 33 0 0 2 5 8 8 8 10 11 13 13 13 13 15 17 21 21 22 24 26 29 31 32 32 32 32 34 34 35 37 37 46 46 0 112 133 134 175 207 225 226 271 374 413 428 438 465 472 509 537 587 594 705 706 718 798 804 842 845 871 877 882 912 944 964 996
57.4889867841 34.4155844156 33 0 0 1 6 7 8 8 8 9 10 10 12 13 14 15 16 16 17 18 18 20 23 28 29 31 32 34 36 40 40 47 48 48 0 120 135 184 209 227 239 240 284 289 301 351 352 365 366 396 398 451 462 507 569 591 599 625 636 781 799 801 845 882 895 920 940
51.5418502203 58.4415584416 33 0 0 1 5 7 8 11 12 13 13 14 14 15 15 16 17 18 20 22 22 25 26 29 31 33 33 33 36 38 40 42 43 49 0 115 116 161 203 209 242 251 262 303 324 338 339 350 400 441 521 527 543 595 604 610 657 691 865 881 904 936 949 952 955 966 966
47.577092511 11.6883116883 33 0 0 2 4 6 6 8 8 9 11 16 16 17 20 20 21 21 24 25 25 25 30 31 32 35 37 39 43 45 45 45 48 48 0 0 126 169 178 183 216 217 220 254 284 345 357 360 430 455 527 560 562 604 610 624 625 655 660 670 716 756 776 818 859 871 931
82.3788546256 65.1515151515 33 0 1 1 5 9 9 10 10 10 10 10 11 12 13 14 15 16 24 26 28 32 32 37 37 38 39 40 42 43 45 45 46 48 0 106 127 140 145 160 178 266 269 314 335 352 394 408 413 446 480 485 488 530 535 552 573 668 688 710 771 852 898 923 932 975 987
24.0088105727 29.8701298701 33 0 2 4 5 10 10 11 12 14 14 16 21 23 24 25 26 26 27 27 27 28 29 30 31 35 39 40 40 41 41 42 45 45 0 103 105 116 127 173 185 193 208 249 300 305 319 329 349 359 484 507 508 555 620 642 663 666 674 674 704 718 874 889 927 934 986
88.3259911894 47.4025974026 33 0 0 2 3 4 6 7 7 8 11 12 13 13 13 14 16 19 24 25 26 26 31 32 32 34 35 37 37 42 42 44 46 48 0 118 162 245 254 259 270 271 273 279 295 332 358 373 451 489 501 513 526 541 576 581 585 599 678 741 821 832 849 934 950 961 997
50.6607929515 26.6233766234 33 0 3 3 7 8 8 11 11 11 13 16 16 16 19 23 23 25 26 26 27 28 31 34 35 37 38 40 42 45 45 45 47 49 0 119 119 140 140 197 221 238 254 303 317 318 398 417 439 473 490 509 523 532 567 595 623 632 699 705 797 798 867 904 928 956 988
39.8678414097 68.3982683983 33 0 0 0 2 3 4 4 9 10 10 10 11 13 13 16 17 19 21 21 25 31 32 33 34 34 35 37 37 40 40 44 46 48 0 111 114 152 159 191 282 294 334 404 410 449 504 552 573 575 628 641 666 669 694 722 733 777 792 823 855 865 876 923 976 982 991
13.8766519824 48.7012987013 33 0 1 3 4 5 7 8 9 9 10 11 12 18 20 25 26 26 27 29 29 29 30 30 31 31 31 39 41 43 44 44 46 47 0 131 146 204 263 267 274 389 402 426 440 455 467 471 497 502 503 521 546 560 567 571 577 593 622 712 719 788 798 837 932 944 984
26.6519823789 41.1255411255 33 0 0 2 2 4 10 12 14 18 20 20 24 24 25 25 26 26 26 29 31 35 36 36 37 40 40 42 43 45 46 47 47 48 0 140 164 182 192 194 272 275 332 357 395 461 486 531 553 590 613 619 645 646 662 679 709 731 754 769 802 809 830 878 959 968 990
56.8281938326 48.7012987013 33 0 0 0 2 3 4 5 5 6 8 9 10 10 10 11 12 14 16 17 18 18 21 28 29 34 36 36 36 36 42 45 46 49 0 0 109 123 129 235 248 260 304 330 373 416 424 427 470 484 489 493 496 502 526 624 638 653 707 733 781 902 910 918 992 993 997
24.6696035242 21.4285714286 33 0 1 2 5 5 9 9 10 11 13 13 14 17 19 19 19 22 25 26 27 27 30 31 32 32 33 33 34 34 39 40 44 45 0 0 102 115 182 202 237 237 237 254 300 321 396 445 461 467 476 512 525 660 751 807 809 810 817 833 854 883 884 901 905 913 995
2.86343612335 81.3852813853 33 0 4 8 10 10 12 13 14 14 15 16 16 19 24 28 32 34 34 37 37 40 40 41 44 44 45 46 47 47 48 48 49 49 0 0 130 157 195 195 217 234 276 285 306 355 369 451 473 474 514 535 537 624 629 693 738 765 768 792 811 861 865 928 943 953 973
31.9383259912 58.8744588745 33 0 3 3 4 8 8 9 10 11 12 13 15 16 17 17 18 20 20 20 21 22 23 26 35 36 37 39 40 43 47 47 47 48 0 0 113 142 210 248 312 314 342 387 418 424 457 473 474 497 513 520 563 577 582 588 653 655 665 731 769 775 807 814 913 929 987
28.4140969163 41.9913419913 33 0 2 5 6 6 7 9 11 12 14 15 16 17 20 20 25 26 26 26 28 29 33 34 36 36 36 37 39 39 40 43 45 49 0 101 111 118 119 128 129 151 178 185 198 264 288 311 350 356 357 400 404 558 562 573 645 712 761 801 809 812 813 829 858 876 984
14.5374449339 31.6017316017 33 0 0 0 5 6 6 7 8 8 9 10 10 13 15 20 22 22 24 24 25 28 29 31 31 32 32 34 36 39 39 41 42 45 0 108 160 194 217 242 258 271 282 336 348 387 389 444 480 496 500 519 549 557 604 668 761 771 775 808 851 852 858 870 924 974 984
40.3083700441 52.1645021645 33 0 1 9 12 12 17 17 18 19 21 23 24 28 29 30 30 30 30 32 33 35 37 37 39 42 42 43 43 45 48 48 48 49 0 175 267 272 296 319 326 333 371 388 389 436 469 488 518 548 566 605 631 640 652 668 742 797 862 866 880 883 897 908 934 937 966
51.3215859031 65.8008658009 33 0 0 1 4 6 7 8 13 16 17 17 17 18 20 20 22 27 36 37 37 37 37 37 38 39 40 41 41 43 46 48 48 49 0 0 105 118 176 180 182 220 279 294 322 328 353 369 395 460 514 546 553 556 559 612 621 627 716 763 786 932 962 973 984 987 989
46.4757709251 89.3939393939 33 0 1 1 2 4 6 7 8 9 9 13 13 18 23 23 24 28 28 28 31 31 32 32 33 34 35 36 38 39 40 45 45 46 0 0 110 125 129 137 164 223 228 291 387 398 464 479 488 495 556 654 670 699 701 717 723 731 773 789 813 831 855 885 896 916 941
57.268722467 59.3073593074 33 0 0 2 5 5 6 8 9 10 11 12 12 14 15 16 18 18 19 22 22 23 26 28 29 32 33 38 42 42 44 44 45 47 0 108 158 164 170 185 190 230 261 289 319 319 349 366 396 400 438 452 472 476 476 505 545 588 606 628 641 655 661 686 736 815 828
59.6916299559 66.2337662338 33 0 1 3 3 4 8 9 10 15 16 16 17 17 18 20 20 23 26 30 31 31 32 35 35 36 36 37 38 38 41 42 43 46 0 106 135 186 236 265 311 368 371 451 457 466 466 487 503 511 536 590 613 614 629 643 657 792 809 809 812 887 888 897 948 960 975
25.7709251101 26.4069264069 33 0 4 6 8 9 10 14 15 16 17 18 18 21 22 24 24 27 29 32 32 33 34 34 36 39 39 42 43 46 46 46 48 48 0 0 156 175 187 195 246 278 296 360 391 391 497 498 502 518 534 537 559 574 641 649 700 764 791 852 862 876 876 884 886 909 937
11.2334801762 83.9826839827 33 0 3 5 5 5 5 8 12 14 14 15 17 18 19 22 26 29 29 32 32 34 34 38 39 42 42 43 43 43 43 47 48 49 0 151 195 224 249 252 273 384 404 411 460 502 516 539 558 603 621 622 654 670 682 726 740 745 778 805 828 838 928 946 964 996 996
52.8634361233 36.1471861472 33 0 0 1 1 2 4 5 5 8 11 11 11 12 13 16 20 21 21 22 28 28 32 33 34 36 36 37 37 41 43 46 49 49 0 0 104 122 153 180 239 360 371 385 391 403 432 454 463 511 517 572 575 577 622 700 756 815 817 836 858 865 917 952 958 960 979
24.2290748899 77.4891774892 33 0 0 0 3 3 8 9 12 12 12 14 15 16 16 18 20 21 25 25 28 30 31 31 32 33 39 41 44 44 44 46 48 49 0 0 106 116 119 233 261 275 319 361 391 400 409 414 423 433 467 487 525 529 588 619 664 671 729 737 765 769 777 781 795 958 983
62.1145374449 49.3506493506 33 0 0 0 4 7 9 11 11 12 14 14 15 16 17 17 19 21 22 23 24 24 31 33 39 43 43 44 45 45 46 47 48 48 0 102 109 118 122 284 286 298 343 357 359 397 503 506 533 564 606 614 660 676 688 724 736 750 793 841 846 855 910 921 954 972 977
22.9074889868 52.8138528139 33 0 0 0 1 3 3 7 9 11 11 15 17 17 18 19 20 22 23 23 25 25 28 28 30 34 34 39 41 43 44 44 48 48 0 0 163 164 169 183 189 221 246 247 250 258 279 350 377 455 481 482 511 567 581 598 617 664 701 819 829 854 871 895 922 927 952
15.6387665198 59.3073593074 33 0 0 0 3 4 4 4 5 6 6 7 10 13 16 16 16 17 21 22 24 25 26 30 31 32 33 34 35 40 42 44 47 48 0 111 148 191 207 256 270 306 307 308 358 371 395 418 421 543 606 616 624 630 697 748 778 785 788 838 871 871 914 938 968 977 993
76.2114537445 50.8658008658 33 0 0 2 4 5 7 8 9 16 16 19 22 23 24 25 27 27 27 30 30 32 33 34 39 41 43 45 46 46 46 47 47 47 0 0 102 129 156 163 171 218 220 262 262 372 388 398 429 504 547 558 561 566 570 605 620 741 754 762 804 853 918 922 934 938 943
65.859030837 35.0649350649 33 0 0 1 3 4 4 6 10 15 16 16 17 17 18 21 24 25 26 27 30 30 31 31 33 34 36 37 38 41 42 48 49 49 0 114 137 149 155 166 205 231 299 334 361 369 380 405 418 428 430 456 507 511 526 553 644 710 724 766 784 825 826 860 862 886 983
62.1145374449 36.5800865801 33 0 0 3 4 10 10 11 12 12 16 16 17 19 23 27 28 32 32 32 33 34 35 35 37 38 39 42 43 44 46 46 48 49 0 104 123 131 208 247 275 330 341 408 433 453 458 479 541 574 585 594 622 693 713 714 744 749 809 815 923 944 946 950 956 959 990
20.0440528634 74.8917748918 33 0 5 5 5 5 6 7 8 8 8 9 11 18 21 21 22 24 30 30 30 32 34 35 36 38 38 39 42 42 43 43 44 48 0 112 116 131 140 149 156 172 194 217 219 255 294 362 402 422 456 456 457 463 506 522 535 547 601 627 712 722 728 785 801 819 847
54.4052863436 85.7142857143 33 0 2 3 4 7 8 12 12 13 14 15 17 18 19 19 21 22 23 23 28 31 31 35 35 36 37 38 41 44 44 45 46 48 0 102 111 162 218 223 229 281 294 337 366 383 466 514 526 528 532 551 576 586 605 636 698 742 804 804 823 832 846 899 933 948 957
37.0044052863 32.4675324675 33 0 0 0 0 1 2 2 2 3 5 5 7 13 15 18 19 19 19 21 25 25 27 27 29 30 32 34 36 36 39 43 43 46 0 129 148 170 192 192 233 290 329 338 342 362 379 403 448 464 471 486 551 595 615 647 759 775 821 838 848 886 889 942 953 959 996
61.8942731278 32.2510822511 33 0 3 3 3 5 6 6 8 9 9 10 11 14 18 19 20 20 24 24 24 27 30 31 32 35 39 40 41 43 43 43 47 48 0 110 124 213 244 256 282 283 292 331 376 443 449 453 471 484 492 499 531 541 544 585 600 684 751 752 791 799 810 831 851 862 914
71.3656387665 59.9567099567 33 0 0 2 2 3 4 4 7 7 8 9 11 11 12 13 19 22 23 24 25 27 28 35 37 37 37 38 39 41 41 44 45 46 0 111 112 118 187 206 215 225 229 272 280 380 444 453 499 560 572 584 661 664 666 688 692 704 723 830 862 875 911 914 920 950 979
34.5814977974 40.9090909091 33 0 0 0 1 3 4 9 9 14 16 16 18 18 19 21 23 26 30 31 35 36 37 37 37 38 38 42 43 45 46 47 48 49 0 104 145 156 176 276 312 313 340 341 364 364 374 482 488 490 509 516 602 605 644 651 661 670 787 810 812 835 862 877 923 934 979
96.9162995595 38.5281385281 33 0 1 3 4 4 4 5 7 8 9 12 14 18 18 22 22 25 29 30 31 32 33 35 38 40 41 42 44 45 45 47 47 49 0 101 167 243 258 289 310 343 387 408 438 475 479 481 494 513 518 529 581 590 605 650 684 692 709 715 823 835 863 899 910 969 977
22.0264317181 24.4588744589 33 0 1 3 4 6 7 8 10 11 13 13 15 15 16 16 22 26 27 29 31 31 31 32 34 35 36 37 37 38 38 45 46 47 0 0 115 128 151 185 202 261 272 346 362 362 379 435 450 457 513 557 568 592 599 618 646 646 657 662 765 777 784 818 822 835 954
19.8237885463 55.6277056277 33 0 0 1 1 2 3 3 4 8 9 10 12 13 15 17 18 23 29 29 29 31 32 33 34 36 38 39 40 40 42 44 46 49 0 126 135 139 150 153 178 268 274 279 298 334 404 449 477 627 628 647 661 693 757 797 813 836 845 867 892 935 958 967 973 977 988
46.2555066079 50.8658008658 33 0 0 3 3 4 5 8 10 10 11 11 15 18 18 19 21 25 25 25 27 28 31 36 36 37 37 37 42 44 44 48 48 49 0 0 110 115 123 162 164 248 271 291 295 299 301 311 386 390 404 443 480 608 632 646 647 665 668 690 696 711 784 828 840 887 930
57.7092511013 63.4199134199 33 0 0 0 2 2 4 6 10 14 14 15 15 15 16 17 20 20 20 24 25 25 25 28 30 34 40 41 41 44 45 45 46 49 0 115 144 185 201 201 224 231 232 287 303 346 351 361 366 482 485 493 496 511 512 548 582 772 774 775 812 822 835 889 897 906 937
22.2466960352 80.0865800866 33 0 0 0 5 6 7 7 10 12 12 14 17 18 18 18 23 23 24 24 24 26 26 29 34 35 37 39 39 42 43 43 45 48 0 173 197 250 276 303 307 319 331 372 404 442 450 473 488 490 502 547 560 594 598 662 664 717 721 732 743 755 779 787 882 930 946
17.4008810573 24.4588744589 33 0 0 0 0 2 4 7 10 10 11 12 13 18 19 19 21 22 25 27 30 32 36 38 39 40 41 41 43 43 44 47 47 48 0 119 160 165 173 208 220 229 266 287 296 356 412 455 456 458 494 555 556 559 616 720 737 753 762 785 863 908 937 941 948 956 987
239
48.6692015209 54.0755467197 9
78.5171102662 50.6958250497 4
38.783269962 36.7793240557 6
56.8441064639 68.986083499 3
38.5931558935 46.7196819085 5
44.6768060837 62.027833002 3
48.8593155894 48.7077534791 7
48.4790874525 69.9801192843 5
54.3726235741 43.9363817097 1
42.5855513308 78.3300198807 6
46.7680608365 84.0954274354 3
44.4866920152 42.5447316103 9
44.8669201521 13.916500994 5
40.3041825095 48.310139165 9
43.536121673 39.1650099404 3
63.1178707224 71.5705765408 3
33.0798479087 52.2862823062 1
40.3041825095 59.2445328032 6
35.1711026616 69.1848906561 3
70.5323193916 79.324055666 9
40.1140684411 92.2465208748 4
32.319391635 12.1272365805 4
64.8288973384 81.3121272366 3
48.8593155894 47.7137176938 9
66.3498098859 62.4254473161 2
75.4752851711 76.5407554672 1
23.3840304183 47.5149105368 8
30.2281368821 34.1948310139 9
36.6920152091 80.9145129225 5
50.7604562738 95.2286282306 6
40.6844106464 40.3578528827 1
26.2357414449 55.8648111332 7
38.5931558935 44.5328031809 6
68.4410646388 52.0874751491 7
48.4790874525 30.2186878728 5
42.3954372624 63.8170974155 7
39.3536121673 74.1550695825 8
67.680608365 63.6182902584 6
56.8441064639 85.8846918489 3
26.4258555133 34.592445328 8
36.5019011407 62.4254473161 1
28.1368821293 83.3001988072 2
11.7870722433 53.8767395626 2
31.9391634981 88.8667992048 7
48.0988593156 47.1172962227 5
26.4258555133 46.1232604374 9
59.5057034221 39.5626242545 6
50.0 62.4254473161 4
29.8479087452 65.8051689861 1
43.7262357414 57.4552683897 9
76.8060836502 56.4612326044 8
48.6692015209 43.9363817097 6
97.7186311787 32.2067594433 5
50.7604562738 74.1550695825 9
50.3802281369 63.4194831014 3
50.5703422053 48.9065606362 2
47.9087452471 36.1829025845 5
55.8935361217 48.5089463221 5
69.391634981 98.2107355865 9
19.391634981 38.7673956262 7
56.8441064639 55.268389662 2
42.7756653992 58.648111332 4
71.102661597 40.9542743539 9
72.2433460076 36.1829025845 1
70.5323193916 65.606361829 9
62.5475285171 51.2922465209 8
47.5285171103 60.8349900596 9
19.7718631179 76.3419483101 1
70.3422053232 72.9622266402 1
18.6311787072 53.2803180915 6
53.9923954373 54.6719681909 7
55.5133079848 81.1133200795 6
39.3536121673 39.3638170974 1
46.7680608365 73.9562624254 7
57.0342205323 57.0576540755 5
35.7414448669 43.7375745527 9
34.030418251 53.2803180915 5
43.9163498099 61.0337972167 3
39.7338403042 85.0894632207 3
6.463878327 31.8091451292 2
44.4866920152 59.6421471173 1
71.102661597 92.2465208748 3
62.7376425856 44.5328031809 3
24.3346007605 74.9502982107 5
56.2737642586 89.8608349901 4
36.5019011407 39.7614314115 9
53.4220532319 58.2504970179 5
40.4942965779 70.1789264414 5
38.9733840304 61.4314115308 8
30.4182509506 39.9602385686 1
30.7984790875 61.2326043738 1
47.5285171103 56.8588469185 6
28.897338403 70.9741550696 5
47.9087452471 47.9125248509 8
24.7148288973 79.324055666 2
33.0798479087 64.4135188867 7
42.9657794677 29.2246520875 2
41.2547528517 61.0337972167 5
7.79467680608 89.2644135189 3
54.752851711 69.1848906561 6
56.463878327 55.069582505 7
26.9961977186 100.0 1
39.1634980989 32.8031809145 5
43.9163498099 65.407554672 6
35.9315589354 30.8151093439 1
46.1977186312 71.7693836978 2
74.3346007605 72.365805169 9
49.0494296578 52.6838966203 3
33.6501901141 30.4174950298 6
28.897338403 52.4850894632 9
65.0190114068 99.8011928429 6
50.1901140684 33.0019880716 4
42.7756653992 66.2027833002 5
26.8060836502 55.8648111332 9
75.4752851711 54.8707753479 2
38.5931558935 53.0815109344 3
49.6197718631 62.6242544732 2
60.8365019011 38.3697813121 8
49.2395437262 36.7793240557 2
59.5057034221 42.5447316103 3
65.3992395437 30.8151093439 8
23.7642585551 62.226640159 2
58.3650190114 39.5626242545 7
10.6463878327 53.4791252485 8
43.3460076046 33.2007952286 2
43.7262357414 69.9801192843 9
55.1330798479 53.4791252485 8
19.5817490494 89.662027833 8
45.0570342205 81.5109343936 9
25.4752851711 40.9542743539 6
2.66159695817 53.8767395626 1
35.5513307985 60.0397614314 7
64.8288973384 94.6322067594 4
39.7338403042 51.0934393638 7
38.5931558935 90.4572564612 8
41.6349809886 75.1491053678 5
16.7300380228 70.7753479125 6
82.1292775665 49.1053677932 9
37.6425855513 48.9065606362 5
61.7870722433 54.4731610338 8
13.8783269962 80.7157057654 7
27.7566539924 66.6003976143 5
15.7794676806 58.0516898608 1
83.4600760456 89.0656063618 1
42.7756653992 49.9005964215 8
98.8593155894 51.888667992 8
30.4182509506 55.268389662 8
52.8517110266 50.0994035785 7
39.9239543726 66.0039761431 5
48.8593155894 64.4135188867 4
31.9391634981 76.1431411531 4
39.3536121673 73.7574552684 7
71.2927756654 39.1650099404 9
45.6273764259 75.1491053678 6
46.7680608365 53.4791252485 1
35.9315589354 74.5526838966 6
90.3041825095 50.8946322068 5
8.74524714829 72.7634194831 7
63.8783269962 49.9005964215 1
81.3688212928 40.7554671968 5
61.5969581749 42.3459244533 2
76.2357414449 51.0934393638 1
42.2053231939 58.2504970179 3
48.8593155894 55.069582505 1
82.1292775665 10.9343936382 6
75.2851711027 48.5089463221 4
46.9581749049 46.9184890656 7
56.0836501901 30.4174950298 8
78.897338403 68.1908548708 6
38.2129277567 67.7932405567 3
35.5513307985 56.2624254473 4
28.1368821293 47.9125248509 9
54.752851711 64.4135188867 6
46.5779467681 34.9900596421 4
100.0 41.550695825 5
55.8935361217 49.1053677932 4
79.2775665399 64.0159045726 2
0.0 61.8290258449 4
30.7984790875 60.6361829026 2
22.8136882129 39.7614314115 3
36.5019011407 64.4135188867 6
39.1634980989 33.7972166998 9
32.8897338403 29.0258449304 4
51.1406844106 56.0636182903 6
17.3003802281 59.2445328032 8
44.4866920152 65.2087475149 4
38.2129277567 63.4194831014 9
53.6121673004 72.7634194831 8
57.4144486692 61.6302186879 2
27.1863117871 41.351888668 2
42.0152091255 48.5089463221 5
32.5095057034 74.9502982107 3
38.2129277567 60.4373757455 6
43.1558935361 42.5447316103 1
58.7452471483 66.0039761431 5
74.3346007605 87.0775347913 7
80.0380228137 84.2942345924 4
19.7718631179 83.3001988072 3
52.6615969582 49.7017892644 8
66.3498098859 51.2922465209 6
54.1825095057 44.3339960239 6
28.3269961977 64.4135188867 9
49.4296577947 77.1371769384 8
74.5247148289 25.2485089463 6
64.8288973384 69.7813121272 8
42.7756653992 58.648111332 3
27.9467680608 71.1729622266 4
46.1977186312 56.2624254473 4
33.2699619772 46.5208747515 4
56.8441064639 42.7435387674 9
55.7034220532 56.4612326044 9
41.6349809886 88.8667992048 7
61.9771863118 43.5387673956 9
43.9163498099 76.7395626243 1
36.1216730038 0.0 2
68.0608365019 45.3280318091 1
26.9961977186 61.6302186879 6
59.3155893536 74.3538767396 5
47.1482889734 45.9244532803 1
50.9505703422 65.0099403579 7
15.969581749 50.4970178926 7
50.1901140684 39.3638170974 3
53.4220532319 60.4373757455 1
29.6577946768 49.7017892644 4
58.5551330798 57.4552683897 2
67.1102661597 34.9900596421 9
34.030418251 22.6640159046 9
53.0418250951 76.3419483101 1
62.927756654 93.6381709742 8
56.6539923954 71.3717693837 3
42.0152091255 65.8051689861 5
45.0570342205 66.9980119284 6
39.5437262357 28.0318091451 2
49.2395437262 54.2743538767 2
33.6501901141 67.7932405567 5
50.9505703422 76.1431411531 5
44.1064638783 38.1709741551 2
34.7908745247 88.6679920477 3
59.6958174905 64.6123260437 9
