129
53.8461538462 26.1029411765 32 0 3 3 5 6 7 15 16 22 24 26 26 29 32 32 33 33 34 36 37 38 39 42 42 42 43 44 44 46 47 47 49 0 113 119 124 156 219 239 258 266 316 332 334 349 443 460 466 479 528 546 616 655 656 695 736 741 773 812 887 914 929 940 993
60.2564102564 59.5588235294 32 0 0 0 1 3 4 6 6 6 6 7 10 13 13 15 16 17 25 25 27 29 29 31 34 38 42 43 43 45 46 46 49 0 102 126 173 176 199 280 292 303 312 371 443 553 587 625 650 654 674 712 720 721 748 805 823 895 899 900 911 919 922 938 942
100.0 77.0220588235 32 0 0 4 4 4 5 7 7 8 9 9 10 17 19 20 20 21 21 21 22 23 24 26 30 30 35 37 43 44 47 47 49 0 207 244 283 289 290 293 327 347 389 433 455 538 543 550 631 643 717 734 738 757 787 793 799 840 877 878 881 908 915 940 988
53.5256410256 52.2058823529 32 0 0 4 4 6 7 8 9 10 11 12 12 15 15 17 21 22 24 26 27 30 32 32 32 35 35 37 37 37 43 44 49 0 104 172 271 306 378 417 426 451 479 509 513 518 527 537 543 587 588 606 609 610 637 673 678 698 714 762 812 931 944 952 961
64.4230769231 25.0 32 0 0 3 5 6 8 9 13 16 17 18 21 22 24 26 26 26 31 36 37 39 40 40 42 43 43 45 47 48 49 49 49 0 333 343 345 346 353 368 387 400 493 591 601 616 626 675 676 695 708 727 741 769 798 813 847 874 875 886 888 899 924 963 967
60.4166666667 48.1617647059 32 0 0 1 2 2 2 4 4 6 8 9 9 12 17 22 24 24 26 32 32 34 34 35 36 37 40 42 42 45 46 47 47 0 108 111 111 126 150 243 291 304 320 342 343 344 357 452 476 512 554 562 624 657 661 780 782 783 823 829 871 923 939 975 976
42.1474358974 69.8529411765 32 0 0 2 2 2 3 3 7 7 14 15 15 16 20 21 23 23 24 25 25 26 27 28 29 30 37 37 40 44 45 47 49 0 119 197 221 243 254 295 342 410 423 467 511 519 521 537 538 548 563 607 653 656 675 703 776 814 840 871 919 932 940 942 972
35.0961538462 27.0220588235 32 0 1 4 4 5 6 8 9 10 15 17 18 21 22 27 29 31 32 32 35 36 37 38 38 39 42 42 43 47 47 48 49 0 145 205 205 207 249 251 302 325 399 428 477 482 522 537 638 668 673 687 713 734 740 805 852 874 880 905 910 941 944 955 977
53.5256410256 91.7279411765 32 0 3 3 5 6 9 9 12 14 16 21 28 29 30 31 34 34 36 37 38 39 41 41 42 43 44 47 47 47 48 48 49 0 100 134 160 167 175 284 369 388 392 515 528 613 629 631 641 667 678 691 728 756 772 817 837 882 885 896 905 939 980 989 998
69.5512820513 59.1911764706 32 0 0 4 6 10 11 12 14 15 17 21 21 23 29 32 33 34 34 37 37 38 38 39 41 41 44 45 46 46 47 47 49 0 0 123 144 157 264 308 347 365 391 392 402 472 484 508 549 578 601 608 643 671 716 722 752 758 758 869 871 880 912 966 998
51.2820512821 23.3455882353 32 0 0 1 2 2 2 3 5 10 11 13 14 14 15 16 17 19 21 22 22 24 26 28 29 33 36 42 42 43 45 46 47 0 0 192 203 239 291 295 303 355 370 418 461 492 510 514 566 568 628 648 701 713 714 742 784 793 860 930 949 965 972 985 986
58.0128205128 100.0 32 0 0 3 4 5 6 8 9 13 14 16 21 22 24 25 28 28 29 30 31 34 37 37 38 39 44 44 45 47 47 49 49 0 0 114 140 149 174 176 208 216 247 252 273 326 371 377 413 437 460 511 528 627 643 670 676 747 750 793 865 889 891 971 995
78.0448717949 47.4264705882 32 0 0 2 4 4 5 5 9 12 12 16 18 20 20 22 23 24 24 25 26 28 36 36 36 38 38 39 40 42 42 48 49 0 100 103 123 230 264 266 267 307 400 404 485 508 523 538 552 587 593 632 669 674 775 776 801 818 832 843 848 877 948 973 993
30.1282051282 45.7720588235 32 0 3 5 6 8 8 11 12 12 18 18 19 20 20 22 23 25 28 30 30 33 34 42 44 45 46 46 48 48 48 48 49 0 0 101 149 176 182 215 223 274 282 305 330 353 380 395 418 436 491 550 678 679 687 724 732 765 777 854 929 944 948 965 991
65.8653846154 39.3382352941 32 0 1 2 2 2 4 8 8 10 11 11 14 16 17 19 24 26 29 30 35 35 38 38 41 41 43 44 45 45 45 46 47 0 0 127 136 141 148 169 194 217 263 307 334 457 488 540 550 554 571 587 604 620 631 673 700 716 752 794 845 861 910 945 969
63.3012820513 71.1397058824 32 0 0 2 3 6 7 9 11 15 17 19 22 22 22 26 26 29 32 32 34 35 37 38 43 43 44 44 46 46 47 48 48 0 0 105 184 186 272 333 361 378 383 390 395 409 423 424 430 434 528 545 606 628 684 697 703 710 750 757 787 868 905 917 993
55.7692307692 53.3088235294 32 0 1 1 2 4 4 8 8 11 13 14 17 17 18 18 19 22 25 25 28 28 29 31 32 32 41 43 46 46 48 48 48 0 113 158 278 296 303 321 341 390 399 468 476 503 525 547 566 579 672 754 764 768 775 780 780 802 839 840 903 905 906 934 984
31.891025641 38.6029411765 32 0 0 0 0 6 6 7 7 7 11 14 14 14 16 16 17 19 19 21 21 25 25 27 28 32 33 41 44 46 47 47 49 0 100 152 191 201 212 218 239 250 315 365 368 375 424 428 468 499 510 519 547 559 570 601 601 608 642 675 676 693 725 757 841
29.1666666667 54.7794117647 32 0 1 6 7 7 8 11 12 15 17 18 22 22 24 24 26 27 28 28 33 33 35 35 35 36 36 40 42 42 44 45 47 0 116 129 132 168 170 202 336 344 349 398 483 508 553 570 571 610 612 703 759 779 836 848 851 878 892 913 925 927 930 931 957
72.7564102564 43.3823529412 32 0 0 0 1 4 4 6 10 11 12 14 15 16 18 19 21 21 23 24 25 30 33 33 34 34 34 34 34 36 38 39 48 0 0 142 154 154 244 336 346 373 433 487 498 544 556 564 597 604 605 608 675 679 703 727 776 806 817 912 930 946 965 982 991
50.641025641 31.25 32 0 0 0 2 2 3 3 4 4 6 7 8 9 18 24 28 29 30 31 31 33 34 34 38 38 40 41 43 44 46 47 48 0 0 140 185 202 204 286 298 322 336 350 351 353 370 372 396 454 558 559 579 651 668 674 679 685 701 781 784 807 862 934 965
51.9230769231 22.4264705882 32 0 2 6 8 8 9 9 9 10 10 10 12 13 19 21 21 24 26 31 37 38 39 39 39 40 40 41 41 43 45 47 49 0 113 154 202 218 233 267 269 359 377 411 429 430 448 465 468 468 473 479 513 523 526 528 543 626 656 678 814 840 924 930 944
68.108974359 67.0955882353 32 0 1 1 3 4 5 7 8 11 12 12 12 13 16 22 25 25 26 26 27 28 30 34 36 37 37 46 47 47 48 49 49 0 112 129 182 226 247 361 383 388 426 474 474 478 490 516 556 562 612 618 665 668 689 726 736 737 762 795 827 884 951 955 958
52.5641025641 50.1838235294 32 0 0 0 4 6 6 9 12 12 15 16 17 17 17 18 18 20 26 27 28 28 31 31 36 38 40 41 44 46 46 46 47 0 113 119 152 183 220 249 257 308 320 349 402 419 426 447 622 680 692 695 718 727 753 806 824 840 844 855 894 938 940 952 986
70.3525641026 50.7352941176 32 0 0 1 4 7 7 8 8 9 15 16 17 20 22 25 27 28 28 28 30 31 33 34 36 37 37 39 42 43 44 45 46 0 0 153 158 167 275 321 327 355 363 367 473 480 490 520 542 579 651 658 696 701 703 768 788 840 867 907 937 947 976 996 997
38.7820512821 75.0 32 0 0 0 1 3 5 7 15 15 16 17 18 23 26 26 27 28 30 30 32 33 34 36 39 39 41 41 42 42 46 47 47 0 103 117 160 207 261 296 307 311 317 330 469 478 491 541 558 574 613 655 703 715 719 745 766 786 844 857 876 921 941 946 984
46.1538461538 36.0294117647 32 0 2 3 3 7 7 10 11 12 14 15 15 16 17 21 21 22 25 27 28 30 30 30 32 34 36 36 37 39 43 46 47 0 0 131 151 152 199 240 258 294 312 314 360 403 411 414 517 531 555 654 673 677 679 705 707 774 798 819 863 900 918 924 931
65.0641025641 63.4191176471 32 0 1 5 9 10 10 10 14 15 18 23 25 26 26 28 29 31 32 32 33 34 42 42 43 44 46 46 47 47 48 49 49 0 0 123 140 144 228 233 264 272 276 290 325 328 354 376 397 413 427 429 458 499 522 559 628 631 635 765 777 852 885 963 967
70.9935897436 78.3088235294 32 0 0 1 2 3 3 6 7 9 12 15 15 15 16 17 20 22 22 22 25 28 31 32 33 33 34 41 41 42 48 49 49 0 0 150 188 202 211 254 278 336 345 375 396 397 427 445 488 507 610 611 616 671 707 720 723 748 830 840 867 883 912 983 986
86.3782051282 69.8529411765 32 0 0 0 2 3 3 4 5 7 9 10 16 17 19 19 21 22 25 26 31 33 37 40 40 42 42 44 45 47 47 48 48 0 167 180 206 228 247 247 281 295 301 391 429 454 455 465 517 532 566 568 571 604 640 647 666 683 777 834 893 897 940 946 962
82.0512820513 29.9632352941 32 0 2 4 6 8 11 11 15 17 18 21 22 22 22 23 27 28 32 35 35 36 36 37 37 38 41 41 45 46 47 49 49 0 101 134 156 220 224 240 277 288 303 332 397 414 459 621 647 717 724 767 779 820 830 863 889 898 899 926 943 944 951 959 980
83.6538461538 5.51470588235 32 0 3 3 4 6 7 8 11 11 12 13 14 21 21 21 22 22 23 24 27 28 33 33 34 35 38 39 42 45 48 49 49 0 182 225 227 227 240 248 254 255 261 264 297 303 396 424 425 464 498 530 549 550 580 582 582 665 673 676 697 785 856 955 981
75.8012820513 43.3823529412 32 0 0 0 2 3 5 8 12 17 18 19 21 26 27 27 29 30 31 32 37 37 39 39 40 40 40 41 44 45 45 46 47 0 179 209 222 246 271 330 336 427 470 552 562 562 605 607 616 617 618 631 657 673 685 731 772 776 778 790 792 912 940 962 989
36.2179487179 22.4264705882 32 0 2 2 4 6 7 8 9 11 12 12 13 13 15 15 16 21 23 24 27 28 31 33 33 37 39 41 41 42 43 47 49 0 103 166 186 224 252 292 297 314 328 340 400 408 431 437 450 453 488 536 577 583 588 635 671 704 719 755 831 838 893 940 954
97.9166666667 63.0514705882 32 0 0 2 4 8 11 11 13 13 13 14 15 15 17 18 20 22 26 26 29 31 33 35 36 37 39 43 43 44 46 46 49 0 121 164 171 173 199 217 324 331 341 354 460 525 551 599 619 631 645 649 700 789 806 849 857 883 903 903 926 926 933 933 936
58.1730769231 36.5808823529 32 0 4 5 6 8 9 9 12 14 16 18 20 24 25 27 28 31 33 35 37 38 39 39 40 41 42 42 44 45 47 49 49 0 0 126 149 154 236 278 300 414 425 437 464 534 546 600 611 619 622 681 740 750 757 813 840 865 876 892 917 944 946 950 996
69.0705128205 37.3161764706 32 0 3 6 6 8 9 11 13 19 20 21 24 25 25 25 27 28 29 33 33 36 38 39 40 42 44 46 47 49 49 49 49 0 0 130 131 205 219 244 254 264 272 298 405 438 493 529 606 650 651 662 662 722 778 787 788 809 826 886 902 909 916 973 977
61.2179487179 72.2426470588 32 0 0 0 3 5 5 6 10 10 10 11 11 12 13 13 17 20 20 21 22 23 26 27 30 39 40 42 42 43 48 48 49 0 0 126 132 156 217 259 260 272 315 352 388 397 411 462 518 578 624 626 632 646 836 885 898 921 947 948 963 969 979 986 995
52.0833333333 66.3602941176 32 0 2 5 6 7 9 10 12 14 14 15 18 21 22 24 25 25 25 25 30 31 32 32 32 34 35 38 42 43 48 49 49 0 149 158 198 243 276 391 407 408 422 460 521 555 578 582 601 615 626 664 676 703 712 714 773 782 791 851 907 913 918 969 971
56.7307692308 54.9632352941 32 0 0 1 1 2 3 4 5 6 9 9 10 10 12 14 16 20 24 26 28 28 29 30 30 30 30 32 33 43 48 49 49 0 120 178 179 179 208 219 237 266 327 356 393 464 485 497 530 541 622 623 641 679 757 798 815 824 830 850 857 888 923 950 970
49.6794871795 36.0294117647 32 0 3 3 3 6 7 8 8 10 13 14 18 18 19 20 22 22 23 24 24 25 26 32 35 37 37 38 40 42 44 47 48 0 0 130 211 225 231 231 268 341 380 424 448 471 476 532 534 552 571 595 610 684 710 750 802 808 818 836 872 887 888 923 926
54.9679487179 93.1985294118 32 0 0 2 2 2 5 8 13 13 14 14 14 15 17 19 21 22 26 28 31 31 31 31 32 32 37 39 40 42 45 46 49 0 132 137 174 251 260 285 326 371 376 432 441 499 504 531 533 549 566 570 640 641 677 694 717 747 806 828 843 844 892 907 965
53.8461538462 5.88235294118 32 0 0 6 8 11 11 14 15 17 18 19 21 22 25 27 29 30 32 32 33 36 38 39 40 42 42 42 44 46 48 48 49 0 131 138 193 235 251 255 262 266 293 370 450 456 485 493 533 586 619 690 744 747 779 780 859 873 897 904 942 957 963 969 988
66.3461538462 51.8382352941 32 0 0 3 5 8 11 13 13 17 18 18 19 21 22 22 24 27 28 30 31 32 34 35 35 36 39 40 41 45 48 48 49 0 113 146 182 202 263 277 336 338 423 456 464 483 517 529 530 532 544 561 592 605 653 716 875 900 907 935 940 951 957 970 992
48.3974358974 58.4558823529 32 0 4 5 5 6 8 9 12 13 13 14 18 19 25 26 28 28 29 31 34 35 36 37 38 39 40 41 43 44 46 47 47 0 108 135 161 259 269 278 293 319 343 357 399 433 441 456 499 518 524 546 547 577 631 652 662 690 819 826 830 861 866 889 956
62.5 38.0514705882 32 0 1 1 2 5 6 6 9 9 10 12 12 21 21 21 24 25 27 29 30 31 32 34 34 38 39 40 40 40 41 42 46 0 120 156 169 197 204 242 355 357 365 395 400 421 438 459 490 514 555 616 641 756 761 801 814 834 835 869 899 900 925 971 983
72.4358974359 17.4632352941 32 0 3 4 5 5 6 7 7 9 10 15 17 18 18 18 22 22 22 26 28 30 32 35 37 39 41 41 41 43 47 47 49 0 108 137 224 239 259 279 304 431 434 437 507 513 613 624 637 685 710 717 770 776 797 805 823 826 839 873 877 884 928 983 984
52.0833333333 49.2647058824 32 0 0 0 0 0 5 6 12 12 17 18 20 20 22 26 26 27 28 28 29 31 32 35 36 39 40 40 44 45 47 48 49 0 0 121 156 244 247 287 334 340 398 419 444 450 480 518 574 617 636 670 673 684 695 770 829 841 842 856 920 948 958 970 982
59.2948717949 12.3161764706 32 0 1 3 3 4 4 5 6 6 7 7 7 8 13 17 18 19 20 21 24 25 25 26 27 29 36 36 41 42 44 45 47 0 156 166 172 175 194 229 236 268 321 322 334 384 384 435 458 527 550 601 669 669 709 714 718 732 753 780 809 823 876 883 980
85.5769230769 28.3088235294 32 0 0 1 2 2 4 7 8 10 12 13 13 14 16 20 21 22 22 23 25 26 28 28 37 40 42 44 44 46 47 47 48 0 0 107 117 119 147 180 184 186 259 295 318 330 352 429 445 451 456 460 582 592 604 685 719 762 785 801 805 895 908 913 916
32.3717948718 19.3014705882 32 0 0 1 2 3 3 5 5 6 6 6 7 9 11 12 26 28 29 30 31 32 37 41 42 43 43 43 44 46 46 47 47 0 108 120 125 133 208 213 231 268 270 277 302 315 337 345 345 506 516 522 533 583 626 648 707 715 761 779 882 897 920 939 961
41.0256410256 59.7426470588 32 0 1 2 2 4 6 8 8 8 9 11 12 14 20 25 26 27 28 28 28 30 30 35 35 38 39 40 42 43 44 46 48 0 135 142 165 194 198 204 233 294 296 318 365 418 433 498 537 542 559 659 659 681 698 725 790 813 818 823 839 861 904 914 925
61.6987179487 48.7132352941 32 0 1 2 2 5 6 7 13 14 19 20 23 23 25 26 28 28 30 31 31 33 34 35 36 38 38 38 40 41 46 47 49 0 0 100 133 140 156 179 195 245 269 316 345 401 410 438 457 468 475 484 521 532 614 641 647 677 698 707 710 714 721 724 805
89.2628205128 28.8602941176 32 0 1 4 7 7 7 8 9 10 11 12 13 18 18 21 24 26 26 32 33 33 33 34 35 39 40 42 43 44 44 48 49 0 0 116 145 162 205 216 224 226 328 337 360 361 362 427 492 497 575 588 629 638 702 714 716 739 793 872 882 916 936 975 984
52.8846153846 61.2132352941 32 0 1 3 7 8 10 11 13 14 20 20 20 21 22 25 25 27 27 29 31 34 35 35 35 37 37 38 43 43 44 46 46 0 0 101 102 135 175 192 197 213 218 248 267 302 337 339 529 557 558 568 571 592 592 629 639 642 669 700 791 821 836 861 892
52.8846153846 19.4852941176 32 0 2 4 10 11 15 17 18 18 21 22 22 23 23 24 25 27 28 29 30 32 36 37 39 39 44 44 45 46 47 47 49 0 135 154 167 189 200 217 336 376 384 404 421 446 449 506 575 633 654 671 734 798 798 816 821 839 849 866 870 935 939 961 986
75.3205128205 55.5147058824 32 0 0 3 4 4 4 6 7 7 7 7 9 14 15 16 20 20 22 24 25 25 26 27 29 30 30 38 40 44 45 45 47 0 126 130 147 166 187 254 297 316 322 351 358 370 376 420 431 439 459 463 470 514 563 612 622 637 648 678 696 811 848 852 857
51.1217948718 25.7352941176 32 0 2 6 6 8 8 8 9 11 11 14 15 15 17 17 21 23 26 33 33 34 35 37 37 40 40 42 42 44 45 46 47 0 157 177 184 207 229 315 344 370 440 502 504 540 554 590 614 620 641 652 685 687 702 734 809 828 842 852 878 911 936 941 981
67.7884615385 40.625 32 0 2 4 4 8 10 12 12 12 14 14 16 18 21 23 25 26 31 31 32 34 36 37 37 39 39 40 40 41 49 49 49 0 0 102 108 125 158 178 178 199 231 265 327 375 418 469 508 513 571 593 595 625 677 678 679 687 695 701 712 734 892 920 920
85.7371794872 43.1985294118 32 0 0 3 7 9 9 12 17 18 19 19 20 20 20 24 25 31 32 34 34 34 35 37 37 37 38 39 39 41 45 46 48 0 118 119 127 220 221 265 273 283 377 381 405 452 495 513 536 573 581 602 613 631 650 661 682 712 758 797 824 833 863 900 996
45.9935897436 31.9852941176 32 0 1 3 4 6 8 9 9 12 12 15 16 19 20 24 24 27 28 31 32 32 33 36 37 38 38 41 41 44 45 46 48 0 177 198 306 328 343 349 389 418 434 455 466 474 502 503 504 535 569 571 626 664 665 704 706 709 803 817 839 857 858 859 872
62.8205128205 29.2279411765 32 0 2 3 4 6 8 9 12 16 23 25 25 26 26 26 26 27 28 29 30 32 34 35 38 39 40 40 41 42 46 47 48 0 185 211 213 313 332 386 386 389 408 450 467 468 527 544 551 556 600 621 625 663 695 773 788 803 811 812 824 863 881 904 962
38.6217948718 78.125 32 0 0 1 2 3 8 10 13 14 15 20 24 27 28 29 29 31 34 36 37 38 39 40 40 41 41 43 43 45 45 47 48 0 0 116 116 142 224 250 298 331 362 374 449 450 499 533 537 539 561 606 608 696 710 763 806 856 872 879 897 923 951 997 998
28.2051282051 51.8382352941 32 0 0 0 5 8 9 11 14 15 15 15 19 20 21 24 29 29 29 31 31 34 34 36 37 37 40 42 43 44 46 47 47 0 113 177 185 189 304 311 361 367 375 379 394 404 409 418 487 495 550 599 617 619 680 708 709 748 804 810 826 862 863 878 951
63.4615384615 22.4264705882 32 0 0 1 2 4 8 10 13 16 17 22 22 22 23 25 26 27 28 29 29 30 30 32 32 33 35 36 38 41 42 44 45 0 0 172 178 178 190 204 226 264 273 287 344 366 434 514 517 545 600 608 619 636 674 740 757 799 813 885 907 938 955 978 985
45.0320512821 65.8088235294 32 0 4 6 9 12 12 12 14 15 15 19 19 19 21 27 28 28 29 29 32 36 36 38 38 40 41 41 42 42 45 45 45 0 119 133 153 162 167 326 341 346 359 403 414 466 486 513 538 551 596 600 663 669 677 680 694 714 720 744 776 796 965 971 993
57.3717948718 23.3455882353 32 0 0 2 3 5 5 5 6 11 11 12 14 16 18 21 22 23 24 25 26 28 31 36 38 38 40 40 42 43 46 48 48 0 134 156 215 267 295 355 358 393 400 423 448 517 517 596 614 617 628 629 636 734 736 756 780 809 839 843 869 915 934 990 998
64.7435897436 37.1323529412 32 0 5 5 9 9 9 12 13 17 18 18 19 21 23 24 25 27 28 35 37 37 43 43 43 44 45 46 47 47 48 48 49 0 0 259 264 293 313 325 343 343 440 461 507 552 631 659 696 700 721 737 738 757 768 775 804 853 868 882 883 886 891 959 991
42.9487179487 52.3897058824 32 0 4 4 5 6 10 11 12 13 14 16 17 19 20 21 21 23 23 24 28 28 32 34 35 37 37 40 41 41 42 44 47 0 219 228 230 246 273 282 287 292 315 341 352 361 397 488 514 516 529 550 562 580 585 617 657 678 693 772 774 807 841 855 948
50.0 0.0 32 0 0 1 4 6 8 8 10 13 13 14 14 15 15 16 17 18 18 19 21 23 27 28 30 31 35 37 41 44 44 45 46 0 0 106 123 137 140 180 230 259 291 298 356 407 432 457 485 521 524 577 638 673 688 780 811 815 847 923 925 927 970 976 981
61.3782051282 47.2426470588 32 0 0 2 4 8 9 12 15 15 18 20 21 21 23 24 27 28 29 30 30 31 33 36 36 39 40 42 46 47 47 48 49 0 107 128 131 169 249 249 250 273 321 336 343 381 383 431 442 451 459 550 557 565 612 652 658 673 706 717 750 770 879 915 959
37.9807692308 24.2647058824 32 0 6 7 9 10 10 10 11 12 13 13 14 16 16 17 24 24 25 28 28 31 33 34 35 36 38 39 40 44 44 44 49 0 103 147 174 227 229 237 279 294 309 365 367 485 501 560 562 562 618 651 662 666 703 732 769 774 780 828 866 888 946 974 988
40.7051282051 38.4191176471 32 0 0 0 3 3 6 7 8 10 11 14 15 22 25 25 26 28 28 28 29 30 32 32 39 41 43 43 44 45 46 47 47 0 139 141 239 242 283 301 311 323 346 358 373 406 477 482 642 643 645 667 682 702 728 731 755 761 812 825 836 855 868 956 993
26.4423076923 46.6911764706 32 0 3 5 6 6 8 10 10 11 11 12 15 21 21 22 24 25 26 26 26 29 29 31 31 33 39 43 43 44 44 46 46 0 100 142 143 161 164 189 191 241 241 278 288 304 372 379 386 445 461 465 523 555 619 652 665 680 721 822 834 865 874 883 940
0.0 54.4117647059 32 0 2 2 7 12 12 13 14 15 15 17 18 21 21 22 23 24 24 25 30 30 31 31 31 32 33 37 39 43 43 45 46 0 0 111 118 281 285 290 309 323 328 336 344 344 389 440 511 605 625 625 627 686 698 707 789 800 839 879 880 922 922 989 989
60.5769230769 59.375 32 0 0 1 2 3 6 8 10 13 13 14 15 16 19 23 25 26 28 29 31 32 33 36 38 39 41 42 44 45 46 47 49 0 0 100 106 146 148 189 221 227 267 271 329 340 357 385 451 466 466 467 518 522 559 571 591 632 641 801 836 916 977 980 987
62.5 74.8161764706 32 0 0 1 2 3 7 10 11 15 16 20 20 21 23 27 27 28 29 29 30 30 31 33 36 38 39 40 42 45 46 47 49 0 107 116 127 149 173 197 208 274 278 332 463 479 522 561 589 645 659 660 730 730 768 790 798 815 873 898 903 908 915 964 966
50.9615384615 53.4926470588 32 0 0 1 1 2 2 3 4 4 5 14 15 15 16 16 17 18 18 19 23 24 24 25 26 26 28 28 30 34 46 46 47 0 103 114 115 130 152 200 248 348 370 406 444 445 455 480 486 528 586 596 634 638 674 695 700 702 778 779 799 874 900 940 978
47.7564102564 27.7573529412 32 0 0 1 3 7 10 10 11 16 16 20 23 24 25 26 27 27 29 30 31 31 32 35 38 40 40 41 42 42 42 43 47 0 106 119 142 147 182 188 215 220 230 246 279 387 422 427 459 471 513 545 559 577 629 635 652 746 748 751 768 786 822 826 892
69.2307692308 36.0294117647 32 0 0 4 7 13 13 14 16 18 21 24 26 27 28 29 29 31 34 34 36 37 37 37 38 38 40 43 45 46 46 49 49 0 131 133 144 179 183 215 254 271 291 303 341 359 368 480 488 565 586 628 630 733 768 787 819 827 846 872 890 931 984 987 994
43.108974359 43.75 32 0 0 3 3 4 6 6 12 13 15 15 15 16 17 17 18 22 23 24 26 32 34 35 36 37 40 42 43 48 49 49 49 0 102 110 137 159 186 258 269 277 343 379 382 391 392 410 422 673 675 687 748 786 788 826 855 875 907 911 912 918 936 976 996
56.7307692308 46.1397058824 32 0 3 5 5 9 10 12 14 15 16 17 17 19 20 22 22 24 28 29 32 38 40 41 42 43 43 43 44 44 47 47 47 0 109 138 141 149 222 249 273 291 318 322 340 356 374 381 388 398 461 477 517 517 518 591 595 621 657 681 735 753 854 918 962
71.6346153846 16.5441176471 32 0 1 3 4 4 12 13 13 19 19 20 20 20 20 21 24 27 29 29 31 32 35 36 36 41 42 43 45 45 46 47 48 0 0 107 112 160 178 178 198 320 339 376 398 413 449 468 477 504 532 563 575 586 595 643 721 752 757 806 860 931 958 971 977
37.6602564103 34.375 32 0 4 7 9 10 12 16 17 17 27 28 30 30 32 32 33 33 34 35 36 37 37 37 37 37 39 43 43 44 49 49 49 0 154 200 202 209 213 217 228 239 271 345 433 443 460 497 549 612 621 624 667 670 696 704 773 796 811 828 834 844 845 888 952
43.108974359 34.375 32 0 1 7 8 9 10 11 14 14 18 19 20 21 26 27 27 30 31 31 33 34 37 38 38 39 41 41 41 45 45 47 47 0 0 123 140 152 172 188 215 226 261 279 282 315 332 342 348 365 425 507 513 564 576 583 585 602 723 746 867 894 921 957 969
70.6730769231 49.0808823529 32 0 0 1 1 2 3 4 7 9 9 9 10 11 11 12 12 12 16 16 17 23 24 25 29 30 32 34 38 45 48 48 49 0 0 112 161 184 216 231 246 250 253 310 465 473 492 505 525 558 580 584 611 631 702 714 830 845 893 922 923 929 934 951 973
84.7756410256 29.0441176471 32 0 1 3 7 7 7 11 12 17 18 20 21 22 24 25 25 27 28 30 31 33 38 38 40 41 42 42 43 43 45 46 48 0 120 169 180 189 189 194 210 225 233 283 289 293 311 431 479 486 490 567 585 684 723 785 816 823 851 855 939 949 954 966 974
97.4358974359 46.1397058824 32 0 2 2 4 5 8 8 12 14 14 15 17 19 20 21 23 23 25 26 29 32 38 39 40 41 43 43 43 44 45 45 48 0 111 164 168 292 345 350 352 391 395 417 427 445 457 468 480 513 526 562 583 589 620 700 701 726 785 795 796 844 846 858 969
52.7243589744 30.3308823529 32 0 0 3 4 5 6 8 10 11 12 12 13 14 15 16 19 26 28 30 31 32 32 32 33 33 34 34 36 41 44 46 47 0 127 135 144 163 168 171 177 193 266 352 354 359 410 429 434 441 455 487 513 519 541 582 671 683 781 791 838 857 883 896 923
86.858974359 45.0367647059 32 0 4 4 6 7 9 9 9 10 11 12 13 13 13 13 14 19 21 23 28 31 33 33 33 34 38 41 41 42 46 49 49 0 0 197 287 320 338 389 401 415 493 493 523 538 562 562 584 717 724 762 783 819 831 844 862 938 949 950 968 969 973 987 999
55.9294871795 65.4411764706 32 0 0 1 2 6 6 7 7 9 13 16 17 20 28 28 30 30 32 32 34 35 36 36 37 39 39 40 40 40 44 46 47 0 100 149 186 200 213 251 255 259 311 339 358 374 380 419 420 428 469 471 489 541 557 595 619 731 784 804 826 857 887 960 992
61.858974359 64.1544117647 32 0 1 1 5 6 8 11 13 13 14 16 18 21 22 23 25 26 30 31 32 35 35 40 40 41 41 42 42 43 46 47 49 0 158 210 229 239 241 248 271 294 359 485 490 492 549 553 582 599 648 660 680 684 725 743 766 769 778 801 811 874 875 988 999
93.9102564103 35.1102941176 32 0 0 1 2 2 4 7 7 11 11 12 12 13 14 14 16 16 16 22 24 27 27 30 32 32 32 36 37 38 42 43 43 0 0 113 122 156 158 170 190 251 294 299 362 369 412 464 470 500 500 505 559 569 583 588 589 633 685 734 898 923 952 985 991
66.1858974359 39.1544117647 32 0 5 5 9 10 10 11 11 13 16 18 20 20 23 23 27 28 31 33 34 34 35 36 36 36 37 41 45 46 47 48 49 0 103 105 125 129 163 204 241 268 315 395 403 416 435 457 498 509 515 569 572 601 603 630 630 638 647 694 742 744 810 957 969
37.5 63.0514705882 32 0 0 0 1 6 7 8 8 10 15 15 22 23 23 24 25 25 26 27 29 29 31 33 37 39 39 40 41 41 43 46 48 0 134 171 206 209 255 263 267 272 288 304 320 345 353 363 390 505 557 568 580 603 632 645 660 681 700 711 745 757 821 856 884
62.9807692308 38.0514705882 32 0 0 2 8 9 10 12 17 17 18 21 24 25 25 29 30 30 35 36 37 38 38 39 39 39 43 44 44 45 46 47 47 0 274 336 347 379 389 393 420 434 449 454 503 531 571 617 629 643 649 650 650 653 692 766 799 807 884 918 931 941 978 979 982
66.8269230769 41.7279411765 32 0 2 3 4 10 10 11 15 17 18 19 19 20 22 22 22 24 25 30 31 31 33 35 36 36 39 39 46 46 46 47 48 0 170 193 200 323 333 338 395 492 500 503 537 539 555 579 587 629 632 641 656 658 672 718 774 809 866 909 909 910 958 963 972
61.0576923077 53.125 32 0 1 4 4 7 7 9 16 16 17 18 23 24 25 26 27 29 30 31 32 34 34 35 39 40 40 45 45 46 47 47 47 0 198 215 226 304 343 355 373 401 413 415 482 499 530 535 605 633 666 691 694 710 715 792 824 853 858 864 892 941 980 994 995
66.0256410256 41.1764705882 32 0 2 7 8 9 9 10 10 12 14 16 16 17 19 19 20 21 22 24 25 28 29 29 31 33 34 41 42 45 48 49 49 0 0 170 172 195 232 234 305 339 405 429 431 445 501 510 525 532 544 561 576 594 611 808 812 858 895 917 928 950 971 988 997
16.5064102564 50.3676470588 32 0 0 0 2 3 5 5 8 9 15 16 16 23 23 25 29 29 30 30 32 33 34 36 41 43 43 44 44 47 48 49 49 0 0 101 104 221 236 237 378 394 396 399 444 451 485 490 493 500 508 524 653 673 674 691 704 768 855 861 862 867 925 941 985
68.5897435897 7.53676470588 32 0 0 0 6 9 10 12 15 16 17 19 21 23 24 24 25 25 25 27 28 28 28 29 29 32 38 42 42 44 47 47 49 0 157 167 177 228 248 288 320 382 384 387 452 488 506 539 573 624 660 677 715 733 743 771 786 810 815 837 838 841 902 959 987
68.5897435897 91.9117647059 32 0 0 3 10 10 11 18 20 25 26 27 27 28 29 30 30 32 32 32 33 34 36 38 39 43 44 44 46 47 49 49 49 0 178 240 287 301 351 355 361 377 417 477 500 507 520 535 620 634 649 650 675 735 748 756 785 788 820 831 914 940 967 971 999
33.0128205128 43.1985294118 32 0 1 1 3 6 6 6 8 8 17 17 18 20 21 24 24 27 28 29 30 32 33 33 34 35 36 37 39 42 43 45 46 0 116 161 171 225 234 257 260 322 379 440 462 480 539 550 552 592 614 623 665 689 763 806 814 823 835 837 843 879 914 935 939
33.1730769231 28.8602941176 32 0 0 4 5 10 10 11 13 14 15 18 18 21 21 23 24 24 25 25 25 26 29 31 41 42 42 44 44 47 48 48 48 0 116 126 142 257 264 289 295 296 335 350 426 470 529 533 581 587 653 657 697 719 742 743 744 766 776 779 802 874 890 893 911
79.6474358974 23.1617647059 32 0 2 2 3 3 3 5 6 11 11 12 15 16 17 18 20 22 24 27 29 33 37 37 37 42 42 43 46 46 47 48 49 0 122 135 144 158 210 229 233 292 318 389 426 434 480 483 506 547 578 580 632 661 765 874 875 882 882 907 920 922 923 927 994
64.1025641026 45.2205882353 32 0 0 4 5 6 6 8 8 9 11 11 14 16 16 16 17 17 18 21 23 24 24 29 32 37 37 44 45 46 46 48 49 0 155 247 286 298 309 348 362 440 459 491 503 505 536 561 564 568 601 617 622 637 673 715 728 749 811 866 881 899 905 913 987
33.0128205128 49.8161764706 32 0 7 8 10 11 11 12 14 15 16 17 18 19 20 22 22 23 24 25 28 29 32 35 39 40 40 41 43 45 48 49 49 0 101 123 130 135 276 298 331 331 335 438 444 474 475 528 553 586 592 614 627 630 706 741 748 796 877 892 969 980 981 989 998
61.858974359 62.6838235294 32 0 1 3 3 7 7 9 9 11 17 18 19 21 22 28 29 29 30 31 34 35 36 38 39 40 41 42 43 44 45 45 49 0 107 111 212 219 277 284 293 303 311 312 315 325 337 356 382 460 477 503 517 554 607 613 635 646 701 750 790 828 900 904 925
49.0384615385 25.3676470588 32 0 5 6 7 10 14 15 17 17 18 19 19 21 25 27 27 29 33 33 34 35 37 37 38 38 40 41 44 45 47 48 49 0 109 159 205 267 289 346 388 390 446 477 482 560 583 586 592 603 653 658 667 674 676 680 707 746 758 766 786 807 818 900 907
51.2820512821 18.9338235294 32 0 0 4 4 5 9 9 11 12 15 15 17 22 22 24 25 26 28 29 30 31 32 32 38 43 43 43 44 44 45 46 47 0 0 207 218 232 237 247 279 280 306 307 335 359 362 368 370 426 443 531 628 632 652 673 721 723 735 774 823 830 864 961 963
78.2051282051 60.8455882353 32 0 1 3 4 9 10 10 11 13 13 15 16 22 23 23 23 25 25 26 27 30 35 35 36 37 41 42 42 45 48 48 49 0 156 173 188 256 263 319 338 370 380 385 394 395 429 437 458 462 475 479 502 527 550 593 643 720 747 784 808 816 914 985 990
58.0128205128 31.0661764706 32 0 0 1 2 4 5 10 11 13 13 19 21 21 25 27 27 27 27 28 28 32 32 33 34 34 35 38 40 41 42 44 46 0 0 107 159 229 232 236 248 280 343 372 382 407 427 541 554 567 621 649 733 758 808 829 836 859 890 903 911 942 948 976 987
53.6858974359 25.0 32 0 1 2 4 6 6 9 9 15 16 17 19 22 23 23 27 28 28 29 30 33 33 33 34 35 42 42 43 43 43 48 49 0 0 119 126 149 177 206 207 215 223 262 349 371 403 416 440 490 514 522 542 556 597 620 657 657 673 697 707 764 797 859 958
80.1282051282 42.0955882353 32 0 2 3 3 4 5 8 8 10 12 13 15 16 16 17 17 18 22 24 28 28 30 35 36 37 37 38 39 39 43 43 49 0 171 188 211 253 339 359 424 460 460 472 516 524 535 546 574 598 629 654 749 762 763 770 807 849 887 928 931 943 977 979 996
60.5769230769 27.3897058824 32 0 0 2 4 7 8 11 13 15 16 16 17 21 21 22 23 24 25 25 27 30 30 34 35 36 39 39 40 42 45 49 49 0 101 105 115 132 152 152 168 170 185 195 220 237 313 351 358 458 478 493 519 676 676 681 681 800 801 884 904 924 932 939 942
43.75 51.6544117647 32 0 0 2 4 4 9 9 10 10 11 14 14 14 18 22 24 25 30 31 32 33 35 35 37 39 40 41 43 46 48 48 49 0 128 200 205 213 215 279 303 339 340 381 506 512 534 622 622 639 654 712 731 786 830 846 847 863 892 898 969 979 985 990 997
30.2884615385 51.6544117647 32 0 0 0 3 4 5 10 11 13 17 18 21 21 23 24 25 27 28 28 30 32 35 38 40 41 41 42 43 44 47 48 49 0 127 154 169 193 201 209 261 314 317 324 349 397 462 511 578 593 681 695 696 717 724 725 807 857 861 879 883 899 921 969 982
43.4294871795 42.4632352941 32 0 0 1 1 1 4 5 7 13 14 16 19 20 20 21 22 23 23 25 26 28 29 32 37 39 39 40 42 43 43 47 48 0 124 132 135 140 157 164 204 236 252 278 343 408 456 485 500 507 531 548 555 574 634 670 675 683 684 842 844 851 853 875 950
40.2243589744 78.125 32 0 2 3 4 6 6 6 6 7 7 8 15 20 21 23 24 26 29 33 35 37 37 39 41 42 43 43 44 44 45 45 48 0 0 118 145 168 171 176 213 236 238 281 338 380 427 531 567 608 667 671 685 734 752 773 779 798 798 841 847 929 962 975 990
67.4679487179 31.0661764706 32 0 1 5 8 8 9 11 12 16 17 18 19 20 21 25 25 25 27 28 29 29 30 35 39 40 42 42 43 45 47 48 48 0 114 235 284 289 308 314 322 343 378 406 431 442 465 571 573 581 651 724 732 748 749 792 834 882 898 905 911 941 953 966 976
68.108974359 50.7352941176 32 0 5 6 7 8 8 10 12 15 17 17 18 20 22 23 24 26 29 29 30 31 34 35 36 37 42 42 44 47 47 48 48 0 120 220 302 345 348 377 383 412 436 498 510 551 577 621 638 641 683 707 715 728 748 766 766 771 812 812 860 905 910 954 988
72.4358974359 41.1764705882 32 0 0 1 2 2 5 6 7 8 8 9 9 9 13 14 17 17 19 19 20 20 21 23 24 26 26 29 30 34 39 45 48 0 0 143 143 188 216 275 275 297 317 331 425 428 479 505 515 594 599 606 622 646 648 666 706 733 736 807 916 931 972 985 999
64.4230769231 36.0294117647 32 0 0 0 0 1 1 3 5 7 8 13 14 15 21 24 24 26 27 28 28 32 32 34 34 36 36 39 39 41 42 44 45 0 112 125 145 170 323 366 379 387 414 414 444 483 492 505 511 519 581 582 590 601 652 659 725 736 739 744 760 774 845 917 951
66.6666666667 38.7867647059 32 0 0 1 2 3 6 10 11 12 16 19 20 23 24 26 27 28 30 30 30 32 32 32 33 35 38 39 39 40 42 43 44 0 123 206 209 224 226 287 306 379 422 430 445 450 494 506 531 559 564 656 661 667 669 676 693 717 718 731 736 842 855 860 899
34.7756410256 13.2352941176 32 0 0 1 3 4 4 7 7 8 11 14 16 20 25 26 27 28 29 30 31 33 37 39 40 41 41 42 43 43 44 44 47 0 105 132 215 263 290 335 345 367 386 386 412 463 464 488 530 582 612 629 644 711 764 778 823 826 882 904 910 919 966 967 981
56.0897435897 16.7279411765 32 0 3 6 8 11 12 13 16 17 17 18 18 18 19 23 24 25 25 26 28 31 32 35 35 37 40 40 40 40 41 46 47 0 105 110 121 184 195 227 289 307 332 342 384 395 417 458 461 527 549 710 721 768 774 820 822 824 825 857 861 869 897 916 952
54.8076923077 40.4411764706 32 0 2 2 4 4 6 7 9 9 11 12 14 14 16 20 20 22 22 25 26 28 31 31 34 35 35 36 40 42 42 43 48 0 148 158 197 222 224 256 264 272 298 345 348 353 365 391 393 432 500 515 529 534 546 564 568 595 602 678 684 725 802 817 945
66.6666666667 41.5441176471 32 0 0 1 1 3 3 4 6 6 6 10 10 13 15 16 17 20 21 22 27 30 30 32 33 35 38 39 40 40 41 45 49 0 173 205 234 246 272 335 350 358 376 392 401 419 446 469 521 550 563 571 650 759 766 789 815 821 822 833 871 910 919 948 995
53.8461538462 70.5882352941 32 0 0 0 3 5 5 8 8 10 11 15 15 18 19 19 20 23 32 33 33 35 37 38 38 40 40 40 43 45 45 45 47 0 101 110 117 161 172 191 207 213 296 304 325 327 352 394 496 508 517 591 593 640 653 738 768 790 812 847 891 945 945 987 998
216
60.9046849758 45.7875457875 4
43.4571890145 59.5238095238 2
31.3408723748 46.1538461538 9
81.4216478191 38.2783882784 1
50.4038772213 0.0 6
35.5411954766 34.6153846154 6
42.1647819063 66.6666666667 6
45.718901454 52.0146520147 3
58.8045234249 71.2454212454 6
85.4604200323 76.3736263736 8
57.3505654281 37.1794871795 3
46.5266558966 44.1391941392 1
60.4200323102 69.7802197802 6
79.1599353796 57.326007326 6
52.6655896607 87.3626373626 3
50.0807754443 66.4835164835 1
38.2875605816 77.1062271062 6
46.5266558966 65.0183150183 1
64.620355412 34.2490842491 2
59.6122778675 61.1721611722 5
69.1437802908 94.5054945055 9
46.5266558966 87.9120879121 5
56.704361874 22.8937728938 3
0.0 57.326007326 5
71.2439418417 41.7582417582 1
54.7657512116 61.9047619048 1
69.1437802908 49.2673992674 6
64.4588045234 59.706959707 9
66.5589660743 52.9304029304 1
68.4975767367 54.7619047619 8
46.3651050081 45.2380952381 5
43.4571890145 46.8864468864 7
69.9515347334 49.0842490842 4
80.9369951535 19.9633699634 3
75.7673667205 71.6117216117 9
26.817447496 54.3956043956 3
67.0436187399 46.8864468864 4
70.9208400646 44.3223443223 2
52.5040387722 55.8608058608 1
45.2342487884 34.6153846154 3
63.8126009693 29.8534798535 4
48.1421647819 45.7875457875 7
63.1663974152 58.2417582418 8
59.7738287561 64.4688644689 7
57.0274636511 58.4249084249 4
78.0290791599 66.6666666667 4
59.2891760905 37.7289377289 4
42.6494345719 73.0769230769 1
84.4911147011 36.4468864469 7
31.0177705977 43.0402930403 4
72.6978998384 21.0622710623 9
63.8126009693 58.0586080586 4
21.1631663974 26.7399267399 1
100.0 60.6227106227 7
53.4733441034 56.9597069597 2
51.0500807754 40.1098901099 4
75.2827140549 42.4908424908 5
24.394184168 21.978021978 3
31.8255250404 55.4945054945 4
64.4588045234 56.9597069597 6
65.2665589661 73.8095238095 7
69.9515347334 57.8754578755 2
57.8352180937 49.0842490842 6
53.1502423263 48.9010989011 2
58.3198707593 24.1758241758 8
51.6962843296 67.032967033 2
54.9273021002 6.77655677656 2
48.3037156704 28.9377289377 4
81.5831987076 55.3113553114 6
61.0662358643 57.8754578755 8
93.2148626817 62.4542124542 9
47.6575121163 15.2014652015 9
52.1809369952 100.0 9
50.8885298869 45.2380952381 4
57.5121163166 6.22710622711 9
74.4749596123 61.1721611722 6
79.6445880452 54.0293040293 7
51.3731825525 54.0293040293 5
49.2730210016 73.0769230769 3
58.1583198708 36.63003663 4
45.8804523425 36.8131868132 9
59.9353796446 44.5054945055 3
61.2277867528 37.3626373626 3
41.1954765751 55.3113553114 2
58.8045234249 79.8534798535 1
80.6138933764 39.1941391941 1
39.7415185784 72.3443223443 1
75.2827140549 49.4505494505 8
74.6365105008 58.7912087912 8
36.1873990307 34.4322344322 9
82.7140549273 67.3992673993 6
55.0888529887 31.3186813187 2
55.4119547658 48.5347985348 7
72.6978998384 35.347985348 4
89.01453958 50.9157509158 3
86.591276252 15.2014652015 7
68.1744749596 40.4761904762 7
0.969305331179 61.7216117216 8
19.2245557351 78.3882783883 7
64.1357027464 6.04395604396 4
89.4991922456 46.5201465201 4
45.8804523425 61.7216117216 9
49.1114701131 71.978021978 2
65.1050080775 43.4065934066 7
19.5476575121 48.1684981685 4
47.1728594507 51.4652014652 5
48.3037156704 23.6263736264 9
58.3198707593 57.8754578755 5
64.620355412 46.5201465201 3
61.0662358643 23.6263736264 6
43.7802907916 69.4139194139 8
46.042003231 37.1794871795 6
66.0743134087 22.7106227106 5
35.7027463651 58.4249084249 3
48.6268174475 34.4322344322 8
41.5185783522 71.4285714286 3
47.9806138934 32.4175824176 5
41.3570274637 27.8388278388 3
63.6510500808 5.86080586081 6
74.3134087237 39.7435897436 7
69.7899838449 39.010989011 5
77.7059773829 74.7252747253 9
45.8804523425 47.619047619 6
64.7819063005 47.9853479853 7
47.4959612278 90.293040293 4
22.7786752827 30.0366300366 2
48.788368336 88.6446886447 1
75.4442649435 45.2380952381 7
45.0726978998 35.7142857143 7
62.0355411955 20.695970696 7
25.3634894992 66.8498168498 2
62.0355411955 56.043956044 2
37.4798061389 65.2014652015 4
76.8982229402 60.989010989 2
68.4975767367 30.5860805861 7
53.3117932149 61.7216117216 2
61.5508885299 86.0805860806 3
73.6672051696 53.2967032967 3
79.3214862682 9.70695970696 7
46.5266558966 71.4285714286 9
55.8966074313 21.978021978 1
63.4894991922 50.9157509158 6
43.1340872375 45.9706959707 7
42.9725363489 19.4139194139 9
57.9967689822 84.6153846154 6
52.1809369952 42.8571428571 8
48.465266559 34.6153846154 4
85.1373182553 62.8205128205 9
22.2940226171 36.4468864469 3
62.5201938611 30.7692307692 3
69.4668820679 53.663003663 2
54.281098546 41.2087912088 2
39.9030694669 53.663003663 9
53.3117932149 40.4761904762 2
62.3586429725 69.9633699634 5
44.5880452342 41.9413919414 8
35.056542811 47.8021978022 7
64.7819063005 61.5384615385 2
47.8190630048 54.2124542125 2
72.0516962843 39.5604395604 8
46.2035541195 54.9450549451 2
43.1340872375 61.9047619048 7
57.9967689822 41.3919413919 9
47.4959612278 67.032967033 5
27.4636510501 41.5750915751 6
27.140549273 62.6373626374 9
42.8109854604 37.9120879121 3
61.0662358643 56.7765567766 5
49.5961227787 38.8278388278 1
37.4798061389 25.2747252747 8
43.9418416801 47.2527472527 3
84.8142164782 47.9853479853 6
95.6381260097 53.4798534799 8
63.0048465267 65.5677655678 9
96.6074313409 66.6666666667 1
58.1583198708 47.4358974359 5
17.9321486268 37.3626373626 2
46.5266558966 49.0842490842 1
54.1195476575 81.3186813187 4
41.3570274637 44.6886446886 6
43.7802907916 39.5604395604 1
3.87722132472 30.0366300366 1
68.8206785137 50.9157509158 7
42.3263327948 58.9743589744 3
55.8966074313 67.7655677656 3
51.3731825525 47.4358974359 9
60.9046849758 61.1721611722 9
85.9450726979 53.663003663 2
54.1195476575 57.8754578755 7
56.8659127625 64.1025641026 8
29.7253634895 48.9010989011 1
41.5185783522 30.9523809524 8
49.9192245557 38.0952380952 2
46.3651050081 38.2783882784 2
51.3731825525 53.2967032967 4
56.3812600969 56.2271062271 3
53.7964458805 36.9963369963 6
31.9870759289 49.6336996337 3
82.8756058158 79.1208791209 2
59.2891760905 70.3296703297 7
52.9886914378 56.4102564103 2
44.9111470113 42.673992674 7
64.1357027464 48.9010989011 2
28.9176090468 36.0805860806 8
54.6042003231 62.0879120879 5
61.0662358643 37.7289377289 8
52.5040387722 45.6043956044 2
61.5508885299 43.956043956 5
40.549273021 27.1062271062 9
65.7512116317 48.3516483516 3
26.6558966074 47.4358974359 9
61.7124394184 44.6886446886 6
58.8045234249 67.9487179487 3
49.2730210016 25.2747252747 5
53.6348949919 40.293040293 9
71.8901453958 52.380952381 4
