239
34.5323741007 49.1557223265 24 0 1 2 4 4 5 8 9 13 15 16 17 18 20 21 25 28 29 29 39 41 43 47 48 0 0 107 140 206 209 218 234 286 327 409 453 482 495 567 628 655 798 832 834 878 894 925 970
42.0863309353 51.9699812383 24 0 0 4 4 5 7 8 9 10 11 12 14 15 16 20 22 25 31 32 35 36 38 39 46 0 0 123 177 209 247 260 272 369 407 432 506 522 543 564 565 678 745 769 811 843 854 903 990
55.035971223 34.521575985 24 0 0 3 5 8 11 15 16 17 19 23 23 24 32 33 36 38 38 41 42 47 49 49 49 0 0 165 191 197 313 376 386 470 476 503 546 556 631 679 691 712 734 736 754 830 919 930 944
53.2374100719 26.6416510319 24 0 2 3 5 9 10 16 16 24 26 28 29 31 31 33 34 34 37 42 43 43 46 46 49 0 143 345 418 419 441 451 457 483 485 505 558 599 652 657 690 791 878 898 903 916 923 926 950
83.8129496403 61.3508442777 24 0 3 6 8 9 9 18 18 18 19 22 22 24 25 29 32 37 39 40 41 41 46 48 49 0 129 131 145 181 220 236 283 383 396 415 420 470 476 494 512 678 698 717 771 841 885 919 944
62.4100719424 88.9305816135 24 0 1 2 5 6 6 7 11 12 14 15 16 19 21 23 26 26 27 31 31 36 40 47 47 0 0 119 132 135 320 413 423 477 505 513 533 596 652 658 716 742 820 842 854 872 874 882 918
58.4532374101 63.2270168856 24 0 1 5 6 9 12 16 16 19 20 21 21 23 31 33 37 38 38 40 42 45 46 48 49 0 196 205 243 264 308 324 326 340 349 373 384 496 507 599 619 714 721 815 829 884 905 925 968
62.4100719424 38.6491557223 24 0 0 2 5 7 14 17 18 23 23 25 27 27 29 33 34 34 36 38 38 39 40 45 48 0 346 399 481 503 504 542 587 591 631 649 661 679 744 790 799 801 853 867 882 905 915 930 937
39.2086330935 69.04315197 24 0 2 5 10 10 16 16 17 20 21 22 26 29 30 31 31 32 35 39 40 41 43 48 49 0 139 158 169 239 315 315 323 335 366 416 444 566 599 656 665 673 764 771 850 852 878 920 941
44.964028777 0.0 24 0 0 2 3 3 6 7 7 15 15 20 21 26 27 27 29 29 30 33 40 43 43 46 46 0 0 106 128 142 194 205 219 223 292 355 445 486 489 508 581 583 606 635 666 698 850 851 897
45.6834532374 62.2889305816 24 0 2 4 4 7 8 13 13 18 21 21 27 28 32 33 33 35 37 37 38 43 45 48 49 0 164 223 289 305 319 321 383 455 493 507 659 678 681 757 758 759 823 824 867 889 899 955 969
42.8057553957 36.7729831144 24 0 1 6 8 9 13 14 16 21 23 24 26 29 32 33 33 38 38 41 41 42 48 48 48 0 174 193 232 324 385 432 470 482 515 541 573 634 667 756 767 769 819 839 884 887 971 995 995
66.3669064748 35.8348968105 24 0 4 4 7 8 8 8 12 13 17 19 20 20 23 24 25 28 29 31 32 36 39 39 46 0 234 263 294 297 313 410 434 445 463 537 565 582 665 689 703 730 822 844 941 941 966 974 986
62.0503597122 64.9155722326 24 0 0 1 1 2 2 5 7 7 8 15 17 17 18 20 25 25 29 31 33 36 38 43 43 0 156 205 236 300 303 358 483 488 531 542 547 583 636 660 686 747 770 811 825 866 866 925 928
44.2446043165 60.9756097561 24 0 2 5 10 13 17 17 19 20 25 27 27 29 30 32 35 35 41 42 44 47 47 48 49 0 0 165 200 269 300 306 373 387 473 493 543 544 552 559 573 573 641 652 657 696 768 883 950
49.1007194245 53.4709193246 24 0 1 6 8 14 19 21 24 27 28 30 31 33 33 34 34 35 36 36 38 40 42 44 47 0 167 237 250 251 295 308 329 332 410 459 464 540 603 663 679 700 747 780 836 870 912 936 971
91.0071942446 44.277673546 24 0 1 1 1 4 6 6 8 13 13 13 15 18 20 21 26 27 36 36 41 45 45 46 46 0 109 245 256 271 360 426 439 448 458 463 543 553 586 587 588 645 665 736 831 833 862 876 880
42.0863309353 91.181988743 24 0 0 2 2 4 5 8 10 11 14 14 19 21 21 22 25 31 32 33 34 36 36 42 44 0 204 208 214 216 243 312 353 355 445 448 459 490 638 642 652 692 692 725 732 775 841 906 959
60.071942446 37.148217636 24 0 8 8 9 9 12 12 16 19 21 23 28 31 32 32 34 38 39 40 41 44 45 47 47 0 145 157 168 209 237 261 263 293 459 492 498 689 699 720 746 760 813 826 884 899 902 922 980
69.6043165468 40.1500938086 24 0 1 1 1 2 2 4 5 5 5 7 12 14 18 21 26 29 30 30 32 34 34 39 47 0 140 281 288 327 363 407 414 417 423 490 491 503 512 519 527 527 599 742 767 829 924 938 976
72.1223021583 45.4033771107 24 0 0 3 3 6 10 13 14 14 16 25 27 31 32 34 35 40 41 41 42 43 43 46 47 0 108 193 199 248 252 267 288 308 368 389 396 399 399 400 419 477 519 607 780 784 821 846 896
36.690647482 52.1575984991 24 0 3 4 5 6 7 14 15 16 17 17 21 23 23 25 29 30 37 37 39 41 42 47 49 0 0 125 265 289 291 296 347 357 456 519 588 605 674 748 771 798 799 825 904 922 932 966 970
18.345323741 40.1500938086 24 0 1 5 8 10 10 14 17 22 22 23 24 25 25 27 37 38 39 41 41 42 44 47 48 0 141 221 240 274 308 334 479 480 518 596 646 681 751 755 766 767 801 844 865 905 964 976 998
78.5971223022 28.1425891182 24 0 1 4 5 6 7 11 13 13 14 16 20 23 23 26 28 28 29 31 32 32 36 38 48 0 0 134 202 234 304 352 352 406 431 447 515 538 570 603 612 624 628 775 793 813 842 907 976
44.6043165468 30.0187617261 24 0 1 2 4 5 8 9 9 11 13 19 20 21 27 30 36 37 40 41 41 45 45 48 48 0 172 221 259 284 353 360 368 383 409 416 496 583 608 679 704 725 751 807 826 864 937 955 997
55.3956834532 78.4240150094 24 0 5 6 6 7 7 13 16 18 23 25 26 28 29 29 30 31 34 40 40 45 45 47 48 0 111 121 132 136 142 180 225 237 271 277 415 463 529 555 595 609 632 771 790 847 855 896 973
24.4604316547 63.0393996248 24 0 1 2 6 9 10 10 11 12 15 21 22 26 27 27 30 30 31 32 37 37 39 39 41 0 119 210 242 270 372 422 433 552 583 584 619 750 751 797 804 809 875 875 879 893 898 908 941
62.5899280576 23.2645403377 24 0 6 7 7 9 10 11 13 21 22 22 22 22 23 26 27 27 30 35 37 41 41 44 46 0 0 104 145 151 183 227 352 376 394 412 413 539 556 566 639 707 788 807 837 878 938 961 997
69.4244604317 40.9005628518 24 0 0 2 2 5 5 7 9 18 18 21 26 28 32 33 34 35 38 39 41 41 43 44 49 0 149 241 258 264 273 297 318 381 406 472 480 518 572 677 726 736 740 748 807 911 931 943 973
39.3884892086 37.8986866792 24 0 0 0 1 1 2 5 6 8 8 8 9 11 17 20 20 22 23 26 35 39 42 44 48 0 113 114 206 231 257 365 373 373 384 423 430 453 553 572 613 659 664 764 821 863 894 903 979
44.964028777 66.9793621013 24 0 2 2 4 5 5 9 11 11 12 12 14 19 19 19 28 32 32 33 36 36 47 48 48 0 147 161 327 338 416 430 450 477 480 482 490 497 521 565 662 676 687 726 734 746 830 883 912
26.2589928058 51.5947467167 24 0 5 6 6 7 7 8 8 10 14 15 15 18 18 23 28 30 33 41 42 43 45 47 47 0 156 215 251 351 365 367 414 454 454 511 512 531 574 618 649 775 795 803 806 842 865 946 950
76.9784172662 24.3902439024 24 0 3 3 4 5 15 16 18 19 19 22 22 26 28 29 30 35 35 42 44 45 48 49 49 0 223 274 290 344 384 438 487 492 492 516 523 526 560 599 619 715 722 722 728 804 828 851 861
47.1223021583 41.4634146341 24 0 3 7 9 11 11 12 13 20 23 24 30 30 32 32 33 36 42 44 46 46 48 49 49 0 0 106 194 209 219 253 288 304 311 375 407 437 451 509 514 575 704 732 732 853 912 915 933
57.3741007194 28.5178236398 24 0 6 7 9 10 11 12 18 18 19 20 20 20 24 25 26 28 32 33 39 41 45 46 46 0 173 211 281 304 306 313 317 387 491 536 562 567 641 644 653 681 729 732 739 802 889 916 944
61.690647482 47.0919324578 24 0 4 5 7 10 11 13 15 15 18 18 20 21 26 26 31 36 42 44 45 45 46 46 49 0 122 203 214 308 335 358 375 414 554 567 590 600 604 627 683 717 725 768 773 780 798 891 949
51.4388489209 41.4634146341 24 0 12 14 18 19 20 22 25 28 30 31 35 35 35 36 37 39 44 46 46 46 47 47 47 0 0 220 239 253 271 283 294 366 452 484 487 603 607 636 651 658 785 793 801 853 858 920 931
24.2805755396 31.1444652908 24 0 0 0 0 1 1 3 15 23 25 25 27 27 31 32 36 36 37 37 41 43 43 45 46 0 122 126 140 151 199 285 366 373 414 435 449 466 472 534 589 713 775 775 777 871 939 949 987
66.3669064748 50.0938086304 24 0 5 6 7 9 9 10 12 15 22 25 26 27 27 27 27 34 36 40 41 44 46 48 49 0 0 105 117 150 245 268 294 324 385 396 404 443 505 552 600 621 668 687 764 769 902 919 998
39.2086330935 48.4052532833 24 0 5 5 5 9 9 10 16 17 18 19 22 22 25 31 32 33 33 35 39 46 47 48 48 0 115 127 130 146 157 190 266 266 308 343 427 439 481 489 497 648 776 777 796 835 883 919 938
31.654676259 47.8424015009 24 0 0 3 5 11 11 11 12 12 14 18 18 20 21 24 25 25 25 26 27 37 45 48 48 0 0 142 314 369 376 377 444 498 711 712 715 734 783 814 818 847 886 909 922 938 941 947 969
50.0 51.2195121951 24 0 1 2 13 16 16 20 20 20 21 22 25 26 34 36 38 44 45 46 46 47 48 49 49 0 134 164 196 251 264 301 335 383 397 401 404 418 433 469 482 508 574 595 792 846 935 948 965
17.0863309353 58.3489681051 24 0 1 9 15 16 23 26 26 28 28 29 31 31 32 36 36 38 38 39 39 43 43 44 46 0 0 152 163 190 192 300 337 368 467 532 552 566 574 588 617 632 663 692 782 824 951 991 992
32.1942446043 63.7898686679 24 0 0 4 6 7 12 14 15 16 16 20 26 26 27 28 29 30 42 43 46 46 47 48 49 0 0 188 211 236 237 239 364 365 389 425 425 537 567 616 637 645 746 757 779 898 954 962 991
65.4676258993 49.7185741088 24 0 1 3 3 4 10 12 14 14 16 19 22 24 25 25 26 30 31 35 37 38 39 40 40 0 0 102 125 154 218 238 265 286 339 362 371 505 530 636 658 678 703 772 816 928 954 957 966
54.4964028777 53.095684803 24 0 1 6 9 10 15 16 16 18 18 19 22 24 28 29 31 32 34 35 36 38 39 46 48 0 0 102 157 196 220 354 468 479 504 574 648 716 730 748 749 818 842 856 858 860 891 952 956
74.6402877698 83.4896810507 24 0 3 6 9 10 10 12 12 18 18 20 20 22 25 28 31 35 38 38 39 39 44 45 49 0 0 109 210 256 265 297 335 346 411 449 561 583 644 646 692 696 702 729 795 811 841 931 969
27.1582733813 35.4596622889 24 0 0 2 2 3 4 10 11 13 14 22 23 27 32 32 35 35 38 39 44 45 45 45 47 0 183 228 381 408 416 418 423 443 517 584 612 659 706 733 746 749 793 800 866 875 883 888 931
43.345323741 50.0938086304 24 0 0 6 8 11 18 19 21 24 24 27 29 31 31 35 37 38 41 41 43 44 45 48 49 0 0 171 220 449 459 469 483 523 572 610 621 626 689 728 732 735 748 827 852 855 865 866 915
68.1654676259 58.1613508443 24 0 1 1 8 12 12 13 19 26 27 30 30 30 35 36 36 44 46 46 46 48 49 49 49 0 0 112 123 133 164 205 208 233 250 286 326 473 492 496 498 706 716 746 795 882 973 980 993
79.4964028777 68.2926829268 24 0 2 4 5 8 11 16 19 21 25 30 32 33 34 36 36 37 38 39 41 41 44 47 49 0 228 271 300 307 354 529 548 575 582 606 621 770 795 819 821 822 836 837 891 934 944 975 998
76.2589928058 23.2645403377 24 0 2 4 8 10 13 13 15 15 16 17 18 20 23 24 30 32 33 33 36 37 43 44 49 0 178 205 269 308 316 322 371 392 475 512 557 574 587 665 701 707 721 730 799 871 897 930 965
24.4604316547 50.8442776735 24 0 2 4 5 9 19 22 22 24 26 32 32 35 36 37 39 40 42 42 44 44 46 48 49 0 152 165 165 229 242 254 403 427 454 480 509 541 592 673 768 804 813 867 872 900 931 954 964
49.8201438849 36.9606003752 24 0 0 1 3 6 11 11 13 16 17 17 21 23 26 29 31 32 34 34 36 38 47 48 49 0 0 117 139 157 162 179 184 221 304 354 403 533 592 595 623 658 700 735 761 795 799 957 966
61.3309352518 60.4127579737 24 0 2 13 14 14 16 17 18 20 21 21 25 25 26 29 34 34 35 36 37 44 45 46 48 0 147 163 164 175 189 265 349 365 455 488 496 501 583 606 649 655 693 815 817 883 892 929 951
62.4100719424 64.5403377111 24 0 0 2 4 6 6 9 14 15 16 18 22 24 25 25 29 30 30 31 31 35 36 43 49 0 105 134 213 373 377 378 470 487 500 505 534 603 664 678 702 765 783 826 842 904 913 927 952
61.5107913669 16.8855534709 24 0 1 4 7 14 16 17 19 19 20 20 22 25 29 31 32 33 38 39 39 45 45 46 47 0 0 226 310 333 377 409 427 462 463 483 541 627 636 643 699 705 772 814 826 850 874 914 916
52.1582733813 53.4709193246 24 0 4 5 10 10 15 16 18 21 21 22 24 25 26 27 28 34 37 37 39 39 40 40 47 0 116 122 145 170 172 217 267 312 359 392 605 624 639 683 725 738 755 762 835 881 892 915 970
58.0935251799 63.2270168856 24 0 0 2 6 6 8 9 9 15 16 17 19 25 27 29 35 36 37 43 44 46 47 47 49 0 102 119 165 325 348 391 403 490 493 495 502 508 513 524 539 636 667 687 726 841 883 971 981
85.071942446 48.5928705441 24 0 3 6 7 12 14 21 22 23 23 26 27 28 29 31 32 36 42 43 43 43 43 44 45 0 0 102 104 134 151 187 200 226 236 252 285 315 345 376 386 415 420 472 486 581 695 823 968
68.345323741 76.5478424015 24 0 3 8 9 11 12 13 16 23 24 31 33 33 35 35 37 44 44 45 46 49 49 49 49 0 129 181 259 268 275 283 371 399 415 436 456 471 476 559 585 623 654 682 729 729 748 911 998
24.1007194245 43.9024390244 24 0 2 5 8 9 10 12 19 20 20 21 21 25 28 32 33 34 35 36 39 41 46 48 49 0 0 111 147 163 185 191 264 314 339 371 431 445 543 573 591 593 673 717 722 723 793 943 979
62.0503597122 27.2045028143 24 0 1 2 4 6 10 12 13 14 16 19 21 32 33 35 36 42 42 45 46 46 47 48 48 0 0 178 205 213 274 303 341 348 371 377 421 550 594 660 702 709 769 867 906 919 942 947 949
78.7769784173 50.469043152 24 0 0 4 10 11 14 15 18 18 19 20 22 27 28 31 37 44 44 45 45 47 47 48 49 0 175 187 195 264 353 402 462 477 518 531 551 569 595 647 656 686 724 771 780 852 858 941 955
48.2014388489 14.4465290807 24 0 5 5 8 8 11 15 20 22 23 24 25 26 29 33 34 34 42 43 43 44 45 47 47 0 133 147 186 196 250 253 253 259 385 524 530 595 601 619 654 655 687 707 738 823 833 925 958
50.8992805755 54.5966228893 24 0 3 6 9 12 12 12 13 16 16 16 17 19 21 26 28 31 36 38 39 42 45 48 49 0 111 113 114 120 151 184 229 242 295 306 331 430 489 590 631 639 734 840 895 932 934 971 973
69.4244604317 96.8105065666 24 0 5 9 10 11 11 12 12 12 15 15 19 24 24 25 32 36 36 38 38 41 42 43 46 0 155 158 276 281 288 336 387 396 397 409 410 606 606 754 799 817 817 851 917 937 958 975 988
37.7697841727 63.7898686679 24 0 1 1 4 4 6 10 11 12 13 17 18 20 22 24 26 29 31 31 34 39 43 43 44 0 0 108 127 138 189 192 347 353 427 431 431 436 441 477 488 533 619 623 694 822 830 925 939
21.0431654676 56.4727954972 24 0 2 3 6 6 8 8 11 14 21 22 24 24 28 30 31 39 40 42 43 45 46 48 49 0 144 176 187 190 215 335 392 451 463 498 501 547 547 738 750 780 857 875 891 915 973 980 988
57.5539568345 54.2213883677 24 0 1 3 5 6 6 9 11 12 13 13 14 15 15 21 22 23 25 30 32 36 42 44 49 0 123 128 218 241 275 278 346 356 438 590 605 681 719 762 773 779 789 809 839 858 920 987 988
29.8561151079 47.8424015009 24 0 2 3 5 5 6 7 8 10 13 15 16 16 17 19 23 24 27 29 36 38 39 39 40 0 125 183 193 203 226 233 276 346 391 420 487 488 488 493 499 504 569 572 607 714 728 811 890
47.1223021583 60.7879924953 24 0 4 5 5 7 11 13 13 14 17 18 21 21 22 23 27 28 29 33 39 40 43 45 47 0 107 114 120 163 167 181 273 317 363 391 443 457 472 476 479 629 630 639 674 779 808 840 985
71.5827338129 33.0206378987 24 0 3 4 8 11 13 15 15 16 18 19 20 27 28 30 31 33 33 34 42 43 43 47 47 0 146 148 181 278 347 370 407 439 482 485 538 559 594 618 688 698 720 741 797 951 965 972 975
69.6043165468 30.0187617261 24 0 0 4 7 8 10 13 14 14 15 15 16 27 29 36 40 41 41 43 44 44 46 46 48 0 0 195 264 303 345 449 495 500 521 563 598 609 623 658 663 700 701 703 773 897 920 988 990
72.1223021583 29.4559099437 24 0 3 10 10 13 13 15 20 20 27 28 34 35 40 42 43 43 44 45 46 46 48 49 49 0 110 133 164 187 198 274 294 342 364 371 390 395 426 525 588 682 720 758 844 894 896 904 981
33.273381295 65.478424015 24 0 3 6 8 10 11 12 17 17 18 21 24 26 28 29 30 36 37 40 40 41 43 47 49 0 125 204 241 268 324 338 398 415 429 472 499 558 578 611 627 740 778 808 821 838 916 936 961
30.2158273381 44.277673546 24 0 4 5 7 10 12 13 15 16 19 20 20 23 24 26 27 30 33 36 37 39 39 41 43 0 0 138 167 176 183 222 242 382 396 459 550 565 577 592 607 630 632 712 732 883 898 933 975
84.7122302158 44.277673546 24 0 3 5 6 6 7 10 10 22 23 28 29 30 31 34 34 35 36 38 42 45 47 47 49 0 136 146 252 265 335 377 415 428 432 443 457 488 596 624 638 659 667 681 802 848 900 977 999
40.2877697842 51.5947467167 24 0 1 2 3 11 16 17 18 19 19 20 22 23 26 27 30 32 32 35 36 37 38 43 44 0 117 243 287 294 305 326 355 384 411 502 523 532 540 642 670 689 765 840 904 923 932 945 962
61.5107913669 42.9643527205 24 0 0 4 6 7 13 15 17 18 19 24 25 27 28 29 30 31 31 33 36 36 37 39 49 0 122 137 219 220 277 339 415 428 453 510 534 571 608 638 675 713 721 731 801 819 882 903 928
49.8201438849 75.6097560976 24 0 0 3 4 6 7 8 13 13 14 19 21 22 24 26 32 32 35 36 42 44 48 48 49 0 117 181 183 288 302 335 351 409 471 523 570 599 623 708 708 776 777 816 818 852 895 983 983
38.8489208633 61.7260787992 24 0 0 1 1 1 2 2 9 10 12 12 12 16 16 19 19 23 30 32 44 46 47 48 49 0 0 130 181 181 341 361 386 401 402 438 448 504 520 564 575 585 677 695 761 830 863 874 894
46.5827338129 29.2682926829 24 0 3 5 8 10 15 20 20 22 25 26 27 28 29 30 31 32 32 32 36 39 45 49 49 0 167 322 324 347 378 408 537 559 576 581 603 631 639 662 714 765 792 842 850 870 895 941 983
49.8201438849 27.9549718574 24 0 0 4 10 15 15 19 21 26 27 27 27 27 27 28 28 33 35 36 37 41 42 44 48 0 185 213 260 261 277 332 336 343 350 382 408 423 559 580 630 641 686 707 724 799 801 980 997
31.4748201439 44.277673546 24 0 0 0 1 3 5 5 8 10 15 17 25 31 33 35 36 40 41 41 43 43 45 49 49 0 0 144 203 327 375 393 403 521 543 581 614 617 635 647 711 742 748 753 756 861 908 941 990
47.8417266187 49.9061913696 24 0 1 2 3 10 12 14 15 16 18 20 23 23 24 25 28 31 31 39 40 41 44 46 48 0 130 157 186 206 257 278 342 344 355 476 482 496 573 664 703 735 833 838 908 914 953 973 993
33.8129496403 75.9849906191 24 0 5 8 8 8 12 13 13 17 19 24 29 29 30 33 35 36 36 36 37 43 44 49 49 0 0 144 166 236 302 328 340 358 387 391 449 474 514 558 581 599 616 625 729 739 845 951 974
53.5971223022 76.7354596623 24 0 0 1 2 3 4 5 9 22 24 25 26 26 28 31 31 34 36 36 43 44 45 46 48 0 0 106 151 208 234 267 332 429 506 515 528 532 614 618 691 738 742 748 800 823 829 879 929
56.4748201439 43.5272045028 24 0 2 3 6 7 15 20 23 24 25 28 30 30 31 31 32 32 34 37 37 44 44 46 46 0 104 229 237 240 294 316 339 444 458 460 491 522 571 616 710 715 764 782 858 875 892 893 957
60.7913669065 45.2157598499 24 0 2 4 6 8 14 15 15 18 20 22 22 25 26 30 30 36 37 40 42 43 46 47 48 0 100 102 109 139 141 145 191 226 248 269 276 353 425 585 655 682 702 715 852 873 918 964 967
27.3381294964 45.7786116323 24 0 0 6 9 10 10 13 14 15 16 20 21 22 23 23 29 32 34 36 37 37 38 39 49 0 165 181 204 221 303 342 346 357 359 400 455 498 505 512 620 666 691 718 738 740 802 866 905
55.9352517986 23.2645403377 24 0 5 11 12 14 16 16 17 18 22 25 27 28 29 29 31 31 33 34 36 36 36 41 49 0 120 144 202 204 217 218 231 238 252 262 301 371 430 571 600 643 650 735 746 891 961 984 991
66.5467625899 58.3489681051 24 0 1 2 5 14 15 16 18 19 22 23 24 32 34 35 36 36 37 37 38 41 44 46 47 0 0 148 301 303 327 366 367 391 404 458 488 569 690 719 735 760 761 772 780 835 858 873 883
66.3669064748 58.7242026266 24 0 0 1 2 2 3 3 4 10 13 14 19 22 22 25 26 27 28 30 33 34 41 44 47 0 174 184 237 249 255 290 323 432 512 575 649 676 710 729 734 777 804 858 861 953 955 956 962
59.5323741007 60.4127579737 24 0 0 0 4 4 6 9 22 24 26 27 28 29 29 30 31 31 34 36 36 39 39 41 43 0 251 261 304 349 419 421 474 478 480 501 654 674 691 714 743 769 831 839 887 890 917 962 979
44.7841726619 57.2232645403 24 0 1 5 7 7 10 14 14 14 16 17 20 24 29 31 35 39 43 46 46 46 46 47 47 0 147 156 290 293 430 439 454 504 514 524 527 553 569 582 649 687 697 717 726 734 870 880 904
61.3309352518 31.5196998124 24 0 1 2 5 6 7 12 13 15 17 19 19 20 23 25 25 34 36 38 38 44 44 46 49 0 0 102 170 233 245 273 277 287 301 417 424 448 470 586 665 689 760 780 824 853 894 920 990
82.3741007194 42.2138836773 24 0 1 3 11 13 13 15 15 19 20 21 28 29 30 35 36 38 38 42 45 46 47 48 48 0 148 202 223 231 313 320 337 363 390 431 445 458 548 556 620 654 656 725 796 889 901 916 983
49.1007194245 52.5328330206 24 0 2 8 11 12 12 15 18 18 19 20 20 23 25 29 30 31 32 32 33 33 36 41 48 0 0 181 194 204 221 263 307 339 377 378 446 448 450 515 553 641 703 797 840 926 938 948 948
55.035971223 54.0337711069 24 0 1 1 3 5 5 6 15 16 16 17 21 22 27 28 29 29 35 36 37 38 44 46 47 0 0 161 164 184 194 202 243 270 305 388 424 544 566 644 660 681 690 733 818 867 917 922 997
70.8633093525 42.2138836773 24 0 0 1 2 3 4 11 13 14 16 17 21 22 23 26 28 31 33 33 35 37 40 44 45 0 0 192 229 278 304 361 373 393 440 456 482 516 570 727 744 744 763 859 864 911 930 975 994
33.0935251799 100.0 24 0 1 3 3 5 7 10 14 16 18 18 25 28 31 32 33 34 36 38 41 43 47 48 49 0 133 312 408 429 437 447 454 458 521 552 653 717 722 724 759 803 851 865 899 908 933 949 984
31.1151079137 24.5778611632 24 0 6 7 8 12 19 19 20 20 20 21 25 26 28 29 31 34 36 40 41 42 44 46 48 0 0 105 155 164 302 329 335 390 398 483 527 558 609 627 656 694 733 734 766 774 893 914 943
9.89208633094 36.3977485929 24 0 3 5 5 6 8 8 13 16 18 21 22 24 28 31 36 36 37 39 40 42 45 45 46 0 0 145 194 207 210 272 273 287 384 474 522 565 613 630 677 728 786 787 808 854 892 938 992
44.4244604317 35.6472795497 24 0 4 7 9 12 13 13 20 20 24 24 28 35 36 41 41 41 42 43 43 44 44 45 45 0 156 299 310 333 460 475 475 506 535 595 601 633 639 649 728 799 850 861 869 897 941 942 990
57.5539568345 67.5422138837 24 0 1 7 7 10 10 12 16 20 24 25 27 27 29 31 31 35 37 42 45 46 46 46 47 0 0 105 134 278 321 380 447 491 510 527 545 546 587 600 642 649 696 721 764 834 839 953 959
43.7050359712 57.2232645403 24 0 0 3 4 16 17 19 20 20 20 20 31 35 35 37 38 39 40 40 42 43 46 47 47 0 124 137 254 307 311 319 348 386 430 441 458 527 558 570 622 715 785 821 856 884 905 982 997
0.0 54.5966228893 24 0 0 0 1 9 9 9 11 12 14 14 16 18 22 24 26 29 35 42 42 45 46 46 47 0 117 200 213 229 235 309 455 499 509 545 585 692 710 734 746 789 849 863 914 918 926 935 979
59.3525179856 55.3470919325 24 0 0 2 3 4 6 10 11 12 14 14 19 26 29 29 29 30 33 35 38 39 39 42 43 0 134 197 213 270 288 331 339 344 404 417 427 431 436 462 488 496 543 572 578 654 709 741 854
49.1007194245 57.2232645403 24 0 6 6 8 9 10 10 11 11 17 20 22 24 24 25 35 38 38 40 41 45 46 47 48 0 106 230 247 301 426 445 561 573 608 608 618 618 691 743 754 791 831 869 870 871 877 879 883
30.5755395683 39.5872420263 24 0 0 4 7 7 14 14 14 14 20 22 28 30 30 31 31 32 33 36 37 47 48 48 48 0 106 155 234 271 316 405 406 415 488 507 545 554 591 603 611 665 688 714 730 767 890 967 982
41.0071942446 50.0938086304 24 0 6 8 13 18 19 22 23 23 23 24 24 28 34 37 37 37 39 40 43 45 45 45 49 0 109 121 126 134 191 196 297 380 396 398 471 537 557 673 687 731 756 779 795 857 876 880 900
46.5827338129 25.5159474672 24 0 0 2 6 7 9 12 17 20 23 27 28 31 31 32 38 44 44 44 45 46 46 48 48 0 0 195 204 218 249 281 329 404 415 459 489 500 639 724 752 793 865 883 950 974 974 979 981
48.7410071942 41.8386491557 24 0 1 1 2 2 4 7 10 12 14 15 15 15 18 21 22 22 24 25 25 26 26 30 31 0 0 130 139 151 154 171 231 315 501 531 534 547 557 597 607 629 641 656 658 786 943 947 979
63.309352518 55.3470919325 24 0 0 0 1 5 10 10 10 11 20 21 24 25 36 38 38 40 40 43 44 44 45 46 49 0 122 158 166 170 217 301 379 393 444 483 507 553 557 591 598 638 762 789 793 811 865 892 951
34.5323741007 53.4709193246 24 0 1 6 9 12 13 13 14 16 16 18 19 19 21 23 23 30 32 34 35 35 40 42 48 0 0 127 155 168 206 210 234 318 363 403 528 536 705 741 753 753 803 841 841 878 879 921 983
65.2877697842 41.6510318949 24 0 1 1 2 3 6 17 18 24 26 26 32 34 35 36 37 37 38 40 40 45 47 48 49 0 0 150 150 217 230 270 296 298 385 410 436 550 570 594 641 679 679 680 772 774 876 904 906
69.7841726619 30.95684803 24 0 0 1 2 6 6 10 12 12 15 20 20 22 23 25 30 30 31 33 36 38 41 42 45 0 105 144 160 190 225 289 305 332 394 402 491 499 607 647 690 746 748 794 877 891 940 988 989
68.8848920863 12.1951219512 24 0 4 6 8 10 11 12 14 15 16 24 26 26 27 27 28 30 32 32 39 41 42 42 46 0 115 124 126 175 184 202 209 232 239 324 334 416 417 584 603 627 654 728 780 795 911 921 953
60.9712230216 56.2851782364 24 0 3 5 5 6 6 10 10 11 14 15 15 18 18 18 20 29 36 37 38 42 42 43 49 0 162 197 300 345 376 402 407 488 579 593 599 599 643 652 722 735 760 790 843 866 950 978 980
38.309352518 55.722326454 24 0 1 2 3 4 7 9 9 12 12 14 14 16 17 20 20 23 24 25 37 38 42 46 48 0 207 217 226 250 253 261 261 286 308 384 563 567 586 616 616 746 820 823 830 841 899 925 977
64.7482014388 24.2026266417 24 0 2 6 6 8 11 15 21 22 24 25 26 26 28 30 32 37 41 41 42 43 46 46 47 0 121 142 161 195 205 239 246 338 361 398 470 494 510 532 578 673 691 718 785 801 911 914 981
78.7769784173 63.7898686679 24 0 0 3 12 12 18 20 23 24 25 26 30 33 34 34 35 36 36 41 42 42 43 44 45 0 0 156 242 292 299 308 309 353 447 470 474 475 488 519 523 591 640 777 779 813 833 850 966
75.7194244604 44.277673546 24 0 4 8 10 11 11 12 12 12 13 13 17 18 19 19 26 27 32 35 37 39 39 43 44 0 135 156 161 199 242 286 290 306 324 354 405 430 468 523 529 581 634 643 665 853 915 945 960
50.1798561151 45.9662288931 24 0 0 0 2 9 9 18 18 18 20 20 21 25 28 28 32 34 36 36 38 43 48 49 49 0 104 114 197 226 297 301 356 410 523 531 539 611 618 679 681 710 817 850 857 867 953 959 996
55.9352517986 46.5290806754 24 0 2 2 3 3 5 12 14 16 17 17 20 30 30 32 34 35 38 39 41 49 49 49 49 0 0 120 200 201 211 230 252 275 351 396 424 457 587 642 680 752 762 799 818 867 888 961 975
40.2877697842 99.6247654784 24 0 0 0 4 8 15 19 20 21 22 22 23 23 23 28 30 30 30 30 31 32 37 46 47 0 123 129 179 199 234 250 251 328 330 333 411 417 442 475 550 662 678 695 719 760 910 979 987
70.8633093525 43.1519699812 24 0 2 3 6 7 14 16 17 19 20 21 22 25 30 35 37 38 39 41 44 46 46 49 49 0 0 175 189 191 196 224 230 325 328 385 488 513 542 545 551 564 654 670 750 759 765 827 873
65.4676258993 67.3545966229 24 0 0 1 9 9 10 10 11 16 22 24 26 34 35 37 39 40 43 44 45 47 47 49 49 0 154 294 312 343 373 449 454 504 570 589 604 613 664 693 722 756 756 781 818 841 924 985 990
54.4964028777 48.2176360225 24 0 0 6 11 12 14 18 19 21 22 24 26 27 28 29 32 32 36 40 40 44 45 45 48 0 128 136 151 192 225 228 286 305 311 316 426 478 499 517 562 594 596 609 919 933 944 966 977
73.0215827338 52.3452157598 24 0 5 6 8 9 12 14 14 19 19 20 20 21 29 37 37 38 42 43 45 46 48 48 48 0 164 175 179 237 366 386 416 447 455 466 510 542 555 559 564 663 667 753 754 763 857 930 995
55.035971223 52.5328330206 24 0 1 1 2 2 3 4 4 4 4 6 7 17 17 19 21 24 32 33 33 33 35 43 47 0 0 118 131 164 181 202 204 207 231 335 374 419 544 560 584 666 671 703 769 900 934 935 991
35.071942446 39.5872420263 24 0 2 2 6 7 9 18 18 20 21 23 24 24 26 32 32 33 36 38 41 41 42 47 47 0 111 112 151 160 171 361 403 441 475 477 505 578 674 708 740 750 751 757 765 874 968 969 972
51.2589928058 50.6566604128 24 0 5 7 9 12 16 16 18 19 21 21 21 24 26 27 29 32 34 37 39 43 43 44 46 0 107 111 135 239 249 273 317 341 391 440 457 476 535 540 560 601 620 730 761 773 854 902 930
47.1223021583 32.4577861163 24 0 4 6 13 13 17 18 20 20 25 28 29 29 29 29 30 32 34 39 40 41 44 48 48 0 140 150 161 175 227 264 272 357 360 368 465 492 505 510 529 536 578 693 712 747 786 952 960
77.6978417266 56.0975609756 24 0 1 3 7 10 13 13 17 24 25 28 28 34 35 38 38 39 41 43 46 46 47 49 49 0 134 271 273 284 301 421 461 470 510 548 585 590 663 666 681 712 774 824 867 899 933 941 986
48.5611510791 39.2120075047 24 0 3 4 6 8 9 13 14 14 14 16 17 19 20 20 20 24 24 30 38 42 43 47 48 0 0 103 104 148 152 193 208 217 281 301 367 393 416 439 557 595 609 637 668 838 900 912 973
7.55395683453 46.3414634146 24 0 0 7 8 8 8 13 13 13 13 18 21 21 22 24 25 27 35 35 37 39 41 45 47 0 101 108 166 236 243 345 396 428 445 448 498 549 594 623 665 719 771 792 857 879 890 976 980
28.5971223022 45.9662288931 24 0 0 5 12 13 15 16 17 20 26 28 29 29 30 30 31 34 40 40 42 42 42 45 46 0 104 115 142 273 307 343 411 429 579 594 605 608 637 669 743 767 779 887 918 962 980 989 995
43.8848920863 56.8480300188 24 0 8 9 11 13 14 16 16 17 17 18 20 21 22 23 23 25 27 29 35 36 37 37 44 0 126 178 332 345 358 453 625 628 638 640 718 746 747 755 882 889 907 916 923 948 969 974 981
85.2517985612 35.6472795497 24 0 2 3 6 7 7 10 12 14 23 24 26 27 30 34 35 38 41 43 45 47 49 49 49 0 0 100 115 145 154 211 250 255 363 363 458 478 574 588 641 656 672 797 866 939 948 958 991
62.0503597122 42.4015009381 24 0 0 1 5 5 8 9 13 14 16 16 17 18 22 24 29 29 33 39 42 43 44 44 47 0 0 125 129 142 151 153 176 212 383 412 412 426 453 478 526 541 560 739 821 860 936 941 996
57.9136690647 95.4971857411 24 0 0 2 3 5 7 7 13 16 19 22 26 27 32 34 36 37 38 41 41 45 46 47 49 0 0 150 158 164 304 332 459 466 511 534 550 582 639 702 716 744 754 777 783 801 925 952 984
44.7841726619 59.8499061914 24 0 0 3 15 15 16 19 19 20 20 20 20 21 27 38 40 41 43 43 44 45 46 48 49 0 0 160 172 198 208 264 324 405 420 486 592 607 631 667 724 744 763 814 931 974 980 985 990
59.8920863309 58.7242026266 24 0 0 0 1 4 4 6 6 14 15 15 24 24 26 28 35 43 44 44 44 45 45 47 47 0 0 157 181 208 223 228 241 307 309 331 377 382 433 473 503 698 705 733 753 774 794 857 952
53.2374100719 76.7354596623 24 0 2 4 6 7 11 12 15 17 22 23 24 28 28 30 31 32 33 33 40 44 47 48 48 0 109 180 267 307 374 417 477 593 644 676 744 752 752 768 785 785 817 819 890 899 940 957 972
52.5179856115 38.8367729831 24 0 0 5 7 7 8 8 12 12 15 18 22 23 27 30 31 34 34 36 38 42 44 48 48 0 0 157 165 245 271 299 341 361 373 406 412 542 572 632 709 762 776 834 921 927 933 959 961
56.1151079137 49.7185741088 24 0 0 2 4 5 7 8 14 18 19 21 26 29 31 31 35 35 36 38 41 44 47 49 49 0 0 193 202 247 269 331 338 352 367 374 390 435 459 496 520 614 667 681 762 848 855 868 976
46.7625899281 41.2757973734 24 0 3 4 6 7 11 11 12 12 12 22 26 29 34 35 38 42 42 43 44 45 45 47 48 0 121 234 234 247 330 373 388 395 396 405 427 594 620 625 660 666 680 690 710 730 739 839 965
49.6402877698 37.3358348968 24 0 0 1 4 4 5 12 16 18 20 24 25 25 26 29 30 31 32 34 37 42 42 44 46 0 208 221 278 399 480 482 497 559 560 561 624 626 635 641 646 678 723 753 770 906 923 936 989
57.5539568345 52.9080675422 24 0 1 7 10 12 14 16 17 22 24 24 24 25 27 28 31 33 33 34 36 37 37 39 40 0 0 145 147 169 263 268 355 390 423 452 465 500 541 542 596 657 658 703 717 748 872 899 936
34.8920863309 16.6979362101 24 0 1 5 5 6 6 6 11 13 15 22 24 25 27 29 38 38 38 41 42 46 47 47 49 0 125 235 243 276 351 398 414 550 597 599 635 651 728 747 764 832 882 905 918 919 936 951 999
53.5971223022 54.0337711069 24 0 5 6 7 7 10 15 15 15 20 20 22 23 26 27 30 30 31 34 40 41 44 45 45 0 0 143 157 198 198 228 279 309 346 366 375 407 431 475 627 651 703 763 877 887 920 943 979
70.6834532374 30.7692307692 24 0 1 6 8 10 11 16 16 16 18 18 22 22 24 25 25 34 36 37 38 41 46 46 48 0 169 273 275 286 317 346 358 404 408 459 468 482 547 603 612 634 656 673 754 760 816 869 946
46.2230215827 74.4840525328 24 0 3 4 5 9 9 10 11 13 14 15 16 19 19 20 22 22 28 29 30 30 33 41 42 0 110 125 149 177 196 225 232 238 272 324 512 599 630 664 691 726 753 757 782 843 868 878 976
37.7697841727 28.330206379 24 0 0 1 4 9 9 11 11 12 13 14 15 21 23 23 25 29 32 34 36 36 40 41 47 0 143 146 199 243 256 376 435 459 489 529 633 638 655 659 696 750 780 781 814 845 885 910 912
36.690647482 56.0975609756 24 0 0 3 4 5 7 12 13 19 21 22 24 25 28 28 28 33 36 39 40 42 43 44 45 0 104 226 254 285 321 389 392 495 501 519 532 609 630 654 720 720 735 774 882 885 928 954 956
41.726618705 39.0243902439 24 0 4 6 10 14 16 16 16 17 18 19 20 24 28 29 36 37 39 42 43 45 48 48 49 0 0 112 119 135 143 333 342 343 364 488 495 655 661 696 734 747 765 801 922 970 987 989 992
56.8345323741 65.8536585366 24 0 0 5 7 7 11 11 13 15 18 18 21 24 25 31 32 32 34 35 40 42 44 46 47 0 217 222 236 252 276 284 373 375 384 451 475 484 503 518 569 671 727 743 755 786 839 908 913
62.4100719424 38.8367729831 24 0 0 2 3 3 3 3 6 14 21 23 23 26 30 31 33 34 34 36 36 37 39 48 49 0 101 119 139 176 236 250 309 315 450 460 534 564 584 600 724 727 767 800 841 881 882 945 949
54.6762589928 60.6003752345 24 0 1 8 9 9 10 13 13 19 20 20 20 28 29 32 33 36 37 40 44 45 45 49 49 0 102 122 246 262 285 290 307 323 385 388 414 441 554 680 708 738 738 785 812 828 877 900 982
21.4028776978 40.5253283302 24 0 5 7 11 12 13 13 14 14 14 23 26 28 29 30 39 39 39 41 44 44 45 47 49 0 126 140 159 174 186 379 407 418 442 452 478 510 546 629 637 641 688 725 743 808 886 947 964
51.4388489209 59.6622889306 24 0 0 0 2 8 9 14 16 16 20 24 25 28 29 37 39 40 43 43 45 47 48 48 49 0 133 228 256 267 295 338 366 382 397 487 511 599 643 672 678 695 711 739 753 835 837 901 938
53.4172661871 41.8386491557 24 0 0 1 2 3 7 8 10 13 15 16 18 20 21 24 29 30 30 32 33 34 38 43 45 0 0 138 147 225 226 237 273 274 293 302 311 466 557 605 631 639 666 673 837 838 867 965 983
42.4460431655 54.2213883677 24 0 5 10 11 14 15 16 21 22 22 22 24 27 28 33 40 42 42 45 45 45 47 47 48 0 132 141 189 194 258 291 346 419 506 535 607 654 660 670 674 700 701 750 765 770 851 854 956
30.9352517986 64.1651031895 24 0 1 2 6 6 7 13 16 21 22 23 25 25 27 28 29 35 37 37 38 44 45 46 46 0 181 181 240 311 320 320 329 360 372 429 440 469 486 511 726 745 746 769 831 835 952 979 992
64.7482014388 73.5459662289 24 0 0 1 5 7 13 15 18 19 19 20 20 23 23 26 27 28 29 30 41 42 42 44 46 0 0 102 120 130 144 212 253 292 324 337 392 428 435 488 544 564 665 767 786 823 859 928 968
47.1223021583 73.9212007505 24 0 1 5 8 16 17 18 18 19 22 23 23 25 26 27 29 31 34 35 37 39 46 47 49 0 0 273 300 303 305 315 330 457 559 609 613 625 627 702 707 752 782 804 822 831 851 902 984
53.2374100719 65.2908067542 24 0 3 5 5 6 6 8 10 16 19 20 22 24 25 25 25 26 26 28 29 32 42 43 48 0 0 115 156 185 226 260 279 355 385 505 525 587 600 614 627 629 670 679 856 864 894 935 953
57.3741007194 75.0469043152 24 0 3 4 4 6 6 6 7 10 13 17 21 22 24 25 27 28 28 32 33 40 44 46 49 0 129 150 155 192 232 236 340 418 504 518 585 652 673 702 704 725 745 799 811 849 929 937 972
40.6474820144 48.7804878049 24 0 2 2 15 15 16 16 20 23 24 24 25 26 26 27 30 31 33 34 34 38 42 44 46 0 0 109 212 212 288 289 343 375 387 425 478 525 546 570 583 617 631 836 846 846 919 922 981
50.8992805755 40.9005628518 24 0 3 3 7 9 9 10 11 12 13 17 21 24 25 27 31 32 35 36 38 40 44 46 47 0 0 132 136 149 157 179 338 366 386 390 390 408 495 524 535 571 598 633 797 874 961 969 978
57.5539568345 54.9718574109 24 0 1 1 1 3 3 4 4 6 8 11 12 16 17 20 20 21 28 31 33 34 34 42 48 0 124 157 308 317 321 346 369 381 423 449 465 585 705 765 775 813 895 901 919 951 954 965 968
59.1726618705 58.7242026266 24 0 2 4 4 4 5 8 8 17 20 23 23 27 29 29 34 36 37 40 40 46 46 46 48 0 0 175 250 301 320 328 344 349 429 491 492 501 514 563 617 620 621 622 630 839 895 918 982
34.5323741007 50.0938086304 24 0 0 2 3 5 9 10 20 22 23 27 29 32 33 35 38 38 39 42 44 44 45 47 49 0 0 274 347 426 431 438 457 458 523 556 579 608 618 649 659 691 715 780 781 787 790 904 910
74.8201438849 48.4052532833 24 0 1 3 5 6 8 8 10 13 21 22 24 27 29 32 37 37 37 39 40 41 42 44 48 0 111 120 198 198 233 239 243 302 321 342 431 451 500 501 501 517 658 675 740 838 928 944 963
65.4676258993 50.2814258912 24 0 2 3 4 5 8 8 11 11 12 17 18 18 18 21 25 28 28 33 36 39 40 47 47 0 0 105 108 153 221 252 355 369 370 398 556 573 595 687 702 710 711 786 801 825 861 940 987
62.5899280576 37.7110694184 24 0 3 5 7 8 9 11 11 11 12 16 16 21 25 33 33 39 40 40 41 43 48 48 49 0 108 215 252 278 296 308 314 351 371 497 498 511 519 529 603 685 688 706 753 768 826 842 992
58.273381295 55.9099437148 24 0 1 3 6 7 7 14 14 17 23 23 25 26 30 31 33 37 38 41 42 42 43 44 47 0 121 156 175 210 309 356 411 413 529 530 541 544 545 578 624 655 688 718 751 758 885 924 955
35.4316546763 30.2063789869 24 0 2 4 4 7 11 11 13 14 14 16 20 26 27 28 29 30 32 34 35 37 39 39 49 0 143 146 169 280 367 385 386 396 403 409 411 451 540 544 618 641 711 731 754 827 914 977 995
47.3021582734 70.1688555347 24 0 1 1 4 11 12 16 22 22 24 24 29 32 35 38 39 39 40 41 42 42 47 48 48 0 113 114 154 186 194 222 434 457 497 518 549 715 725 777 798 855 874 895 908 949 953 964 965
53.0575539568 18.9493433396 24 0 0 11 18 20 21 26 30 30 30 32 33 34 35 36 36 37 38 39 39 40 41 47 49 0 0 319 336 400 415 446 452 507 526 611 612 737 744 753 765 783 784 802 814 917 926 979 993
45.3237410072 66.6041275797 24 0 0 2 7 8 9 11 16 18 19 23 24 26 29 30 32 35 36 40 42 42 46 48 49 0 154 199 226 272 285 390 404 413 443 476 485 491 526 568 591 681 719 730 739 742 939 982 999
46.0431654676 63.9774859287 24 0 2 5 5 5 10 11 12 15 16 18 20 23 25 27 29 29 29 30 31 35 37 44 47 0 186 289 309 322 322 404 454 492 533 604 646 677 678 759 760 761 764 857 863 925 950 966 985
53.2374100719 42.4015009381 24 0 3 3 6 6 6 16 16 17 24 27 28 30 30 30 30 34 35 35 39 42 46 48 48 0 144 207 211 212 225 297 340 387 393 400 424 475 504 601 628 646 697 793 846 858 869 894 979
19.4244604317 59.0994371482 24 0 4 21 22 26 27 27 30 32 34 34 35 35 40 41 41 42 43 44 47 47 47 48 49 0 166 169 188 286 361 378 386 397 402 444 491 496 638 647 701 709 711 729 774 864 897 903 928
55.2158273381 27.0168855535 24 0 2 8 9 10 13 17 19 19 19 20 21 22 23 27 28 32 33 37 39 41 47 48 49 0 0 101 137 188 267 293 339 356 358 464 472 501 567 598 613 649 707 766 781 791 830 887 913
25.3597122302 30.5816135084 24 0 1 2 9 10 11 12 13 13 17 27 27 28 29 31 36 37 38 38 42 42 45 46 46 0 184 211 232 297 395 411 415 452 462 490 495 529 543 549 722 722 833 876 906 910 937 946 949
62.9496402878 54.7842401501 24 0 5 8 10 17 19 26 27 28 28 28 28 29 29 31 31 32 34 35 41 45 45 46 48 0 148 189 196 239 309 320 336 376 475 522 540 592 598 649 689 785 800 830 887 924 937 955 993
62.4100719424 39.2120075047 24 0 1 2 5 6 7 10 15 19 21 21 25 25 27 37 38 39 40 40 41 41 44 44 48 0 0 118 129 143 202 217 341 357 459 492 561 597 672 744 767 828 857 889 957 966 975 985 988
31.4748201439 45.9662288931 24 0 2 3 3 6 10 11 11 12 12 14 15 15 19 26 26 28 30 31 36 38 39 45 46 0 0 119 153 157 163 191 200 271 399 425 448 469 552 604 643 696 715 765 794 796 804 819 854
13.4892086331 48.0300187617 24 0 5 5 6 9 12 13 14 16 20 22 23 29 29 29 35 36 37 42 42 43 46 46 47 0 0 191 320 327 330 339 364 380 416 438 582 638 649 735 745 748 759 838 909 912 915 947 975
89.0287769784 52.7204502814 24 0 1 3 4 7 9 9 10 12 14 19 20 21 22 28 29 32 32 32 33 35 43 46 48 0 177 188 209 216 232 339 364 374 385 483 619 629 677 715 764 804 836 871 922 926 948 975 994
78.9568345324 42.7767354597 24 0 0 1 2 4 6 7 7 16 17 18 23 23 24 25 25 25 26 30 36 37 45 46 48 0 108 114 120 191 257 311 376 380 500 516 547 570 598 670 698 708 714 734 749 759 802 832 926
32.5539568345 88.5553470919 24 0 0 2 7 8 9 11 11 12 13 13 18 23 24 28 35 39 41 41 42 46 47 47 47 0 167 170 176 444 459 473 474 521 521 534 555 580 670 697 715 774 855 897 904 970 973 975 984
52.1582733813 47.8424015009 24 0 0 1 1 7 9 9 12 13 15 17 23 23 27 29 32 33 34 41 41 42 46 48 49 0 0 224 230 317 402 426 505 515 547 547 552 593 653 731 770 799 807 808 855 897 908 954 984
40.4676258993 47.4671669794 24 0 1 6 9 14 18 18 26 26 27 27 30 31 31 35 37 40 43 44 44 47 47 48 49 0 172 211 227 250 265 298 441 473 495 532 574 583 622 741 761 765 787 796 823 885 917 928 978
33.6330935252 42.7767354597 24 0 2 4 7 8 10 11 11 12 12 12 18 20 20 28 37 38 39 42 45 46 47 47 49 0 113 134 159 160 219 230 241 272 370 380 491 553 588 592 692 699 748 813 821 910 917 927 984
30.5755395683 34.8968105066 24 0 2 3 5 7 12 13 14 16 19 29 31 33 37 37 37 39 40 41 45 45 47 48 49 0 110 142 216 279 291 326 341 352 390 399 448 455 619 620 648 695 725 730 743 757 814 831 889
42.4460431655 25.5159474672 24 0 1 3 3 4 4 5 7 9 15 18 18 18 20 21 24 30 35 37 39 39 41 44 49 0 105 176 249 265 286 302 394 395 448 484 514 520 561 590 626 659 683 717 763 785 815 863 923
100.0 51.7823639775 24 0 1 2 3 10 11 13 13 14 16 17 19 20 21 24 25 26 26 27 30 34 43 44 46 0 0 102 130 182 248 260 381 402 470 554 624 660 685 686 705 719 734 750 772 779 808 902 931
28.4172661871 55.1594746717 24 0 0 1 1 3 9 9 19 23 26 26 26 27 27 28 29 33 35 36 40 46 47 49 49 0 166 177 187 204 241 260 315 363 422 431 434 469 492 494 559 613 634 655 742 804 816 963 998
38.8489208633 24.9530956848 24 0 0 5 8 9 11 12 12 13 13 14 16 19 19 22 28 28 31 32 35 37 38 40 49 0 0 123 172 223 325 382 386 390 433 458 475 487 653 691 695 749 767 774 798 857 905 916 989
68.5251798561 56.0975609756 24 0 4 5 8 9 9 10 12 20 21 23 24 25 25 28 28 28 32 39 41 42 43 44 45 0 126 194 241 253 275 346 393 410 419 441 486 558 583 609 609 664 692 724 742 883 918 954 959
60.071942446 54.7842401501 24 0 1 5 5 7 10 13 15 16 21 22 26 30 30 35 37 40 40 41 42 43 46 46 49 0 0 105 131 144 212 212 240 325 362 401 437 587 594 632 689 692 767 800 824 847 929 939 998
77.6978417266 35.2720450281 24 0 9 10 11 13 13 21 21 25 25 28 28 35 37 38 39 39 39 40 40 45 48 49 49 0 112 166 167 232 287 364 369 389 591 606 650 707 725 740 751 775 817 846 859 871 874 897 920
37.0503597122 70.3564727955 24 0 2 9 9 9 10 18 20 21 22 23 26 29 34 38 38 39 41 41 42 42 43 47 49 0 177 267 279 347 351 396 474 496 575 599 629 646 650 665 697 730 747 756 787 806 814 912 980
54.3165467626 31.1444652908 24 0 0 9 9 10 11 15 16 16 17 18 19 21 22 23 27 31 37 37 37 45 46 47 49 0 159 164 164 165 201 207 302 308 406 427 499 544 563 582 651 786 803 812 818 860 886 897 975
64.2086330935 21.9512195122 24 0 0 1 1 4 5 6 7 7 9 11 12 13 13 17 21 23 26 32 33 34 35 45 47 0 185 229 328 338 341 393 439 454 486 489 519 547 558 596 670 689 781 798 813 854 871 894 894
65.8273381295 68.8555347092 24 0 3 4 14 16 17 18 18 22 24 24 27 28 28 28 31 33 39 42 44 44 44 48 49 0 166 200 285 308 315 368 421 519 532 569 583 588 590 629 687 695 792 806 809 877 936 943 979
69.4244604317 42.2138836773 24 0 3 6 11 15 17 18 20 25 27 28 31 33 33 34 36 37 37 37 37 39 39 43 45 0 0 103 117 118 190 191 230 287 363 390 578 751 774 833 845 861 878 893 948 954 968 975 990
62.4100719424 70.1688555347 24 0 0 1 1 2 5 6 7 9 13 14 18 22 24 24 26 31 35 37 40 40 47 48 48 0 117 191 261 334 373 374 415 439 504 529 590 655 731 746 764 778 837 860 867 870 943 964 982
62.5899280576 63.4146341463 24 0 0 3 3 4 4 5 13 14 14 15 16 17 17 26 30 31 33 36 41 42 43 45 47 0 117 136 149 256 269 284 366 381 381 392 515 658 666 717 750 766 788 849 875 887 911 966 972
80.035971223 63.4146341463 24 0 3 5 7 8 8 8 10 12 16 19 22 23 26 26 27 28 31 32 33 36 36 40 48 0 102 130 201 285 296 326 342 417 436 463 465 505 604 696 710 732 752 757 843 849 872 875 896
78.7769784173 45.2157598499 24 0 1 3 4 5 8 14 14 17 24 24 25 29 34 34 34 38 39 41 44 44 46 49 49 0 133 189 199 246 263 331 359 372 381 420 470 503 696 723 803 807 841 845 867 940 946 983 990
66.5467625899 32.2701688555 24 0 0 5 6 7 8 8 8 12 12 15 18 23 24 33 35 36 37 44 46 47 47 48 49 0 129 149 154 170 250 265 291 295 371 396 458 510 522 553 693 761 873 884 896 936 939 960 965
39.0287769784 59.8499061914 24 0 0 0 5 7 8 9 13 14 18 18 18 20 20 21 25 26 27 30 39 40 43 45 49 0 101 165 211 249 271 277 308 400 406 406 466 494 516 525 630 721 758 791 797 891 932 936 946
68.5251798561 65.1031894934 24 0 6 7 8 8 9 14 15 18 19 21 22 24 24 26 26 27 27 28 32 33 35 36 43 0 0 167 193 401 478 501 518 539 552 558 572 667 693 720 720 739 746 782 784 787 882 942 978
39.2086330935 14.8217636023 24 0 1 1 2 7 22 23 26 28 31 33 35 36 39 40 41 42 43 45 45 46 47 47 47 0 154 175 179 270 325 385 418 436 463 464 555 580 667 792 810 858 860 891 897 905 942 957 980
58.0935251799 41.6510318949 24 0 4 7 9 17 19 19 20 21 26 26 28 28 28 31 32 37 38 43 45 46 46 47 49 0 151 199 317 324 404 498 499 554 562 597 616 635 660 676 710 774 794 796 800 840 882 927 988
33.0935251799 66.4165103189 24 0 2 6 8 12 14 15 19 20 24 27 27 28 32 35 39 40 40 42 43 45 45 47 47 0 0 114 139 209 223 225 291 319 404 428 486 505 519 544 557 580 596 617 632 692 741 792 937
40.6474820144 35.0844277674 24 0 0 0 1 3 3 7 8 12 21 24 25 26 27 27 28 32 33 37 38 40 42 44 45 0 0 104 122 191 207 260 275 374 405 422 462 489 503 505 654 752 857 900 921 943 945 982 996
79.6762589928 47.0919324578 24 0 2 4 7 9 15 15 17 18 18 24 24 26 26 26 28 29 30 33 39 41 43 45 47 0 107 107 225 245 290 295 353 365 370 412 503 569 609 619 689 752 828 831 842 846 883 966 998
40.2877697842 53.095684803 24 0 0 3 4 4 6 7 9 10 13 14 15 17 19 20 26 31 32 32 33 38 40 42 47 0 102 132 219 255 292 303 325 349 360 398 485 495 563 611 615 622 635 669 702 714 801 925 937
61.3309352518 64.7279549719 24 0 2 3 4 6 6 9 10 11 12 14 17 18 19 23 25 25 27 35 42 44 44 46 47 0 132 138 227 287 300 358 367 390 456 456 470 534 548 562 708 764 877 891 937 956 970 974 977
52.5179856115 63.2270168856 24 0 0 1 3 4 5 5 6 7 12 12 12 15 17 17 21 29 30 30 34 41 41 42 49 0 166 178 207 307 308 352 380 395 460 466 472 528 533 588 603 676 721 769 802 885 922 950 954
36.5107913669 36.7729831144 24 0 2 7 7 8 9 11 11 12 13 15 18 20 22 22 24 28 28 29 30 34 36 42 49 0 198 217 224 245 292 394 430 443 453 486 524 526 529 534 537 591 601 619 657 681 759 821 999
40.1079136691 78.9868667917 24 0 0 2 3 4 6 8 9 9 18 25 28 30 30 33 34 35 37 37 37 43 44 45 48 0 0 106 112 114 125 198 295 360 422 467 575 593 630 649 673 677 882 901 905 935 940 972 986
14.3884892086 58.7242026266 24 0 3 8 11 14 16 21 21 21 23 26 27 28 28 31 32 34 36 37 38 40 45 48 49 0 103 110 297 306 327 328 423 436 437 451 454 537 552 597 639 685 712 721 725 763 781 856 974
46.2230215827 30.2063789869 24 0 0 2 5 7 8 9 10 12 13 18 20 22 25 27 28 30 32 33 36 38 42 45 45 0 111 158 203 233 239 296 320 328 373 420 498 544 580 665 678 747 781 809 820 872 907 929 986
40.2877697842 18.0112570356 24 0 3 7 10 15 20 21 21 22 23 27 28 28 30 30 30 34 35 36 39 41 44 47 47 0 108 171 266 332 350 393 429 458 468 487 489 490 550 563 614 617 678 695 764 767 933 933 974
47.4820143885 42.9643527205 24 0 2 2 4 6 9 12 12 16 16 16 22 24 26 27 35 37 38 40 40 40 41 45 46 0 134 171 185 194 250 304 331 370 472 495 558 560 591 665 702 703 712 760 820 849 857 907 978
64.0287769784 71.4821763602 24 0 0 2 5 7 8 9 11 15 17 19 20 22 24 25 26 28 37 41 41 42 46 46 46 0 110 113 130 282 296 302 303 361 417 422 428 449 588 646 670 764 797 843 852 865 875 910 955
59.1726618705 60.2251407129 24 0 1 2 2 7 11 11 15 16 16 21 27 30 30 34 36 37 38 38 40 43 46 47 49 0 105 167 175 243 249 324 379 388 423 431 444 468 513 561 710 715 735 736 925 942 943 956 988
54.6762589928 63.2270168856 24 0 1 6 11 12 13 16 17 19 19 19 20 21 21 22 22 26 26 27 33 38 40 46 48 0 216 222 256 314 357 402 427 437 446 543 554 630 672 724 786 786 805 819 885 915 934 943 983
42.6258992806 66.4165103189 24 0 1 6 8 12 12 13 17 18 18 18 20 20 23 24 28 29 31 32 34 34 39 40 43 0 0 114 163 204 230 266 269 354 356 374 398 424 481 511 521 592 677 754 797 857 894 956 994
31.4748201439 28.7054409006 24 0 1 1 3 4 7 9 10 17 21 24 26 28 31 36 38 39 44 44 45 45 47 49 49 0 0 125 155 162 215 255 300 377 489 501 549 580 587 618 636 644 675 838 877 929 934 942 978
53.7769784173 74.8592870544 24 0 0 3 4 5 6 7 8 10 10 16 17 18 22 23 29 30 32 39 39 40 41 49 49 0 0 154 222 229 254 302 322 371 392 433 493 631 641 656 701 716 791 852 872 895 923 956 959
49.2805755396 45.9662288931 24 0 1 2 5 8 9 10 15 15 15 17 19 20 25 29 32 36 37 41 41 42 44 44 49 0 101 104 108 141 142 227 234 277 294 335 340 395 415 440 531 619 621 758 775 795 799 806 834
334
6.04838709677 81.40625 9
44.7580645161 32.5 8
46.5725806452 47.8125 4
54.6370967742 42.5 1
62.2983870968 46.71875 6
72.5806451613 57.96875 1
40.9274193548 40.15625 5
60.8870967742 65.15625 4
47.3790322581 72.03125 8
49.3951612903 46.25 8
62.2983870968 41.875 6
34.6774193548 70.3125 6
5.24193548387 86.25 2
40.9274193548 18.4375 6
33.8709677419 22.8125 7
23.185483871 9.21875 5
63.5080645161 23.125 9
24.1935483871 33.4375 5
48.3870967742 36.40625 1
31.4516129032 63.59375 9
37.0967741935 38.75 9
33.4677419355 47.1875 9
51.4112903226 49.53125 2
56.4516129032 68.90625 7
53.6290322581 24.21875 8
58.4677419355 33.28125 4
23.185483871 48.75 4
24.3951612903 53.59375 5
69.7580645161 47.65625 4
39.7177419355 48.59375 6
14.314516129 39.375 6
48.185483871 40.46875 3
23.5887096774 26.09375 4
53.8306451613 27.03125 9
72.3790322581 72.03125 1
25.4032258065 22.65625 7
12.2983870968 52.1875 5
74.3951612903 67.03125 7
60.2822580645 77.5 1
58.6693548387 54.6875 2
82.0564516129 37.8125 4
31.4516129032 44.0625 4
64.7177419355 59.0625 3
45.564516129 21.09375 5
49.1935483871 33.59375 8
79.0322580645 73.75 7
82.0564516129 62.34375 3
46.5725806452 28.4375 7
41.3306451613 69.21875 6
81.0483870968 66.25 8
53.4274193548 48.125 7
49.5967741935 75.3125 9
45.7661290323 30.9375 2
24.3951612903 24.6875 6
83.2661290323 45.46875 6
22.7822580645 48.125 9
48.9919354839 52.34375 3
32.0564516129 45.46875 6
12.2983870968 44.375 6
25.0 80.78125 1
31.6532258065 53.90625 7
18.1451612903 11.875 6
24.7983870968 35.15625 7
56.0483870968 53.75 3
38.5080645161 50.0 7
42.9435483871 42.65625 8
70.564516129 39.21875 8
68.1451612903 66.25 4
21.7741935484 50.3125 6
26.4112903226 72.03125 3
53.0241935484 52.65625 6
84.8790322581 45.9375 2
61.4919354839 12.65625 2
51.814516129 53.59375 3
57.0564516129 27.5 2
79.8387096774 38.125 3
42.9435483871 49.84375 9
61.2903225806 26.25 5
32.6612903226 56.875 4
69.5564516129 26.25 3
61.2903225806 42.03125 2
55.6451612903 34.375 8
82.0564516129 56.71875 4
95.9677419355 28.59375 3
51.6129032258 61.5625 2
60.4838709677 0.0 7
54.0322580645 43.90625 3
44.3548387097 42.65625 8
44.7580645161 57.5 7
78.6290322581 48.28125 3
25.2016129032 19.0625 6
64.1129032258 23.59375 4
83.2661290323 51.40625 5
27.4193548387 55.9375 2
83.2661290323 65.46875 6
61.0887096774 20.0 2
26.814516129 40.15625 2
66.7338709677 61.40625 2
62.2983870968 16.71875 5
73.185483871 41.5625 9
38.5080645161 38.28125 5
88.5080645161 52.1875 3
40.3225806452 25.625 1
65.3225806452 40.15625 5
4.03225806452 27.8125 6
30.0403225806 51.09375 2
31.6532258065 41.875 2
76.4112903226 81.5625 4
76.0080645161 33.4375 5
41.1290322581 42.96875 2
86.2903225806 49.6875 7
37.9032258065 42.34375 9
47.9838709677 52.03125 8
100.0 53.125 9
43.5483870968 55.3125 4
15.5241935484 43.75 3
40.9274193548 18.75 7
50.8064516129 56.875 2
38.3064516129 69.53125 1
61.2903225806 57.1875 8
23.3870967742 72.03125 3
59.2741935484 40.3125 3
54.8387096774 42.34375 9
55.8467741935 37.8125 6
25.4032258065 47.8125 4
51.2096774194 56.875 6
59.6774193548 51.25 7
23.3870967742 74.21875 5
24.3951612903 38.75 3
33.6693548387 49.53125 6
89.9193548387 29.375 4
60.4838709677 49.0625 4
45.1612903226 52.34375 6
18.75 52.1875 1
76.6129032258 16.40625 2
78.8306451613 71.5625 8
50.2016129032 57.96875 1
56.8548387097 51.875 5
61.6935483871 32.8125 2
76.4112903226 70.78125 7
22.5806451613 57.96875 6
25.6048387097 23.28125 8
77.0161290323 44.6875 3
45.9677419355 33.4375 7
64.1129032258 63.28125 4
11.8951612903 54.53125 9
45.7661290323 73.90625 4
65.5241935484 40.0 1
90.1209677419 53.75 9
17.3387096774 51.875 3
52.8225806452 36.71875 3
62.7016129032 50.0 4
56.0483870968 50.46875 8
50.2016129032 60.15625 8
55.6451612903 57.96875 3
55.8467741935 33.4375 4
58.4677419355 48.90625 9
71.5725806452 38.4375 7
11.8951612903 19.53125 2
39.5161290323 51.71875 9
44.5564516129 34.21875 1
50.8064516129 58.59375 5
53.8306451613 34.6875 7
65.3225806452 55.78125 8
56.0483870968 39.53125 3
44.7580645161 23.59375 7
91.3306451613 42.34375 7
49.7983870968 47.8125 4
34.2741935484 59.375 1
37.7016129032 26.71875 7
45.7661290323 44.21875 7
14.1129032258 53.28125 7
43.3467741935 57.65625 6
61.2903225806 60.3125 4
18.75 43.28125 6
25.8064516129 48.59375 5
96.5725806452 42.65625 5
66.1290322581 56.5625 9
50.2016129032 35.3125 6
80.4435483871 62.5 3
51.2096774194 100.0 4
67.3387096774 34.84375 8
18.1451612903 8.59375 1
76.4112903226 49.6875 5
45.3629032258 60.9375 6
27.6209677419 37.1875 3
47.1774193548 36.25 5
81.8548387097 49.375 1
47.5806451613 15.46875 8
61.2903225806 56.25 8
43.75 46.25 2
51.814516129 58.125 3
44.7580645161 40.15625 4
33.064516129 30.9375 2
49.7983870968 54.6875 2
30.0403225806 22.03125 7
77.2177419355 35.78125 8
25.4032258065 19.0625 9
29.2338709677 52.5 4
4.63709677419 69.84375 6
44.3548387097 13.28125 7
61.4919354839 22.65625 8
54.0322580645 50.46875 9
49.3951612903 57.03125 7
61.0887096774 53.28125 3
63.5080645161 15.9375 7
43.75 54.21875 2
68.1451612903 31.09375 1
83.064516129 56.40625 6
69.7580645161 55.15625 2
31.25 28.28125 6
48.9919354839 66.25 2
40.3225806452 65.9375 9
30.8467741935 28.90625 3
50.4032258065 74.21875 3
54.6370967742 56.875 7
49.5967741935 23.75 8
71.1693548387 48.59375 8
27.4193548387 28.28125 1
79.6370967742 39.375 3
61.2903225806 78.28125 8
33.2661290323 45.46875 4
55.8467741935 27.34375 5
58.6693548387 20.78125 6
57.0564516129 35.9375 9
66.7338709677 48.90625 8
68.9516129032 16.40625 9
90.5241935484 41.5625 8
52.0161290323 55.15625 3
47.3790322581 30.15625 1
58.8709677419 41.5625 2
45.1612903226 72.5 6
71.3709677419 41.25 1
44.3548387097 26.5625 9
63.5080645161 68.59375 2
76.814516129 33.4375 4
53.8306451613 65.625 6
67.7419354839 58.125 1
57.8629032258 88.90625 3
46.9758064516 76.875 6
63.5080645161 42.96875 8
26.2096774194 16.5625 5
48.5887096774 28.59375 4
61.4919354839 62.34375 6
45.7661290323 55.3125 2
14.314516129 52.96875 7
58.8709677419 39.375 1
40.3225806452 67.96875 4
71.7741935484 42.96875 1
48.9919354839 18.28125 4
59.6774193548 67.1875 7
77.2177419355 31.71875 9
26.814516129 42.5 2
61.4919354839 57.03125 1
30.8467741935 65.78125 8
43.1451612903 36.875 2
57.2580645161 57.5 1
22.7822580645 59.84375 5
40.9274193548 55.625 7
16.1290322581 44.21875 8
59.0725806452 36.5625 5
62.7016129032 35.78125 5
44.5564516129 61.25 4
25.4032258065 44.375 6
82.4596774194 55.0 6
73.9919354839 77.96875 5
43.3467741935 32.96875 5
29.0322580645 50.0 9
54.0322580645 48.75 1
55.2419354839 41.40625 4
42.5403225806 67.65625 2
90.5241935484 17.03125 3
56.0483870968 28.59375 1
93.75 73.125 1
66.7338709677 42.96875 5
53.2258064516 40.3125 2
43.9516129032 41.5625 7
68.3467741935 61.40625 1
62.0967741935 45.9375 7
70.3629032258 54.21875 3
33.2661290323 23.90625 4
87.5 36.5625 5
38.7096774194 16.09375 8
64.314516129 55.46875 4
92.5403225806 13.4375 8
37.7016129032 50.625 5
33.8709677419 40.15625 7
16.7338709677 43.59375 3
50.2016129032 79.21875 2
91.7338709677 26.5625 4
77.4193548387 19.375 7
33.064516129 12.96875 9
69.1532258065 64.84375 7
45.9677419355 47.34375 8
55.2419354839 28.75 6
48.185483871 71.25 4
33.4677419355 55.15625 7
43.5483870968 61.40625 1
28.8306451613 74.21875 8
40.7258064516 15.78125 5
57.0564516129 42.65625 9
14.7177419355 30.78125 4
50.4032258065 43.59375 1
25.6048387097 30.0 5
51.4112903226 59.0625 3
86.0887096774 44.6875 3
40.5241935484 53.59375 4
72.3790322581 39.6875 4
13.9112903226 45.625 1
11.0887096774 69.375 2
35.4838709677 49.84375 5
39.7177419355 45.78125 3
50.4032258065 41.875 2
61.4919354839 68.59375 2
64.1129032258 55.0 6
41.1290322581 63.75 7
42.9435483871 33.75 9
44.1532258065 70.46875 7
73.185483871 65.3125 6
46.3709677419 68.90625 4
37.7016129032 36.875 8
0.0 57.34375 8
22.9838709677 54.375 5
29.6370967742 61.5625 9
50.6048387097 7.03125 5
87.5 40.46875 6
24.3951612903 27.5 8
11.8951612903 26.875 9
82.2580645161 60.625 2
50.0 45.3125 2
66.935483871 60.625 4
33.2661290323 68.4375 1
12.5 78.28125 5
21.5725806452 65.0 3
