238
63.8733705773 54.5918367347 23 0 1 2 2 7 9 9 12 13 15 16 18 24 30 31 34 35 36 44 47 49 49 49 0 131 160 185 202 222 319 329 374 410 411 457 535 602 709 849 885 890 898 907 931 957 959
60.1489757914 67.5170068027 23 0 2 4 8 11 11 13 16 16 16 18 31 31 39 43 43 43 44 45 45 46 48 49 0 198 319 322 362 366 402 487 594 628 628 660 752 755 758 821 882 899 899 953 960 987 991
59.9627560521 41.4965986395 23 0 1 1 3 5 8 8 9 11 14 17 22 22 22 24 26 35 39 45 45 46 48 49 0 109 180 288 296 327 330 427 476 505 518 562 594 599 736 746 818 859 896 911 923 966 980
44.5065176909 23.8095238095 23 0 1 2 2 2 5 5 6 8 8 9 9 13 16 25 26 32 40 43 46 48 48 49 0 248 306 315 376 393 401 423 426 440 456 482 490 500 505 519 598 677 766 877 904 973 993
83.7988826816 28.9115646259 23 0 2 5 10 11 11 14 14 14 14 16 19 20 25 27 29 34 37 38 40 43 45 46 0 135 164 174 216 331 402 428 534 581 586 587 598 648 658 682 690 718 751 905 919 981 997
54.1899441341 44.8979591837 23 0 0 0 0 1 1 1 5 9 11 13 14 21 24 28 32 33 34 35 41 43 47 48 0 157 164 244 260 261 264 293 374 388 393 395 433 478 522 557 574 627 754 831 916 955 983
60.52141527 61.3945578231 23 0 0 0 2 4 5 9 11 11 11 13 16 17 18 19 21 23 32 33 34 40 41 45 0 0 153 188 222 312 479 485 525 561 570 588 598 646 652 700 750 759 761 802 846 856 919
50.6517690875 70.4081632653 23 0 0 6 7 8 10 11 11 13 14 23 24 25 25 26 36 37 38 40 45 45 47 47 0 0 105 129 142 174 235 242 273 277 290 307 315 376 477 518 669 727 771 786 834 960 970
35.009310987 69.2176870748 23 0 2 2 4 5 6 9 9 10 12 14 14 17 22 24 27 29 33 38 40 43 44 49 0 151 184 231 403 426 437 480 483 484 522 616 642 679 722 756 781 847 852 867 912 941 963
48.0446927374 42.3469387755 23 0 0 3 4 5 5 6 8 13 15 18 18 27 28 29 30 32 34 34 35 40 46 48 0 139 236 238 251 261 288 318 324 387 454 515 582 587 705 720 835 868 873 874 889 954 961
72.0670391061 37.7551020408 23 0 5 7 9 12 15 17 19 22 27 31 31 35 35 36 38 38 40 44 45 46 49 49 0 125 165 347 348 358 371 452 516 518 526 543 588 596 624 634 684 841 870 903 916 936 938
12.6629422719 51.0204081633 23 0 1 9 11 15 17 18 19 20 22 23 24 24 26 27 28 34 34 38 39 40 42 44 0 0 221 244 255 286 301 311 315 411 431 504 626 660 706 706 840 858 901 906 937 960 971
23.6499068901 74.6598639456 23 0 1 4 8 9 12 12 13 13 15 18 19 19 20 23 24 25 27 28 35 38 43 48 0 100 102 136 157 160 185 205 221 254 271 383 388 391 656 664 720 829 832 832 839 906 917
58.1005586592 53.5714285714 23 0 2 2 3 7 8 12 15 16 17 19 20 20 25 25 26 30 33 40 40 43 46 49 0 126 273 287 292 329 352 373 394 563 585 604 637 682 711 729 758 787 795 823 862 867 900
25.6983240223 26.3605442177 23 0 3 3 4 14 15 16 16 23 25 25 26 26 27 30 32 33 36 39 42 44 44 45 0 199 236 256 303 508 520 523 529 646 650 693 698 702 738 802 815 867 882 885 919 932 961
56.2383612663 32.9931972789 23 0 0 4 5 8 13 13 15 19 19 20 22 22 32 36 38 38 38 40 43 45 49 49 0 257 301 315 348 494 544 575 597 603 619 645 677 698 712 836 855 870 898 905 940 950 984
44.3202979516 55.9523809524 23 0 1 1 2 3 4 8 10 16 18 22 23 24 28 30 32 35 37 39 42 44 45 46 0 0 112 120 185 268 352 388 405 434 496 522 552 578 597 634 694 751 752 762 824 915 939
23.6499068901 66.8367346939 23 0 2 8 8 9 9 11 11 11 14 18 20 23 26 34 38 44 45 45 46 48 48 49 0 0 179 230 267 335 370 370 486 487 539 552 632 649 655 748 752 767 790 793 848 946 987
83.7988826816 82.9931972789 23 0 2 5 6 10 12 14 16 16 24 31 32 35 36 38 38 39 40 40 42 42 46 48 0 135 145 163 267 287 327 373 387 431 446 460 524 534 618 653 708 713 733 825 853 963 983
50.4655493482 44.2176870748 23 0 0 1 7 8 15 16 18 20 22 22 23 28 31 33 33 35 38 38 43 44 44 46 0 125 159 186 262 272 288 298 340 415 435 444 563 566 617 726 738 826 861 881 926 945 951
33.7057728119 46.0884353741 23 0 1 2 5 6 6 13 14 15 17 18 18 19 26 29 30 32 35 37 43 44 46 49 0 183 191 211 268 270 289 296 358 385 400 427 517 585 622 631 689 779 849 882 904 982 995
64.990689013 51.1904761905 23 0 2 5 8 11 12 13 14 17 17 18 18 22 25 26 29 32 32 34 36 40 43 49 0 269 272 316 330 477 503 510 618 651 716 728 751 771 787 792 803 813 870 976 980 996 998
53.0726256983 68.1972789116 23 0 3 3 8 13 15 17 18 19 21 22 23 24 25 28 28 34 36 36 36 42 44 47 0 0 243 246 279 311 327 347 367 399 434 435 571 583 628 666 745 762 864 867 900 920 963
48.9757914339 43.7074829932 23 0 0 3 5 7 8 11 13 18 21 21 24 26 27 33 34 37 40 42 43 43 47 49 0 105 130 140 169 208 252 277 335 344 351 401 591 639 642 717 749 783 854 877 956 971 978
70.9497206704 48.4693877551 23 0 1 3 3 4 5 10 12 15 16 19 24 25 27 29 36 38 39 39 40 44 44 45 0 133 167 302 328 342 403 438 542 544 679 679 778 801 826 826 832 852 860 860 894 992 995
34.2644320298 61.2244897959 23 0 1 1 5 10 11 11 12 18 18 19 19 20 22 30 30 30 33 36 37 42 48 49 0 182 215 227 229 272 273 332 336 341 392 417 483 506 520 589 651 742 748 878 892 894 909
48.0446927374 71.5986394558 23 0 3 3 5 6 7 8 11 12 12 12 17 19 24 24 25 25 29 32 36 39 47 49 0 134 171 215 255 258 273 303 397 407 419 469 481 522 526 568 649 656 690 711 815 846 934
28.1191806331 55.4421768707 23 0 4 5 6 7 7 7 13 13 18 21 21 32 32 34 34 34 43 45 46 47 48 49 0 238 317 355 413 422 430 572 616 634 714 726 785 828 851 861 863 881 900 917 948 959 977
28.3054003724 57.1428571429 23 0 0 0 4 6 8 9 9 9 10 23 29 29 32 33 33 40 42 42 43 44 46 48 0 109 215 243 269 314 351 428 473 562 565 573 606 638 667 669 693 740 754 765 832 946 975
47.2998137803 45.5782312925 23 0 5 11 17 20 20 20 23 24 24 24 25 28 30 30 33 34 34 38 40 41 48 49 0 185 235 263 296 317 332 386 412 465 531 545 546 606 646 707 723 754 780 865 914 993 996
56.052141527 39.9659863946 23 0 3 4 9 15 15 20 22 23 24 25 28 34 34 34 38 39 40 41 42 43 43 48 0 0 105 168 205 274 325 357 362 404 469 483 537 598 665 775 817 847 851 862 932 967 983
42.4581005587 56.9727891156 23 0 0 8 9 12 20 22 22 26 27 31 35 36 37 39 40 41 42 42 43 47 47 48 0 114 140 160 175 220 226 265 409 508 525 528 532 552 567 589 701 867 876 930 947 968 975
72.8119180633 57.3129251701 23 0 5 6 6 10 19 19 22 28 28 29 31 32 33 34 35 35 43 44 44 46 47 48 0 151 244 259 263 292 292 331 335 369 387 588 597 615 615 636 702 734 796 804 814 885 903
36.1266294227 87.4149659864 23 0 1 1 5 9 9 16 17 18 20 20 22 25 26 27 27 32 33 39 40 42 45 46 0 115 175 192 211 277 354 430 440 440 445 500 509 654 727 761 796 817 827 873 924 951 979
89.7579143389 64.2857142857 23 0 0 1 2 4 4 5 6 7 12 18 24 26 26 27 30 35 36 38 39 40 41 45 0 0 120 282 283 293 297 306 431 444 463 515 582 693 701 758 762 830 843 880 899 933 995
60.3351955307 71.768707483 23 0 0 1 2 5 9 14 15 16 16 18 23 25 26 29 30 39 39 40 40 46 48 48 0 102 132 169 171 322 378 427 443 456 461 463 512 644 662 684 713 774 778 803 894 899 954
31.0986964618 46.5986394558 23 0 1 2 3 9 9 11 12 16 16 17 19 25 27 29 30 30 31 31 34 34 34 42 0 121 122 124 160 175 259 262 264 291 307 376 444 541 560 666 693 756 757 840 859 899 995
70.5772811918 37.4149659864 23 0 0 1 3 4 5 5 10 11 11 13 14 15 20 23 28 35 37 41 42 43 45 48 0 0 205 226 346 358 401 401 407 527 543 555 652 682 699 727 736 736 755 774 859 911 958
55.8659217877 51.8707482993 23 0 7 9 9 12 12 13 14 20 23 29 32 32 33 34 34 35 39 41 46 46 46 47 0 0 168 181 244 259 272 289 296 314 318 356 409 473 490 507 537 588 624 663 752 959 989
58.1005586592 36.0544217687 23 0 5 9 10 10 11 12 12 18 18 24 27 30 30 33 33 35 38 42 43 46 48 48 0 286 289 323 377 382 384 419 496 552 562 587 657 697 705 866 873 926 945 959 964 981 986
63.5009310987 23.4693877551 23 0 0 1 11 17 17 22 23 23 24 25 25 29 30 33 34 38 42 43 43 43 45 49 0 108 126 216 292 321 330 396 410 421 426 559 699 756 804 833 847 879 880 904 921 934 946
42.4581005587 47.619047619 23 0 1 10 15 17 19 20 22 23 24 26 27 27 28 31 33 33 34 36 38 38 41 46 0 107 195 202 320 380 381 425 468 503 546 563 570 675 678 731 752 763 837 869 873 896 996
30.3538175047 71.9387755102 23 0 1 5 6 8 9 9 12 19 21 22 24 28 29 29 33 34 35 36 39 45 45 48 0 185 192 197 206 290 294 424 552 554 563 596 640 654 808 840 844 884 949 953 957 959 966
54.748603352 61.5646258503 23 0 1 4 11 14 14 15 19 28 29 30 32 32 33 35 37 38 44 45 45 47 48 49 0 107 122 135 152 163 182 185 290 335 362 490 514 517 521 613 630 667 679 690 698 851 942
19.5530726257 89.9659863946 23 0 0 2 3 4 9 12 15 23 24 25 26 27 31 33 34 35 38 39 39 40 44 48 0 126 196 236 292 305 317 485 487 620 707 722 730 737 771 797 865 911 913 920 943 981 999
66.4804469274 63.2653061224 23 0 3 6 6 10 11 12 13 19 21 23 26 28 29 32 39 40 41 44 44 44 47 48 0 142 198 200 236 281 354 357 409 460 484 496 514 516 530 556 565 618 677 760 763 785 925
70.2048417132 66.4965986395 23 0 1 1 3 5 6 6 8 10 10 11 14 15 15 18 21 27 27 34 37 43 43 45 0 0 119 123 188 197 229 284 389 389 409 436 443 518 543 580 587 688 702 794 804 900 949
36.1266294227 37.7551020408 23 0 2 7 8 8 9 11 16 17 24 28 28 30 32 33 34 34 37 39 42 43 49 49 0 0 123 171 183 189 220 227 229 280 403 434 466 514 530 540 568 580 612 626 705 776 896
20.6703910615 59.3537414966 23 0 2 3 3 3 4 7 8 8 11 13 17 20 22 22 24 24 27 30 30 32 38 40 0 125 144 180 209 216 247 272 275 298 330 412 471 564 664 706 731 743 756 773 820 992 997
35.009310987 26.3605442177 23 0 1 4 5 6 7 8 9 14 18 18 22 24 28 28 30 33 39 42 43 45 45 47 0 116 129 178 189 204 219 241 265 401 406 439 483 534 598 601 617 818 824 834 911 973 977
40.0372439479 68.8775510204 23 0 3 5 5 6 7 8 12 15 17 18 20 20 22 22 24 29 29 32 33 37 41 42 0 107 288 307 361 551 555 559 603 633 678 683 726 727 779 795 810 827 841 844 869 895 995
40.4096834264 41.4965986395 23 0 4 7 8 15 17 22 22 22 26 26 30 31 32 38 40 43 46 46 46 47 49 49 0 0 150 185 249 260 323 360 411 440 441 508 602 640 733 751 756 769 774 776 917 925 948
36.8715083799 52.0408163265 23 0 7 9 10 12 13 13 14 16 16 18 19 20 20 23 24 26 27 32 34 35 36 37 0 0 148 169 185 217 298 342 347 396 454 515 520 542 610 638 699 800 801 808 827 847 951
29.0502793296 65.9863945578 23 0 2 5 8 8 12 13 19 22 26 29 33 36 40 40 41 41 42 43 43 45 47 48 0 0 133 135 193 234 298 302 322 342 393 476 574 610 660 676 706 718 719 771 898 930 955
34.0782122905 45.7482993197 23 0 3 3 6 6 8 9 11 19 22 23 26 27 28 34 34 38 40 41 41 43 45 45 0 120 129 148 239 292 508 524 560 595 639 665 691 705 741 777 810 847 851 893 943 956 981
41.3407821229 48.1292517007 23 0 1 1 5 9 11 12 14 14 17 19 19 20 24 27 27 32 32 35 39 40 41 42 0 0 117 214 249 378 496 526 531 547 581 701 719 735 782 792 797 855 905 920 921 967 989
67.7839851024 58.5034013605 23 0 3 3 11 12 16 16 17 19 23 29 35 35 37 38 39 40 41 42 43 46 48 48 0 105 141 152 203 241 443 448 460 462 477 488 537 568 581 583 744 789 802 824 835 877 914
63.5009310987 63.4353741497 23 0 0 6 7 9 12 15 18 19 22 22 23 25 35 35 36 39 39 41 41 43 46 49 0 0 111 124 136 238 290 401 412 422 425 437 443 649 686 692 699 719 721 731 887 892 918
67.9702048417 47.1088435374 23 0 0 0 1 4 4 12 14 14 15 16 19 22 23 25 29 30 34 34 39 49 49 49 0 0 121 232 249 267 341 417 425 513 515 530 610 636 682 690 811 817 832 932 964 973 973
75.4189944134 72.7891156463 23 0 0 2 4 6 10 12 15 18 18 21 22 24 26 28 29 30 38 38 40 42 44 49 0 0 200 279 303 313 358 371 437 461 478 481 498 663 682 692 698 755 792 895 926 946 991
43.7616387337 100.0 23 0 0 3 7 18 19 22 23 23 25 25 27 31 32 38 39 41 41 42 45 48 48 48 0 0 110 140 143 145 203 263 343 347 396 446 620 646 646 648 686 719 769 812 882 885 901
45.0651769088 44.8979591837 23 0 8 10 10 14 15 16 20 21 21 22 24 26 30 32 32 33 37 41 44 47 47 49 0 102 159 180 238 253 291 486 491 592 623 659 661 674 712 799 805 852 908 915 962 969 989
45.6238361266 55.1020408163 23 0 1 2 7 8 9 11 12 14 18 20 20 21 21 29 33 38 43 44 46 46 47 49 0 0 123 175 223 271 288 299 301 329 356 381 430 450 494 494 694 695 754 818 861 917 969
7.44878957169 79.0816326531 23 0 2 3 4 4 11 14 16 16 16 19 20 20 22 23 23 30 33 35 35 39 39 45 0 103 135 148 153 189 196 207 253 260 260 394 404 435 496 518 557 599 625 752 786 839 883
46.7411545624 57.9931972789 23 0 5 10 12 12 12 13 13 14 22 23 23 27 30 32 33 35 37 39 40 48 48 49 0 0 123 158 222 260 283 365 392 405 544 554 618 639 669 753 754 757 795 797 877 919 941
32.2160148976 68.8775510204 23 0 0 0 3 3 4 5 9 18 21 23 23 24 26 28 31 41 41 42 44 45 47 49 0 0 105 112 150 181 241 318 401 522 564 580 616 633 699 715 725 738 751 763 764 870 897
39.8510242086 81.462585034 23 0 2 3 3 9 9 13 14 16 19 20 21 21 23 24 25 25 27 33 37 45 46 49 0 105 107 122 197 233 267 288 309 464 488 503 529 535 606 653 783 788 849 871 953 988 997
47.8584729981 38.2653061224 23 0 3 5 10 12 12 13 14 15 15 20 20 23 28 28 29 30 36 41 42 45 46 49 0 286 300 370 386 434 461 490 544 600 634 686 735 780 799 819 854 865 873 873 875 915 976
20.4841713222 50.0 23 0 5 6 11 12 12 13 16 17 19 19 24 25 29 33 38 41 41 42 42 42 45 46 0 0 153 240 314 397 444 497 501 563 565 580 595 612 619 621 641 717 722 796 939 946 949
56.9832402235 45.7482993197 23 0 0 1 1 4 4 8 8 9 24 24 27 33 33 37 38 38 42 44 45 48 48 49 0 196 270 276 344 366 376 484 510 511 595 617 637 646 646 679 709 790 810 854 894 900 959
63.687150838 60.7142857143 23 0 1 2 8 8 9 10 12 12 12 16 18 18 24 27 30 35 36 39 41 42 44 47 0 0 176 212 308 325 445 484 534 540 543 602 677 708 711 741 762 850 876 876 916 958 964
42.644320298 47.2789115646 23 0 5 6 6 8 9 10 11 12 17 18 19 20 25 25 30 33 35 37 37 38 41 42 0 167 173 207 212 334 339 357 360 377 441 549 665 676 686 711 719 749 769 777 835 888 956
68.3426443203 70.7482993197 23 0 1 5 7 10 11 12 20 24 25 26 27 27 31 32 34 35 38 40 40 41 46 46 0 114 229 268 304 475 512 535 562 598 621 652 676 690 713 721 739 743 794 814 875 892 970
73.9292364991 72.619047619 23 0 1 1 3 7 8 9 13 14 20 22 24 27 30 33 34 36 36 39 40 40 40 43 0 310 322 379 408 419 450 451 471 478 503 528 546 588 626 732 749 769 790 792 848 983 999
60.8938547486 17.0068027211 23 0 5 9 10 13 14 15 17 17 19 20 20 32 33 33 33 35 35 36 40 43 43 45 0 0 155 196 209 262 320 336 401 449 490 619 655 673 682 693 697 712 719 765 810 858 991
74.6741154562 61.5646258503 23 0 0 1 3 5 7 11 17 19 19 24 24 24 27 35 36 37 38 40 40 44 45 46 0 0 128 203 211 217 274 357 370 393 423 461 483 520 649 656 691 716 775 798 812 877 939
26.4432029795 46.768707483 23 0 0 1 3 3 9 10 11 12 16 23 23 25 27 29 31 34 37 38 41 45 46 49 0 0 132 214 222 223 255 293 302 343 343 388 463 570 594 623 684 796 829 889 899 981 990
34.2644320298 54.9319727891 23 0 1 3 6 8 9 12 12 14 14 15 16 19 22 22 25 25 29 33 39 40 48 48 0 121 146 312 318 330 374 446 466 489 550 628 674 695 748 760 790 799 808 816 878 930 975
48.6033519553 55.7823129252 23 0 0 1 5 5 7 13 21 24 26 29 32 33 34 34 37 42 42 44 45 45 47 48 0 138 162 222 266 289 294 336 376 388 457 486 506 639 668 714 812 875 898 973 975 978 989
51.9553072626 57.6530612245 23 0 0 2 4 10 11 12 15 15 17 19 20 21 27 28 32 33 33 38 40 40 43 49 0 106 127 207 213 239 326 354 403 417 430 465 537 658 689 717 791 829 865 914 951 975 978
60.52141527 61.0544217687 23 0 2 4 10 15 15 16 16 17 18 18 20 22 24 26 26 28 30 33 40 44 47 49 0 132 236 247 250 296 309 314 410 426 501 516 552 582 680 701 718 721 782 795 816 831 901
48.0446927374 81.6326530612 23 0 1 3 6 9 10 17 17 21 22 24 24 25 28 36 37 38 38 43 45 48 49 49 0 0 117 183 319 339 354 356 485 490 510 518 618 623 661 677 689 710 770 919 935 936 963
45.8100558659 51.7006802721 23 0 0 5 12 14 17 18 19 20 21 22 24 24 24 28 33 35 36 37 39 40 46 49 0 114 159 178 184 196 222 254 363 410 427 487 498 539 640 674 674 685 701 788 819 895 951
32.0297951583 59.8639455782 23 0 4 4 6 6 7 8 9 16 16 16 17 19 23 24 26 34 35 37 42 45 46 47 0 0 120 120 153 164 192 260 263 379 399 421 464 467 519 572 638 649 655 802 821 894 926
70.7635009311 29.7619047619 23 0 0 0 2 3 4 4 8 8 8 11 16 19 26 28 29 33 33 41 41 44 46 49 0 103 130 149 232 269 303 332 376 384 542 562 624 634 638 641 646 750 763 820 845 848 944
54.5623836127 52.2108843537 23 0 0 1 3 4 7 12 14 16 18 18 20 21 24 25 30 34 42 43 43 45 45 46 0 0 119 123 193 298 354 468 527 536 600 663 665 739 765 781 816 825 832 848 866 965 999
45.0651769088 56.462585034 23 0 1 2 2 3 6 7 8 9 10 11 11 15 16 16 17 20 31 31 32 36 36 48 0 124 136 215 222 231 298 303 336 383 405 480 525 573 679 693 745 842 859 864 903 956 975
29.7951582868 69.2176870748 23 0 0 5 8 9 9 10 12 12 12 13 16 21 26 29 32 36 40 44 44 45 45 48 0 141 188 209 310 320 328 356 363 457 486 499 580 607 664 668 679 683 805 922 942 962 996
84.1713221601 37.074829932 23 0 3 8 8 10 10 12 15 17 24 24 27 29 30 33 36 36 38 41 46 46 46 48 0 105 110 184 197 228 275 326 360 365 366 386 442 507 573 611 685 708 760 774 870 973 983
63.8733705773 21.0884353741 23 0 1 2 3 5 8 17 25 25 27 28 29 31 32 33 35 35 37 40 41 42 44 49 0 0 106 188 214 240 306 323 337 408 518 533 540 549 562 654 714 720 800 818 923 927 952
36.4990689013 72.7891156463 23 0 0 0 1 2 3 4 5 6 9 9 11 14 15 17 17 22 30 30 31 39 47 49 0 121 187 236 239 261 320 326 344 378 412 423 545 624 635 657 687 752 792 804 823 943 954
68.9013035382 63.9455782313 23 0 1 5 6 8 9 11 11 12 13 16 17 19 26 28 30 32 36 36 36 39 41 45 0 105 270 278 297 361 408 450 501 559 573 661 680 708 717 751 764 816 840 882 900 921 924
57.7281191806 93.7074829932 23 0 0 5 10 10 11 11 17 19 21 23 25 26 29 31 37 40 44 45 45 49 49 49 0 241 250 349 356 380 447 448 489 576 629 629 711 716 727 734 754 793 796 811 820 875 912
54.5623836127 60.3741496599 23 0 0 1 2 2 4 5 7 9 11 16 20 23 33 35 37 39 39 40 41 44 45 48 0 0 153 162 197 209 375 385 440 562 607 621 667 682 714 718 751 770 805 866 887 951 955
36.8715083799 72.619047619 23 0 1 7 10 11 11 15 16 20 21 21 25 30 31 32 39 39 40 41 42 43 44 45 0 123 250 319 322 353 357 368 372 378 453 456 480 514 672 708 745 749 783 847 852 865 951
41.8994413408 88.6054421769 23 0 6 7 11 12 14 15 16 16 17 19 20 21 21 26 30 31 31 37 41 42 49 49 0 121 164 174 197 242 278 304 414 445 451 530 545 585 726 755 761 781 794 880 894 947 993
11.1731843575 45.4081632653 23 0 2 6 8 8 12 15 15 15 15 16 16 16 23 36 38 39 42 44 44 48 48 49 0 125 135 203 209 261 284 354 376 405 445 516 590 609 624 652 727 757 785 852 930 939 984
59.7765363128 69.387755102 23 0 1 1 9 13 15 15 16 19 20 21 22 23 25 26 34 39 39 41 41 45 48 48 0 0 263 303 340 358 379 381 415 427 497 580 638 658 686 775 790 792 794 866 891 902 971
20.8566108007 36.7346938776 23 0 0 2 4 4 7 7 8 9 11 16 20 22 26 28 28 31 32 33 41 42 42 48 0 102 170 181 219 487 556 567 568 582 623 651 659 676 702 770 781 807 815 937 938 953 989
45.4376163873 22.619047619 23 0 5 12 12 12 17 23 25 26 27 28 28 29 30 34 34 35 38 39 39 41 43 47 0 0 103 140 175 182 316 332 392 478 480 518 556 585 615 653 661 701 740 797 818 904 919
64.0595903166 18.8775510204 23 0 1 1 4 5 5 6 7 9 10 14 14 15 18 25 28 31 33 39 40 40 43 46 0 203 303 337 339 410 420 435 442 499 506 540 558 572 607 611 662 672 717 732 854 885 940
87.3370577281 72.1088435374 23 0 1 2 2 4 6 7 8 9 10 14 18 20 21 21 26 26 28 29 34 40 41 46 0 0 109 181 187 192 251 262 378 419 474 517 573 587 599 614 621 694 703 777 840 848 850
57.9143389199 47.1088435374 23 0 1 1 2 3 8 9 14 15 16 17 23 29 32 36 36 37 39 39 40 41 43 48 0 124 131 149 165 212 225 274 279 405 471 624 676 706 780 842 845 860 943 946 947 963 979
45.8100558659 80.1020408163 23 0 0 0 1 3 6 8 10 13 16 18 18 18 19 20 23 29 36 39 40 42 43 46 0 134 183 250 270 290 313 354 390 390 429 457 508 586 593 632 710 766 834 874 900 924 980
27.9329608939 76.0204081633 23 0 2 4 5 16 18 19 20 26 27 29 31 32 33 34 37 37 39 41 42 44 44 48 0 170 223 249 328 375 381 520 544 560 591 633 659 710 716 816 829 856 870 891 901 932 959
60.52141527 52.0408163265 23 0 1 10 11 11 15 20 21 22 22 22 23 25 30 35 37 39 39 40 41 43 44 44 0 0 119 163 182 272 343 364 367 426 439 451 462 495 609 632 645 699 776 846 859 923 927
37.4301675978 22.4489795918 23 0 7 8 9 10 13 16 18 18 20 25 27 28 33 35 36 38 38 42 46 47 48 48 0 127 193 225 249 253 312 314 424 439 444 462 482 599 665 670 690 695 726 745 841 943 968
72.2532588454 24.1496598639 23 0 0 1 3 5 13 13 19 20 21 25 27 27 28 28 29 30 31 35 38 39 41 43 0 125 129 135 161 222 223 230 313 366 370 550 573 689 725 834 867 937 940 953 967 990 992
46.1824953445 39.4557823129 23 0 0 1 1 6 6 11 12 13 19 25 26 28 30 32 34 38 39 39 40 40 42 45 0 117 149 166 201 237 333 356 386 453 475 654 678 721 724 743 897 933 946 958 964 970 976
37.4301675978 39.6258503401 23 0 3 10 10 12 13 19 21 22 24 25 28 29 31 33 34 41 41 41 44 45 47 49 0 123 150 155 163 195 212 434 448 466 469 496 504 505 506 586 615 635 707 727 892 961 991
61.2662942272 88.9455782313 23 0 3 3 8 10 14 16 19 25 26 26 27 28 29 30 32 33 37 39 42 45 46 46 0 0 150 163 175 181 188 253 285 324 348 385 534 565 589 619 683 829 853 881 930 956 972
24.5810055866 84.1836734694 23 0 1 2 2 2 4 11 13 18 21 21 22 22 26 27 28 39 39 40 41 43 45 46 0 0 199 255 322 325 328 343 357 440 518 533 574 653 662 709 821 848 873 881 892 968 989
32.4022346369 65.9863945578 23 0 0 7 8 8 10 11 13 15 16 22 25 28 28 35 35 35 36 39 39 39 40 48 0 257 331 351 389 401 407 413 460 498 528 621 631 700 703 753 786 792 796 830 945 959 981
40.782122905 57.3129251701 23 0 0 1 1 4 5 14 19 22 23 26 28 29 29 33 34 36 36 39 43 45 46 48 0 189 247 256 265 273 312 389 460 554 581 654 655 677 687 813 837 866 869 885 901 936 994
71.5083798883 40.1360544218 23 0 0 2 3 4 10 14 20 24 27 27 29 29 32 32 33 35 38 39 46 47 48 49 0 114 179 199 237 253 255 263 272 366 435 460 586 635 765 769 790 800 805 822 844 902 939
66.852886406 66.156462585 23 0 2 8 8 13 15 15 17 19 20 21 24 26 27 31 33 33 36 38 40 40 42 49 0 116 129 145 149 166 200 275 289 295 328 474 516 531 535 565 588 644 945 960 969 981 992
55.3072625698 61.2244897959 23 0 4 6 10 10 11 11 15 17 21 25 28 28 29 29 30 34 34 35 37 38 42 43 0 0 184 209 223 241 247 266 279 279 315 422 557 577 583 714 733 805 831 888 926 927 939
63.8733705773 33.3333333333 23 0 1 2 2 3 3 4 10 16 18 18 24 26 27 29 32 33 33 39 44 45 47 48 0 0 143 162 188 244 272 329 334 344 363 418 470 475 487 535 544 585 696 872 883 971 993
62.5698324022 64.2857142857 23 0 1 1 2 8 9 10 12 13 15 16 18 23 23 23 25 26 30 35 38 42 46 49 0 0 138 164 167 173 185 195 200 232 283 299 494 497 498 537 564 770 784 864 897 981 983
31.843575419 52.7210884354 23 0 4 9 12 12 13 14 15 15 15 15 16 17 20 25 26 26 28 29 44 46 46 47 0 186 233 235 247 323 387 415 416 429 492 543 548 578 592 638 647 655 662 669 766 903 919
64.6182495345 68.0272108844 23 0 0 0 1 2 3 9 11 12 13 18 19 20 22 26 27 27 29 30 33 36 41 49 0 107 131 283 306 340 419 440 468 475 494 512 602 663 680 688 718 791 807 842 846 873 912
86.2197392924 64.6258503401 23 0 1 2 4 6 8 9 10 10 12 12 12 19 21 23 24 25 31 37 41 43 49 49 0 104 107 123 172 174 178 198 210 246 307 327 331 334 396 501 505 650 800 807 822 876 914
52.886405959 53.0612244898 23 0 0 2 6 8 8 11 13 15 17 21 24 25 30 31 34 35 36 39 39 43 47 49 0 106 106 111 171 181 337 362 377 484 543 573 585 670 693 708 710 770 819 892 946 946 977
62.3836126629 71.2585034014 23 0 0 1 4 4 5 8 11 15 16 26 27 36 38 40 40 41 44 44 46 49 49 49 0 0 129 146 174 241 266 294 301 341 343 415 415 462 614 696 734 827 881 892 897 975 980
45.6238361266 51.8707482993 23 0 4 7 11 11 13 14 15 15 15 16 16 19 20 22 22 26 27 28 29 37 41 46 0 0 106 165 203 203 363 415 490 505 519 540 551 603 671 678 699 805 824 877 932 944 995
86.4059590317 52.380952381 23 0 1 1 8 8 9 10 13 22 23 30 31 31 31 35 36 37 39 42 43 44 46 47 0 0 115 118 155 158 186 186 262 302 330 376 388 490 493 512 552 565 586 651 873 879 886
57.355679702 49.1496598639 23 0 0 0 2 5 15 16 18 21 24 27 29 32 33 34 36 40 43 47 47 48 49 49 0 225 342 352 362 363 368 451 455 461 471 507 597 717 850 871 903 904 914 928 939 992 995
62.9422718808 73.8095238095 23 0 2 7 8 8 15 18 19 19 22 23 26 26 27 29 30 31 33 36 37 39 43 48 0 160 202 319 329 339 341 349 362 393 421 498 558 562 614 622 723 764 862 909 936 965 967
83.426443203 59.3537414966 23 0 1 7 10 14 19 20 21 21 24 29 30 32 35 36 38 39 40 42 45 46 48 49 0 0 110 174 318 338 340 403 405 449 461 524 536 548 570 582 596 771 773 782 799 882 948
39.47858473 52.380952381 23 0 3 3 4 8 9 10 13 13 14 16 17 27 30 30 32 37 41 41 43 47 48 49 0 102 207 213 262 337 444 449 479 557 570 633 636 711 754 777 782 786 831 907 917 948 986
35.7541899441 63.9455782313 23 0 0 2 3 4 8 13 17 22 22 22 23 26 27 31 32 35 38 39 40 42 42 47 0 158 194 196 266 287 293 346 395 397 442 454 504 581 772 828 838 840 850 879 965 974 977
43.3891992551 98.4693877551 23 0 0 2 3 3 7 9 13 15 20 21 23 25 25 26 27 28 29 30 31 35 40 49 0 156 209 285 300 300 335 379 393 440 447 476 523 662 676 681 692 717 735 776 863 902 964
34.2644320298 72.7891156463 23 0 0 1 8 8 12 16 18 20 22 22 22 31 32 34 36 40 42 43 44 48 48 49 0 135 160 180 194 246 269 376 398 415 522 544 548 557 606 608 658 713 730 745 814 836 852
41.8994413408 85.2040816327 23 0 3 5 6 8 8 11 13 13 18 18 18 20 24 25 33 34 34 40 42 44 47 49 0 102 292 299 299 301 381 403 574 704 739 748 752 776 798 814 834 888 901 927 931 966 997
100.0 32.4829931973 23 0 1 1 3 6 8 12 13 19 21 25 25 26 35 36 36 39 40 42 43 44 46 47 0 0 112 174 180 181 232 244 295 362 416 420 542 542 547 603 824 855 868 954 962 964 977
0.0 64.2857142857 23 0 2 5 8 9 9 11 12 17 17 17 18 19 19 27 35 35 36 39 40 45 47 49 0 182 204 207 299 307 371 449 485 530 649 650 709 826 832 837 885 898 901 925 932 957 962
52.7001862197 95.4081632653 23 0 0 0 3 5 6 8 10 13 13 14 16 19 19 23 38 40 43 46 47 47 48 49 0 0 119 149 289 337 337 363 394 464 475 514 530 594 610 709 776 801 861 867 983 987 994
32.2160148976 52.0408163265 23 0 1 3 5 5 5 9 9 11 16 16 17 24 30 36 36 37 38 40 41 46 46 49 0 129 189 232 275 381 473 498 515 529 536 628 658 670 729 742 745 754 803 814 856 984 986
85.6610800745 29.4217687075 23 0 0 0 1 2 3 6 7 7 8 9 11 14 19 19 22 23 27 29 34 40 41 49 0 138 187 242 280 322 348 380 413 475 546 614 624 639 660 660 714 748 775 781 789 928 928
78.2122905028 42.3469387755 23 0 3 5 9 10 12 18 22 25 27 27 28 28 29 32 32 35 37 37 37 41 46 47 0 0 218 224 235 265 302 349 363 429 444 456 500 518 542 560 562 576 724 804 892 930 932
53.6312849162 74.4897959184 23 0 1 2 5 5 10 11 16 17 17 18 18 20 23 24 29 30 30 31 36 36 38 44 0 0 119 134 170 173 182 238 250 263 462 468 479 481 501 567 620 646 667 700 751 757 782
51.7690875233 64.1156462585 23 0 0 4 5 6 14 15 17 21 21 21 25 25 26 27 28 28 36 38 42 47 47 48 0 0 100 148 159 290 311 355 355 358 388 389 389 408 415 423 460 499 507 561 584 777 936
56.2383612663 29.5918367347 23 0 1 2 4 9 11 14 17 21 21 22 27 28 30 30 31 33 34 41 42 42 45 45 0 0 163 249 369 387 428 429 435 457 460 495 557 561 630 638 685 711 720 727 765 835 868
12.104283054 48.2993197279 23 0 0 0 1 5 6 11 11 12 13 17 17 23 28 29 29 30 30 32 37 39 41 48 0 186 201 235 392 425 428 439 450 469 472 486 490 548 555 671 690 738 774 823 846 903 923
24.7672253259 61.2244897959 23 0 3 5 5 6 7 8 15 18 19 19 24 27 29 29 33 35 36 37 41 42 45 45 0 0 104 116 177 232 265 314 348 380 474 491 536 670 824 860 863 884 886 901 912 977 995
64.6182495345 56.1224489796 23 0 3 8 9 12 13 14 15 16 16 18 24 24 25 27 28 33 39 40 41 42 43 46 0 103 173 197 222 335 348 376 440 527 590 623 631 666 752 810 840 852 859 884 907 956 999
57.1694599628 47.9591836735 23 0 0 4 4 6 6 6 8 11 13 19 20 20 28 29 31 32 34 36 41 42 43 44 0 106 115 118 124 166 189 229 523 561 618 650 652 679 735 745 831 839 857 895 924 959 980
43.2029795158 49.4897959184 23 0 0 5 8 9 12 13 14 17 19 21 22 22 25 25 25 25 29 40 40 40 47 49 0 117 164 183 226 226 229 248 251 265 287 297 348 362 424 467 537 650 735 886 902 903 917
68.156424581 63.6054421769 23 0 0 0 1 3 3 3 7 9 12 19 21 22 25 35 38 42 43 46 46 47 48 49 0 115 194 208 256 307 352 362 376 435 446 476 569 602 674 685 796 894 934 937 963 964 975
60.7076350093 83.5034013605 23 0 2 3 3 3 6 6 7 8 10 12 15 22 22 24 24 26 27 35 40 41 42 45 0 202 215 241 243 286 347 442 456 475 528 606 741 744 747 783 789 809 828 859 959 986 990
37.6163873371 89.7959183673 23 0 3 5 7 8 8 8 16 19 19 19 21 23 26 27 27 37 39 39 40 45 47 47 0 100 102 112 167 280 304 389 518 524 543 702 773 786 788 815 853 865 920 949 950 981 982
50.8379888268 46.2585034014 23 0 0 1 1 11 12 13 17 22 24 25 28 29 29 29 30 33 36 40 41 45 45 47 0 103 105 136 191 203 454 491 516 545 559 593 653 706 724 770 792 853 884 886 891 936 968
42.0856610801 70.5782312925 23 0 2 3 3 4 12 14 19 21 22 26 29 30 31 35 38 38 38 45 46 48 49 49 0 163 204 238 281 287 305 356 397 416 419 467 484 577 631 632 634 640 641 695 848 857 935
32.4022346369 55.2721088435 23 0 0 2 2 5 7 8 11 11 15 16 28 29 30 31 31 32 32 34 40 44 46 49 0 0 157 186 254 309 337 355 374 400 407 434 486 510 548 564 607 713 750 780 875 959 994
63.8733705773 83.3333333333 23 0 4 8 9 9 17 18 21 26 26 27 31 33 35 38 38 42 43 44 44 46 49 49 0 0 205 218 314 355 359 361 366 396 414 476 543 576 612 707 710 763 807 848 938 961 962
67.0391061453 53.231292517 23 0 5 10 10 11 19 20 21 24 28 29 31 32 34 36 36 37 38 43 46 47 47 49 0 147 160 244 271 319 444 477 572 698 703 749 816 827 886 902 920 936 970 972 984 992 992
94.4134078212 77.0408163265 23 0 2 4 4 7 8 14 18 21 22 25 26 26 32 34 35 36 42 43 43 44 46 49 0 118 137 144 213 222 244 308 409 453 460 474 559 578 689 692 726 734 738 750 833 900 970
66.2942271881 40.306122449 23 0 2 4 9 10 15 15 16 19 23 23 25 27 29 29 32 37 38 39 42 43 45 47 0 0 112 121 123 183 205 208 294 433 455 503 545 559 567 640 645 728 741 754 835 888 932
37.4301675978 64.6258503401 23 0 0 0 2 4 6 6 8 9 13 14 14 16 16 17 17 18 27 28 35 35 38 48 0 124 169 172 176 208 300 332 405 414 447 450 464 558 560 623 677 752 785 797 867 873 906
26.8156424581 84.5238095238 23 0 1 2 7 9 9 10 14 18 18 22 23 28 29 31 33 34 35 37 40 43 43 48 0 0 113 123 207 231 238 257 263 283 335 452 480 482 651 651 728 848 876 880 882 965 981
58.2867783985 39.2857142857 23 0 1 2 3 8 9 10 11 15 17 21 29 31 31 32 35 38 38 39 40 41 41 47 0 0 203 270 296 305 328 330 346 355 357 375 472 481 585 585 607 690 750 782 847 917 926
56.7970204842 27.7210884354 23 0 0 6 6 9 12 12 14 17 18 19 21 24 25 25 25 26 27 33 33 34 34 43 0 154 157 171 174 210 248 268 307 361 408 418 435 436 512 541 556 635 652 657 687 917 968
51.7690875233 74.1496598639 23 0 0 4 11 12 14 19 20 22 22 28 29 34 36 41 41 42 42 42 44 45 47 49 0 147 177 199 221 249 262 428 453 523 528 541 564 567 631 669 696 793 885 901 938 990 998
54.3761638734 72.4489795918 23 0 6 6 11 11 11 15 18 20 22 26 26 27 29 34 38 39 42 42 44 45 46 47 0 100 103 120 122 137 270 317 413 471 495 512 532 582 816 849 859 899 948 959 960 966 988
91.9925512104 93.537414966 23 0 2 3 9 10 14 15 16 16 18 19 20 22 32 36 37 38 41 44 46 47 48 48 0 0 115 150 195 212 247 281 405 494 530 606 619 659 704 722 777 789 839 866 906 922 928
63.5009310987 79.7619047619 23 0 0 1 3 5 6 6 10 13 17 22 25 27 29 29 31 38 39 39 40 43 46 49 0 0 119 126 244 390 421 433 442 457 465 513 556 574 630 702 801 814 840 846 952 971 971
88.4543761639 73.2993197279 23 0 0 0 0 4 4 5 5 10 13 14 16 17 19 21 27 29 31 33 38 43 44 45 0 136 138 181 192 287 289 322 331 350 356 357 406 413 497 559 674 702 751 774 833 969 988
59.7765363128 59.0136054422 23 0 2 4 11 11 12 13 15 19 20 23 24 25 29 31 33 34 35 38 39 42 45 47 0 172 234 242 295 323 506 572 638 641 643 669 672 674 675 681 693 756 786 791 870 888 914
65.1769087523 0.0 23 0 0 1 3 9 13 16 17 17 17 20 21 23 25 28 31 32 35 37 37 37 46 48 0 103 128 252 315 337 353 384 456 476 505 534 569 640 669 749 752 753 764 841 846 977 983
36.312849162 46.0884353741 23 0 2 3 7 9 10 13 15 16 17 19 20 24 26 29 37 40 40 44 47 47 48 49 0 180 185 204 288 306 367 368 404 433 475 524 536 551 551 604 604 657 675 712 909 927 946
73.9292364991 56.462585034 23 0 0 0 2 4 4 6 6 6 10 11 14 14 19 22 23 30 34 42 43 44 44 48 0 143 183 188 196 198 203 348 428 440 454 459 478 532 549 618 638 735 820 852 895 898 912
71.1359404097 45.4081632653 23 0 0 1 7 9 12 13 18 18 19 19 22 23 25 28 33 34 36 39 43 43 48 48 0 100 108 187 243 279 362 391 393 427 444 445 529 601 609 788 803 849 858 860 868 869 969
44.6927374302 55.9523809524 23 0 2 3 5 7 12 12 20 21 25 29 29 31 33 33 33 36 38 42 45 45 45 49 0 103 114 126 166 227 270 288 294 334 423 514 569 591 592 626 695 707 731 791 832 872 872
70.2048417132 43.3673469388 23 0 0 2 6 8 10 12 13 18 18 21 23 25 29 29 31 34 37 45 45 46 46 46 0 102 115 189 199 211 248 253 258 319 343 348 405 420 456 479 506 558 682 686 721 888 951
52.1415270019 62.925170068 23 0 1 3 5 7 15 15 16 21 22 22 23 24 27 31 32 34 34 35 38 46 46 48 0 112 116 161 164 169 207 226 251 345 351 360 492 509 553 587 604 726 793 840 876 917 980
89.3854748603 70.2380952381 23 0 0 2 3 4 7 7 8 11 11 22 23 24 28 30 31 32 33 34 35 39 42 44 0 112 152 185 204 229 243 259 268 276 292 316 355 398 406 475 490 727 834 852 886 898 980
42.0856610801 84.8639455782 23 0 0 6 6 8 12 12 13 14 16 17 17 18 20 24 25 26 27 32 41 41 43 44 0 0 113 173 197 201 218 259 273 274 337 369 378 387 394 397 610 620 643 786 932 953 976
33.3333333333 57.9931972789 23 0 0 10 11 14 15 18 18 21 26 26 26 28 28 31 32 32 33 34 36 41 47 49 0 0 105 184 211 222 260 268 408 427 468 507 546 573 609 650 687 752 824 847 863 932 937
28.4916201117 67.3469387755 23 0 3 4 7 8 10 10 17 19 19 24 25 27 29 30 35 38 42 44 44 46 47 48 0 110 118 123 127 145 151 199 248 280 319 322 345 368 372 605 710 773 804 823 824 876 991
22.7188081937 77.7210884354 23 0 0 4 6 7 10 11 12 15 19 21 21 24 24 25 33 35 36 36 38 38 42 47 0 126 138 140 213 323 372 460 466 467 478 543 544 625 639 780 803 809 843 847 893 895 934
48.2309124767 65.6462585034 23 0 1 3 4 4 6 7 8 18 22 23 23 24 29 32 32 34 36 36 39 40 45 46 0 0 150 225 279 337 363 385 448 455 456 472 569 572 610 615 620 735 807 831 875 916 954
60.52141527 37.2448979592 23 0 4 7 9 10 11 13 16 16 22 26 27 28 29 32 35 38 40 40 40 41 41 44 0 106 114 164 271 292 329 447 489 524 599 644 654 754 767 807 826 876 892 917 968 979 990
45.9962756052 47.4489795918 23 0 2 4 4 7 10 13 13 14 24 28 29 30 32 33 34 35 35 42 44 45 47 49 0 108 123 195 216 249 327 375 490 504 533 617 741 745 754 788 798 801 807 892 931 942 947
60.52141527 50.5102040816 23 0 0 1 6 7 14 16 19 20 23 23 24 26 26 27 29 31 32 33 34 36 43 43 0 0 117 141 177 247 260 271 359 372 396 403 421 540 565 638 646 655 785 804 808 866 988
54.3761638734 73.4693877551 23 0 0 12 12 16 18 21 25 26 27 28 28 30 30 32 36 37 39 43 45 47 49 49 0 0 208 266 279 330 404 405 411 430 471 471 537 594 617 618 736 770 792 796 797 872 993
59.9627560521 72.1088435374 23 0 0 0 4 5 8 10 11 12 15 16 19 19 20 22 29 29 33 33 40 40 44 48 0 101 109 152 162 207 207 235 309 315 316 345 540 577 636 637 695 832 845 905 939 960 989
63.8733705773 39.7959183673 23 0 4 5 5 7 7 9 10 15 20 20 23 23 27 30 33 36 36 39 39 41 42 44 0 113 270 331 348 357 418 435 482 508 549 567 623 624 660 660 685 710 731 832 898 902 968
48.417132216 39.2857142857 23 0 1 2 7 9 10 12 14 16 18 20 23 26 28 31 32 35 37 39 41 46 48 49 0 137 156 250 251 355 385 428 479 518 542 679 683 691 725 730 779 846 908 927 938 966 968
49.9068901304 25.8503401361 23 0 2 4 6 6 7 10 11 13 14 17 18 22 23 23 24 32 39 43 44 45 46 49 0 135 212 308 323 376 442 537 590 601 601 650 651 677 678 736 740 747 791 814 832 854 972
35.9404096834 35.7142857143 23 0 0 5 6 11 14 16 17 17 18 20 20 21 21 27 28 33 33 34 43 44 44 44 0 101 112 169 190 194 265 317 320 368 373 550 571 617 634 663 670 703 735 812 906 920 934
74.4878957169 57.6530612245 23 0 0 0 4 5 6 7 14 14 15 18 20 22 26 26 28 28 29 37 40 44 45 48 0 127 127 303 359 368 385 386 401 450 532 604 649 747 751 758 760 765 796 906 918 945 957
66.4804469274 31.9727891156 23 0 3 5 7 9 9 16 19 19 22 22 33 34 34 37 37 37 37 39 41 43 45 46 0 193 280 339 358 368 372 384 434 476 570 592 611 686 709 827 853 874 886 889 933 956 960
43.5754189944 45.2380952381 23 0 6 9 12 13 13 14 14 16 19 22 22 27 28 29 29 31 34 35 36 40 44 44 0 176 190 209 225 253 278 285 331 441 459 459 469 679 688 730 779 837 849 905 943 948 985
19.3668528864 47.619047619 23 0 3 6 6 12 12 13 14 18 18 19 20 20 28 28 30 32 41 43 44 44 44 45 0 129 172 203 217 274 340 387 427 452 452 464 471 623 638 670 676 681 725 806 855 871 893
99.2551210428 15.4761904762 23 0 1 1 3 6 8 9 10 12 13 16 18 22 23 24 30 33 33 33 33 39 44 45 0 116 129 159 210 219 220 229 350 428 428 472 517 539 573 589 660 665 668 718 841 909 946
62.7560521415 89.2857142857 23 0 2 5 7 10 11 14 16 16 19 20 24 25 25 30 31 35 36 38 39 41 45 47 0 0 166 182 196 287 287 289 337 367 417 421 488 494 520 540 616 714 727 788 835 957 977
66.852886406 68.7074829932 23 0 1 5 8 9 11 12 13 13 15 17 19 21 22 25 31 33 34 37 40 44 44 45 0 0 162 197 213 220 244 270 290 471 511 530 552 584 618 639 706 727 834 842 845 891 964
54.5623836127 50.5102040816 23 0 7 10 10 22 24 25 30 30 30 30 32 33 33 34 34 36 38 39 40 41 42 44 0 133 134 185 203 231 241 314 346 368 424 435 453 704 749 886 890 898 904 933 937 948 964
65.7355679702 52.7210884354 23 0 8 9 10 10 14 14 14 16 16 19 20 24 25 27 29 29 29 34 36 39 45 47 0 0 101 288 320 325 335 397 498 507 536 552 564 606 607 612 703 795 858 864 875 883 934
69.2737430168 53.9115646259 23 0 1 7 7 7 8 10 15 17 20 25 26 26 29 32 33 35 36 38 39 42 44 47 0 117 162 193 199 313 332 410 458 503 512 612 658 668 693 724 760 791 800 832 895 960 993
74.3016759777 69.2176870748 23 0 0 1 1 3 5 5 19 24 28 28 30 30 36 38 38 38 40 42 43 44 45 49 0 189 203 208 232 246 259 362 362 379 389 418 434 601 684 700 721 786 862 876 892 947 950
71.1359404097 53.0612244898 23 0 3 3 5 6 7 9 9 9 12 13 15 20 21 25 25 31 32 38 40 45 47 48 0 0 101 137 201 254 268 331 405 562 576 606 624 625 628 637 643 725 725 732 850 873 969
35.5679702048 48.1292517007 23 0 3 10 10 18 19 20 21 22 23 24 29 31 31 33 35 37 38 40 42 46 47 48 0 145 193 199 263 267 291 306 349 417 451 650 660 715 796 804 818 831 879 900 902 922 987
76.1638733706 63.2653061224 23 0 4 6 6 7 8 9 10 10 15 17 21 26 33 33 33 34 35 36 39 41 41 44 0 289 290 332 350 360 372 389 394 443 498 613 759 789 798 803 816 862 923 953 974 980 986
11.9180633147 37.4149659864 23 0 4 7 9 12 13 16 22 23 24 27 28 29 30 32 34 35 40 41 41 43 45 47 0 125 279 306 452 476 484 558 583 619 623 627 627 633 691 727 792 812 832 883 916 952 987
54.5623836127 56.1224489796 23 0 0 1 2 3 7 7 8 9 11 12 14 16 20 29 32 32 32 32 40 45 46 46 0 134 136 197 349 374 389 474 548 577 598 618 653 695 720 754 771 801 826 933 940 967 996
86.7783985102 57.1428571429 23 0 0 6 6 9 12 17 19 19 24 26 32 33 34 35 39 42 43 44 45 46 47 49 0 115 173 235 410 504 514 526 531 552 553 554 555 664 692 791 850 858 905 958 959 975 988
41.5270018622 55.9523809524 23 0 0 3 3 4 4 7 12 12 15 15 18 19 20 27 35 37 37 41 42 42 43 44 0 108 121 147 167 167 232 261 278 340 359 481 529 544 611 663 688 693 694 702 769 815 980
45.9962756052 67.3469387755 23 0 1 5 5 6 10 13 14 14 15 16 17 22 23 28 30 34 37 38 38 41 47 49 0 0 124 136 170 205 221 223 230 259 299 444 525 569 594 614 678 703 708 770 841 849 921
55.4934823091 40.9863945578 23 0 1 3 3 8 12 14 19 19 23 26 26 27 27 29 34 34 34 38 41 43 44 49 0 115 126 133 145 164 211 325 338 396 425 488 572 582 599 634 646 671 714 884 894 934 984
55.3072625698 44.8979591837 23 0 1 2 20 25 25 26 26 27 30 31 36 36 37 37 38 38 41 41 43 44 45 48 0 169 226 343 346 359 378 380 381 430 441 444 527 542 604 710 771 773 862 875 945 955 990
60.52141527 77.8911564626 23 0 6 6 9 14 14 15 15 16 17 25 26 26 27 28 40 41 45 46 46 47 47 48 0 0 131 135 140 161 167 212 257 257 379 440 451 473 564 745 775 807 896 917 967 975 991
66.4804469274 78.231292517 23 0 2 3 5 8 9 9 17 20 20 28 29 30 34 36 36 40 43 44 44 46 47 48 0 110 136 136 146 259 313 322 352 433 503 517 556 586 613 626 627 716 722 745 802 813 984
37.6163873371 11.9047619048 23 0 0 1 2 3 3 6 7 7 12 13 21 25 31 34 35 35 37 39 39 41 46 46 0 199 241 276 304 352 392 496 526 554 627 642 715 717 739 740 808 821 850 863 940 983 990
6.14525139665 89.9659863946 23 0 0 1 2 6 7 9 13 14 16 24 24 24 24 25 28 30 42 44 45 46 48 48 0 108 154 246 250 267 368 412 422 443 479 479 525 526 526 625 653 712 721 806 864 872 928
60.3351955307 46.5986394558 23 0 0 1 1 3 3 4 6 13 15 17 20 21 24 26 27 31 33 34 38 38 47 47 0 101 105 137 237 237 275 281 343 365 396 466 570 575 614 630 687 724 833 852 859 901 902
77.4674115456 73.1292517007 23 0 2 4 7 8 10 11 12 12 12 13 18 22 26 32 34 40 43 44 45 46 46 47 0 128 197 229 379 501 505 544 584 592 662 763 802 825 825 837 846 854 863 881 966 990 995
82.1229050279 36.3945578231 23 0 0 4 5 8 11 11 12 14 17 18 22 24 24 26 26 27 30 32 43 48 48 49 0 0 138 243 328 337 375 382 414 416 465 503 539 553 646 659 668 669 684 762 780 889 925
67.4115456238 51.3605442177 23 0 1 2 4 4 6 11 11 17 19 23 27 32 32 34 37 38 38 39 41 41 46 46 0 102 202 272 323 346 374 447 558 572 582 584 661 673 701 702 711 860 860 899 935 954 971
66.6666666667 95.7482993197 23 0 0 1 3 6 14 17 19 20 22 23 25 27 32 34 36 39 39 39 41 42 48 49 0 0 157 175 205 267 276 293 298 470 499 575 591 632 654 664 671 769 805 814 816 862 938
47.4860335196 42.1768707483 23 0 0 1 4 12 13 15 15 21 21 22 27 31 32 34 34 35 36 38 40 44 46 46 0 191 214 231 232 235 251 300 303 314 367 542 591 596 686 706 732 780 809 867 875 903 969
72.8119180633 51.7006802721 23 0 4 4 9 12 12 13 16 18 21 22 24 26 29 32 34 34 43 44 44 46 47 48 0 118 147 245 269 271 378 391 440 502 593 666 701 730 761 783 805 874 889 892 911 924 963
55.1210428305 45.2380952381 23 0 0 2 3 6 7 8 12 14 15 16 16 17 18 20 23 24 26 27 33 46 47 47 0 177 327 337 339 442 530 542 567 575 584 663 679 722 760 768 778 815 843 846 869 924 993
64.6182495345 95.9183673469 23 0 1 2 3 6 9 10 13 14 14 18 21 22 24 28 35 35 38 42 43 43 44 48 0 0 146 153 324 378 388 392 429 469 480 487 498 555 740 754 776 868 919 920 921 990 990
39.1061452514 20.2380952381 23 0 4 4 5 10 11 12 15 15 17 21 23 24 26 27 29 40 40 41 41 42 47 47 0 127 170 179 204 225 320 394 425 539 567 692 727 739 783 827 835 854 880 909 924 938 964
42.4581005587 55.4421768707 23 0 5 7 9 14 16 17 17 21 23 24 24 27 29 30 32 33 37 41 41 42 44 46 0 140 218 316 325 328 332 385 394 460 480 491 502 593 700 778 791 880 894 897 932 972 995
72.2532588454 49.1496598639 23 0 0 0 3 3 7 11 12 14 16 18 19 23 26 28 29 33 35 45 47 47 47 47 0 155 251 265 265 275 322 406 457 458 541 570 587 635 638 648 686 723 753 805 811 868 989
39.47858473 52.380952381 23 0 1 5 5 12 15 17 18 19 19 19 24 26 26 28 29 30 34 36 37 39 44 46 0 145 207 239 239 361 401 410 535 567 590 616 652 711 719 736 755 781 790 792 800 881 940
83.7988826816 34.0136054422 23 0 1 4 4 10 11 13 13 16 16 17 24 27 29 30 31 31 42 46 47 47 49 49 0 0 108 136 181 216 371 421 449 461 519 537 560 603 682 720 753 782 822 824 834 926 978
44.6927374302 65.9863945578 23 0 0 9 11 13 15 17 19 21 25 25 25 27 31 33 34 39 40 42 43 45 46 49 0 0 159 191 200 315 326 445 492 554 656 661 665 705 777 799 801 801 823 858 877 898 969
70.2048417132 54.2517006803 23 0 1 3 9 9 10 11 13 13 13 15 24 26 26 34 37 40 40 44 45 45 47 48 0 122 155 324 327 347 420 427 441 480 540 540 600 605 669 692 727 827 865 873 883 896 929
63.3147113594 39.7959183673 23 0 2 4 5 13 17 19 20 21 23 31 31 32 34 40 40 41 43 44 44 45 46 46 0 0 141 279 287 294 312 325 381 408 452 464 548 627 641 655 695 736 761 854 880 953 957
56.9832402235 55.9523809524 23 0 5 7 9 9 9 11 11 18 21 25 27 29 32 33 33 33 39 42 45 45 46 47 0 0 125 250 354 372 431 550 625 635 647 673 692 766 775 811 844 868 888 900 939 944 950
85.4748603352 43.537414966 23 0 0 1 6 8 9 10 15 15 27 27 31 32 33 37 40 41 43 46 46 48 48 49 0 204 204 228 270 274 278 284 352 403 431 531 545 547 643 700 778 781 789 842 858 874 911
49.9068901304 67.8571428571 23 0 1 1 1 9 10 14 18 19 19 20 24 24 29 30 30 30 31 32 34 40 43 45 0 0 169 219 275 306 334 443 447 457 497 591 614 689 692 736 740 787 806 817 852 893 982
72.625698324 46.5986394558 23 0 0 3 4 10 11 11 15 17 18 21 23 24 33 39 41 44 45 45 46 46 49 49 0 121 139 153 156 157 167 202 285 306 308 375 466 487 535 622 671 708 770 816 840 949 962
25.8845437616 67.8571428571 23 0 0 6 12 14 15 15 18 19 20 21 22 23 24 28 28 33 38 41 41 43 43 43 0 116 218 254 257 321 380 386 450 471 526 567 632 690 784 849 856 876 890 933 939 947 978
88.4543761639 58.1632653061 23 0 2 4 13 18 20 21 21 21 21 23 24 26 27 27 30 32 33 39 39 40 45 49 0 118 147 224 225 333 378 387 508 535 537 598 617 659 690 723 740 749 783 866 917 994 996
338
75.1724137931 51.2315270936 3
20.1724137931 100.0 4
51.724137931 30.3776683087 8
64.8275862069 68.144499179 3
55.3448275862 51.5599343186 3
47.9310344828 48.7684729064 8
59.4827586207 30.5418719212 7
58.7931034483 59.2775041051 1
47.4137931034 61.7405582923 6
58.9655172414 64.367816092 8
82.0689655172 47.4548440066 4
66.724137931 63.2183908046 1
58.1034482759 48.9326765189 4
18.6206896552 56.157635468 7
55.1724137931 48.275862069 6
72.7586206897 39.4088669951 3
46.724137931 41.0509031199 4
66.3793103448 37.1100164204 5
7.41379310345 33.3333333333 5
16.8965517241 35.1395730706 7
93.6206896552 44.3349753695 3
74.8275862069 55.5008210181 5
63.1034482759 44.4991789819 8
53.275862069 60.26272578 2
68.7931034483 46.7980295567 4
79.6551724138 13.4646962233 4
23.7931034483 44.3349753695 3
19.4827586207 21.3464696223 4
72.5862068966 52.7093596059 3
50.3448275862 62.0689655172 7
39.8275862069 29.8850574713 3
37.2413793103 51.0673234811 5
67.5862068966 30.2134646962 1
84.6551724138 37.9310344828 5
35.6896551724 32.5123152709 1
42.2413793103 48.4400656814 5
38.4482758621 44.4991789819 9
80.6896551724 58.1280788177 7
92.9310344828 42.0361247947 4
49.1379310345 64.039408867 7
2.41379310345 13.4646962233 2
62.5862068966 41.7077175698 7
70.8620689655 57.6354679803 5
54.8275862069 55.6650246305 2
63.7931034483 60.7553366174 3
53.6206896552 58.4564860427 7
52.9310344828 71.4285714286 6
58.6206896552 52.7093596059 2
37.2413793103 30.7060755337 3
20.6896551724 13.3004926108 8
30.5172413793 27.4220032841 9
41.2068965517 17.5697865353 6
78.1034482759 41.5435139573 9
76.8965517241 37.4384236453 1
52.7586206897 68.9655172414 5
53.4482758621 58.4564860427 8
55.0 27.0935960591 1
48.7931034483 58.6206896552 2
52.4137931034 21.5106732348 3
62.5862068966 64.5320197044 3
62.0689655172 58.9490968801 2
63.4482758621 55.6650246305 4
40.3448275862 67.3234811166 9
83.4482758621 47.947454844 2
26.3793103448 31.1986863711 7
67.7586206897 22.1674876847 7
53.275862069 65.3530377668 3
29.3103448276 69.2939244663 8
47.4137931034 34.9753694581 6
23.6206896552 55.1724137931 6
66.3793103448 64.6962233169 8
73.275862069 51.5599343186 4
58.275862069 63.3825944171 5
59.6551724138 57.1428571429 4
62.2413793103 19.5402298851 8
35.6896551724 51.724137931 3
34.6551724138 36.9458128079 1
48.1034482759 47.4548440066 1
53.4482758621 53.2019704433 1
71.3793103448 51.8883415435 7
29.6551724138 51.2315270936 7
76.2068965517 29.0640394089 5
78.275862069 56.157635468 5
74.3103448276 55.1724137931 3
68.6206896552 41.5435139573 6
79.1379310345 61.0837438424 1
47.9310344828 74.0558292282 6
59.6551724138 37.9310344828 8
0.0 35.632183908 9
58.7931034483 45.8128078818 3
66.3793103448 52.8735632184 8
47.9310344828 68.6371100164 5
57.2413793103 53.6945812808 6
51.724137931 41.2151067323 9
62.2413793103 75.5336617406 1
41.724137931 39.9014778325 8
54.4827586207 38.4236453202 6
43.4482758621 68.4729064039 1
35.5172413793 44.6633825944 7
74.8275862069 39.0804597701 5
47.5862068966 71.5927750411 7
41.2068965517 73.7274220033 2
31.8965517241 58.9490968801 9
52.5862068966 11.658456486 7
33.6206896552 68.144499179 1
41.8965517241 57.7996715928 6
32.2413793103 48.7684729064 6
43.1034482759 74.7126436782 9
79.8275862069 53.5303776683 6
66.0344827586 68.3087027915 1
76.2068965517 71.5927750411 7
21.2068965517 11.1658456486 4
12.9310344828 37.9310344828 1
6.55172413793 72.9064039409 3
70.5172413793 67.1592775041 5
59.6551724138 32.6765188834 8
52.4137931034 47.947454844 7
46.0344827586 51.5599343186 7
39.4827586207 45.1559934319 4
49.4827586207 29.5566502463 3
43.4482758621 39.73727422 1
40.1724137931 71.7569786535 3
20.8620689655 70.6075533662 3
43.6206896552 64.5320197044 3
61.0344827586 61.4121510673 1
82.4137931034 39.5730706076 9
32.0689655172 29.0640394089 5
57.7586206897 39.5730706076 8
46.2068965517 41.0509031199 8
13.9655172414 55.1724137931 7
59.8275862069 69.7865353038 6
24.3103448276 37.2742200328 1
50.1724137931 61.0837438424 3
62.4137931034 62.0689655172 1
32.4137931034 48.275862069 4
31.724137931 47.7832512315 5
59.4827586207 29.8850574713 8
62.9310344828 56.9786535304 5
27.5862068966 38.0952380952 5
56.0344827586 68.4729064039 9
67.0689655172 66.9950738916 8
81.724137931 48.4400656814 6
36.0344827586 49.4252873563 7
55.8620689655 50.7389162562 5
20.6896551724 34.3185550082 7
45.8620689655 44.170771757 6
47.4137931034 43.3497536946 1
78.6206896552 68.8013136289 8
29.8275862069 27.2577996716 8
52.9310344828 20.6896551724 4
53.1034482759 65.8456486043 6
77.9310344828 74.3842364532 2
52.4137931034 63.2183908046 1
33.4482758621 26.9293924466 5
33.7931034483 54.0229885057 6
76.5517241379 54.0229885057 3
52.5862068966 33.3333333333 7
63.9655172414 56.9786535304 1
61.724137931 45.1559934319 2
41.5517241379 34.8111658456 3
32.0689655172 51.724137931 3
58.9655172414 39.0804597701 1
37.2413793103 44.0065681445 6
25.3448275862 67.3234811166 4
73.6206896552 74.5484400657 5
76.0344827586 25.6157635468 8
59.8275862069 62.8899835796 1
56.724137931 39.9014778325 6
56.2068965517 46.4696223317 9
40.0 56.8144499179 8
73.9655172414 75.0410509031 1
44.8275862069 45.4844006568 2
64.1379310345 33.3333333333 9
62.5862068966 29.8850574713 6
57.5862068966 42.8571428571 2
47.0689655172 34.6469622332 2
11.724137931 50.2463054187 5
58.275862069 28.8998357964 6
54.8275862069 66.1740558292 1
45.5172413793 52.8735632184 5
51.3793103448 59.2775041051 1
67.7586206897 38.5878489327 7
54.1379310345 66.6666666667 4
57.7586206897 57.7996715928 3
79.3103448276 52.7093596059 8
75.3448275862 31.0344827586 1
55.6896551724 52.2167487685 4
51.2068965517 33.3333333333 7
27.0689655172 63.2183908046 3
72.0689655172 39.73727422 1
60.1724137931 54.6798029557 3
51.724137931 43.5139573071 9
67.9310344828 56.8144499179 3
69.4827586207 40.39408867 7
51.724137931 28.2430213465 2
52.9310344828 41.7077175698 3
53.275862069 64.5320197044 8
59.8275862069 52.7093596059 3
44.3103448276 46.7980295567 4
33.275862069 64.2036124795 3
64.8275862069 59.1133004926 5
39.4827586207 46.3054187192 6
55.6896551724 40.2298850575 4
46.8965517241 78.3251231527 9
80.3448275862 22.6600985222 1
64.6551724138 45.3201970443 7
64.8275862069 56.6502463054 4
68.275862069 21.6748768473 9
50.3448275862 60.0985221675 3
58.1034482759 13.9573070608 5
28.275862069 44.8275862069 3
16.724137931 51.2315270936 2
39.8275862069 55.1724137931 4
42.5862068966 41.3793103448 6
91.0344827586 49.9178981938 7
43.4482758621 13.6288998358 2
40.5172413793 32.3481116585 1
77.0689655172 48.6042692939 8
15.1724137931 72.0853858785 2
27.9310344828 51.2315270936 4
56.724137931 55.0082101806 4
69.4827586207 54.5155993432 5
17.9310344828 42.0361247947 2
47.5862068966 48.7684729064 3
37.9310344828 42.2003284072 6
45.5172413793 60.0985221675 7
46.5517241379 47.2906403941 4
77.9310344828 54.3513957307 8
33.7931034483 38.7520525452 1
46.2068965517 56.8144499179 8
47.7586206897 38.7520525452 6
59.4827586207 48.275862069 5
58.275862069 67.816091954 2
47.4137931034 26.6009852217 7
23.1034482759 37.1100164204 6
58.275862069 55.829228243 6
76.2068965517 52.7093596059 1
83.1034482759 55.5008210181 2
81.5517241379 53.2019704433 4
63.9655172414 55.0082101806 3
40.5172413793 61.0837438424 3
60.5172413793 32.0197044335 4
32.2413793103 61.9047619048 5
80.1724137931 57.1428571429 6
22.4137931034 34.1543513957 9
28.9655172414 51.3957307061 6
35.8620689655 51.2315270936 5
55.8620689655 31.855500821 7
30.5172413793 53.3661740558 3
42.9310344828 74.5484400657 9
28.7931034483 0.0 1
55.6896551724 69.2939244663 8
51.3793103448 62.3973727422 3
46.3793103448 45.1559934319 8
40.0 51.5599343186 5
47.7586206897 32.6765188834 8
65.1724137931 39.2446633826 9
41.8965517241 40.7224958949 1
88.9655172414 30.2134646962 2
46.3793103448 11.1658456486 5
56.0344827586 60.26272578 6
28.275862069 46.7980295567 7
68.9655172414 48.7684729064 1
36.724137931 34.4827586207 2
51.2068965517 57.9638752053 5
38.6206896552 25.2873563218 1
76.8965517241 49.5894909688 6
52.2413793103 46.7980295567 5
72.2413793103 34.1543513957 5
52.7586206897 55.6650246305 7
34.1379310345 19.2118226601 5
57.7586206897 38.0952380952 5
68.1034482759 43.3497536946 1
27.0689655172 77.0114942529 9
56.724137931 47.947454844 4
55.3448275862 3.94088669951 1
81.3793103448 76.6830870279 5
47.7586206897 52.7093596059 7
53.7931034483 39.0804597701 9
25.5172413793 48.9326765189 3
38.1034482759 55.0082101806 3
51.2068965517 64.8604269294 6
50.3448275862 19.7044334975 7
74.4827586207 40.8866995074 3
48.4482758621 49.2610837438 5
33.6206896552 39.2446633826 6
52.2413793103 51.0673234811 8
63.6206896552 58.2922824302 6
8.44827586207 72.9064039409 8
51.2068965517 42.2003284072 8
59.1379310345 45.3201970443 3
47.4137931034 44.6633825944 1
41.0344827586 52.380952381 1
31.5517241379 48.7684729064 3
85.8620689655 63.3825944171 5
40.3448275862 60.4269293924 4
51.8965517241 55.1724137931 9
74.1379310345 19.86863711 2
46.3793103448 38.5878489327 9
31.3793103448 17.4055829228 5
45.0 43.1855500821 7
36.2068965517 53.3661740558 9
62.5862068966 52.5451559934 1
50.5172413793 41.5435139573 2
47.5862068966 39.0804597701 2
85.5172413793 72.4137931034 1
68.4482758621 39.4088669951 4
51.5517241379 76.5188834154 7
39.8275862069 48.6042692939 3
39.8275862069 41.8719211823 8
49.4827586207 39.73727422 9
32.5862068966 41.8719211823 8
59.8275862069 50.0821018062 8
48.7931034483 84.8932676519 6
39.4827586207 51.5599343186 3
97.9310344828 44.8275862069 1
30.5172413793 33.4975369458 4
29.6551724138 35.7963875205 1
40.1724137931 74.3842364532 1
29.6551724138 45.9770114943 9
33.1034482759 60.0985221675 1
40.8620689655 42.3645320197 4
100.0 49.2610837438 4
50.0 42.2003284072 6
68.6206896552 47.4548440066 6
51.3793103448 41.8719211823 8
52.5862068966 66.8308702791 5
20.5172413793 59.60591133 9
52.4137931034 52.052545156 2
53.1034482759 51.5599343186 2
46.724137931 50.4105090312 1
42.0689655172 41.8719211823 6
88.6206896552 50.0821018062 2
52.4137931034 14.7783251232 2
72.7586206897 50.7389162562 8
27.4137931034 28.5714285714 6
54.1379310345 46.3054187192 3
81.724137931 61.5763546798 3
