56
50.3916449086 74.1414141414 11 0 1 6 6 17 18 25 30 39 40 48 0 168 464 543 552 644 730 850 854 990 999
0.0 11.9191919192 11 0 3 19 19 21 24 33 36 39 41 45 0 0 256 340 373 587 639 707 717 741 853
87.2062663185 8.88888888889 11 0 12 15 16 22 25 31 32 32 36 38 0 100 359 428 507 565 575 667 738 789 915
84.3342036554 49.2929292929 11 0 0 1 8 11 12 12 15 24 29 41 0 0 132 172 563 740 914 921 935 943 980
22.454308094 40.202020202 11 0 6 9 15 20 22 24 30 39 42 45 0 129 306 314 385 394 473 479 786 832 950
75.9791122715 38.3838383838 11 0 4 7 12 15 16 21 23 23 29 37 0 255 315 376 407 633 736 811 816 821 997
34.9869451697 36.1616161616 11 0 0 8 11 20 20 31 37 37 40 47 0 0 122 386 445 491 605 744 828 941 951
65.7963446475 36.5656565657 11 0 2 6 7 7 16 19 20 29 31 39 0 120 132 134 346 643 713 736 742 769 877
50.9138381201 32.1212121212 11 0 9 10 12 24 27 28 32 35 36 46 0 157 318 393 473 565 667 795 842 868 901
65.274151436 34.9494949495 11 0 1 7 9 16 19 22 26 33 35 37 0 113 158 187 467 492 522 630 775 845 924
27.6762402089 73.5353535354 11 0 1 2 6 15 17 22 26 35 43 46 0 0 254 317 350 406 503 685 689 712 761
32.1148825065 66.2626262626 11 0 12 14 16 17 19 25 34 35 36 48 0 127 247 443 464 465 491 533 594 936 950
27.1540469974 54.3434343434 11 0 1 1 2 7 17 17 18 28 30 40 0 277 476 519 564 608 721 774 790 936 954
79.1122715405 49.696969697 11 0 11 14 25 28 33 34 37 40 41 44 0 105 281 306 473 594 666 730 852 906 958
65.5352480418 29.696969697 11 0 7 10 15 17 20 21 25 35 44 45 0 234 275 281 340 388 517 610 791 886 909
31.3315926893 38.1818181818 11 0 3 10 12 12 14 16 18 30 34 48 0 256 266 333 370 583 624 639 713 807 821
55.3524804178 12.1212121212 11 0 2 3 6 8 16 17 25 36 37 43 0 0 158 340 459 556 617 689 826 849 915
69.4516971279 9.49494949495 11 0 11 22 22 28 30 30 34 34 40 43 0 144 360 438 469 513 583 659 715 735 800
92.6892950392 55.7575757576 11 0 0 6 7 10 11 23 23 24 34 39 0 205 382 433 441 508 547 571 576 815 903
14.8825065274 8.08080808081 11 0 7 8 10 11 15 25 25 34 35 37 0 0 243 263 339 440 445 524 632 721 860
56.9190600522 54.3434343434 11 0 0 2 12 12 15 17 23 26 40 45 0 172 355 385 516 567 750 813 865 944 991
73.3681462141 22.0202020202 11 0 2 3 6 23 33 37 38 42 45 48 0 161 331 346 444 465 476 487 701 831 960
7.04960835509 100.0 11 0 9 15 15 15 17 34 38 43 46 49 0 190 324 357 376 471 477 673 722 771 888
22.1932114883 52.5252525253 11 0 0 3 4 6 12 16 18 22 36 39 0 147 201 236 340 355 385 471 698 943 993
44.1253263708 61.4141414141 11 0 4 16 18 18 19 22 29 30 33 38 0 0 149 283 320 321 422 628 946 971 977
73.1070496084 62.2222222222 11 0 0 10 11 14 22 25 33 40 41 48 0 0 106 212 226 368 441 443 490 925 981
71.5404699739 34.5454545455 11 0 0 8 9 12 19 21 22 25 28 38 0 0 166 331 344 463 552 715 787 965 981
64.2297650131 63.0303030303 11 0 0 2 10 16 25 29 30 32 39 47 0 196 353 400 452 476 551 856 956 990 992
40.2088772846 34.1414141414 11 0 0 11 25 31 37 39 40 44 45 49 0 101 237 251 323 362 409 578 657 806 885
26.8929503916 0.0 11 0 2 8 12 28 28 30 40 40 49 49 0 0 147 227 318 532 671 676 686 726 990
50.3916449086 44.2424242424 11 0 22 26 27 28 31 42 43 46 49 49 0 337 353 359 367 446 497 530 762 781 818
4.43864229765 47.2727272727 11 0 3 5 5 9 9 14 18 26 30 34 0 0 118 123 264 271 287 554 610 689 778
59.0078328982 34.1414141414 11 0 2 9 13 20 29 34 39 40 41 43 0 0 161 417 520 534 646 729 868 906 983
20.8877284595 54.5454545455 11 0 3 6 11 21 23 23 23 30 47 48 0 218 230 242 383 434 639 886 906 982 982
12.27154047 54.3434343434 11 0 2 10 16 21 23 37 38 43 44 48 0 143 151 158 202 266 413 493 558 670 925
47.2584856397 14.9494949495 11 0 4 20 22 22 23 26 33 37 45 47 0 0 278 398 421 485 564 642 677 875 891
93.9947780679 93.3333333333 11 0 13 13 28 28 29 37 41 41 43 44 0 164 209 243 384 446 675 698 744 880 974
100.0 22.4242424242 11 0 3 5 6 11 17 17 19 19 28 37 0 164 169 210 356 381 701 704 806 951 979
44.1253263708 68.6868686869 11 0 0 0 4 4 8 8 21 25 43 44 0 136 239 557 648 685 809 867 876 887 894
48.8250652742 52.3232323232 11 0 19 19 20 20 23 30 32 37 37 48 0 173 255 423 441 449 563 614 727 874 911
57.4412532637 5.65656565657 11 0 4 5 10 11 12 22 27 32 42 48 0 0 304 305 347 391 509 564 572 728 756
60.5744125326 20.202020202 11 0 14 16 19 25 32 37 37 40 40 48 0 132 196 262 342 409 415 431 656 730 972
30.8093994778 8.08080808081 11 0 12 17 21 22 27 33 35 40 41 48 0 270 459 475 504 534 551 564 675 776 809
68.407310705 16.9696969697 11 0 2 6 9 12 12 12 23 29 32 49 0 0 285 285 287 356 640 734 735 845 989
56.6579634465 91.1111111111 11 0 8 14 21 22 35 36 36 43 44 47 0 0 294 317 318 319 618 688 719 785 965
48.0417754569 30.9090909091 11 0 0 11 13 16 17 21 39 41 42 46 0 206 277 399 474 528 535 568 717 769 790
53.7859007833 43.2323232323 11 0 8 13 17 19 39 40 42 45 46 46 0 146 170 289 290 361 471 479 536 621 660
74.6736292428 42.8282828283 11 0 10 11 17 22 23 31 33 34 43 45 0 211 246 343 398 496 644 663 734 925 964
27.9373368146 54.9494949495 11 0 5 5 9 10 12 19 25 30 39 41 0 277 302 319 346 375 553 564 693 747 909
23.498694517 52.9292929293 11 0 2 16 22 25 36 37 39 45 46 47 0 0 105 172 202 323 407 446 549 790 907
29.5039164491 29.0909090909 11 0 7 7 19 21 25 26 31 36 41 45 0 361 362 388 396 611 680 887 888 918 946
44.1253263708 75.3535353535 11 0 0 12 19 22 25 33 36 37 40 49 0 0 105 422 548 744 800 825 917 933 996
54.5691906005 37.5757575758 11 0 3 11 15 17 39 39 39 43 45 48 0 188 327 437 482 706 716 803 805 862 869
56.9190600522 59.595959596 11 0 0 2 6 6 8 22 26 31 43 49 0 0 117 238 284 332 365 577 717 727 895
84.5953002611 13.9393939394 11 0 4 17 23 25 26 42 42 43 47 48 0 177 222 333 441 563 679 694 728 844 945
62.4020887728 37.7777777778 11 0 5 8 32 37 39 39 41 44 44 44 0 0 151 288 311 329 450 468 484 654 897
88
32.667876588 83.4112149533 4
34.664246824 70.7943925234 6
74.4101633394 15.8878504673 5
39.3829401089 79.6728971963 4
29.945553539 31.308411215 9
31.3974591652 72.6635514019 7
6.89655172414 19.6261682243 1
33.5753176044 57.0093457944 3
40.834845735 18.2242990654 2
49.7277676951 45.5607476636 1
86.2068965517 22.6635514019 3
16.333938294 71.0280373832 2
15.0635208711 53.5046728972 8
39.0199637024 96.4953271028 4
14.5190562613 40.1869158879 5
33.3938294011 13.785046729 6
66.0617059891 73.1308411215 8
50.998185118 3.73831775701 9
23.2304900181 19.3925233645 6
31.0344827586 4.90654205607 8
37.386569873 37.8504672897 3
57.7132486388 51.4018691589 6
21.778584392 45.7943925234 9
36.2976406534 33.8785046729 2
29.7640653358 67.523364486 4
11.7967332123 21.4953271028 8
40.2903811252 73.8317757009 9
63.5208711434 72.6635514019 4
26.6787658802 47.6635514019 6
47.3684210526 73.3644859813 2
42.6497277677 17.2897196262 9
16.5154264973 51.8691588785 2
13.611615245 35.5140186916 4
41.1978221416 54.6728971963 9
56.0798548094 98.1308411215 3
32.4863883848 72.8971962617 2
31.941923775 31.7757009346 7
56.0798548094 69.6261682243 7
31.3974591652 52.3364485981 7
15.7894736842 46.0280373832 5
50.0907441016 23.5981308411 2
44.1016333938 37.6168224299 1
60.4355716878 30.8411214953 7
26.8602540835 72.1962616822 5
53.3575317604 100.0 2
23.9564428312 49.2990654206 5
39.7459165154 67.2897196262 6
51.1796733212 34.5794392523 2
31.2159709619 78.5046728972 1
59.165154265 35.046728972 5
60.0725952813 52.5700934579 5
27.22323049 40.1869158879 6
58.6206896552 60.2803738318 6
61.887477314 44.6261682243 4
61.3430127042 50.4672897196 2
12.5226860254 42.9906542056 6
34.4827586207 69.6261682243 8
10.889292196 17.0560747664 4
66.0617059891 43.4579439252 9
66.7876588022 12.3831775701 1
17.4228675136 34.1121495327 8
48.275862069 48.8317757009 1
43.1941923775 47.4299065421 2
33.3938294011 60.5140186916 6
62.9764065336 38.0841121495 6
37.9310344828 47.1962616822 3
100.0 57.7102803738 9
35.2087114338 76.8691588785 5
48.4573502722 38.785046729 5
26.8602540835 13.3177570093 9
29.945553539 59.8130841121 2
14.7005444646 55.6074766355 8
31.5789473684 43.4579439252 2
35.2087114338 0.0 7
16.5154264973 26.6355140187 7
29.7640653358 28.5046728972 6
31.0344827586 41.3551401869 3
52.8130671506 45.0934579439 3
30.6715063521 50.0 9
53.9019963702 52.5700934579 8
35.390199637 30.1401869159 5
60.7985480944 8.41121495327 5
37.0235934664 46.4953271028 2
60.7985480944 71.4953271028 4
0.0 37.6168224299 3
38.6569872958 65.1869158879 2
60.0725952813 64.0186915888 6
25.5898366606 82.7102803738 1
