229
75.1984126984 65.2032520325 20 0 1 7 8 19 21 22 23 25 26 29 32 33 34 34 37 38 42 47 48 0 164 223 263 280 330 353 405 453 458 515 560 619 710 723 761 793 837 895 950
20.4365079365 58.5365853659 20 0 1 4 5 16 19 25 25 27 31 34 34 34 35 37 42 43 44 44 46 0 115 187 233 265 417 437 531 571 577 607 629 685 703 729 751 782 852 932 999
65.873015873 42.4390243902 20 0 11 12 12 20 21 23 24 25 29 40 41 43 44 44 46 46 47 47 47 0 111 119 133 168 186 301 494 603 615 694 747 756 758 864 865 900 906 907 927
46.0317460317 63.7398373984 20 0 1 3 5 8 12 21 26 28 28 32 40 41 42 43 44 45 46 48 48 0 115 160 197 214 219 326 333 435 523 538 541 617 790 795 855 862 910 948 977
49.2063492063 70.081300813 20 0 2 5 7 11 12 13 18 18 22 27 33 35 37 38 42 44 45 45 45 0 201 204 251 266 317 334 352 386 451 462 502 539 563 690 754 763 819 888 989
23.4126984127 33.3333333333 20 0 0 4 4 9 9 19 20 22 24 26 29 32 34 34 37 41 42 47 49 0 106 175 234 241 366 402 437 452 465 469 471 472 537 777 815 818 903 932 935
92.0634920635 40.162601626 20 0 4 4 7 10 16 18 19 21 22 22 22 23 25 26 30 44 44 45 48 0 155 272 325 441 476 537 574 575 577 608 688 753 782 800 833 853 915 952 953
68.4523809524 65.6910569106 20 0 2 3 5 5 7 8 13 14 16 20 21 24 24 25 26 29 31 46 47 0 155 208 361 379 450 595 626 674 726 732 741 765 769 792 837 878 908 928 978
75.0 46.5040650407 20 0 0 0 1 3 8 13 16 18 23 27 28 31 31 32 38 40 40 43 43 0 119 202 243 261 263 298 310 379 459 469 505 516 543 576 637 847 901 940 957
57.3412698413 59.837398374 20 0 2 5 11 12 12 16 19 20 24 24 32 32 34 35 41 42 43 44 49 0 0 111 177 385 414 447 500 515 541 553 628 637 660 663 743 813 839 863 929
61.3095238095 77.7235772358 20 0 2 6 10 10 11 12 13 17 19 28 29 29 31 34 39 40 42 43 49 0 115 129 160 228 242 274 358 359 527 575 581 596 701 730 738 770 871 871 973
70.2380952381 42.4390243902 20 0 1 4 4 5 6 6 7 8 10 17 20 23 29 31 34 38 39 44 45 0 160 167 198 236 265 329 367 459 472 536 613 736 739 780 781 824 940 975 980
70.8333333333 44.0650406504 20 0 6 9 10 10 11 14 14 16 20 24 27 28 28 30 36 42 44 46 47 0 0 112 191 206 282 291 339 339 371 418 439 506 516 596 719 785 811 817 915
58.3333333333 44.0650406504 20 0 0 3 4 7 8 9 15 16 18 20 21 25 34 39 40 42 43 45 48 0 0 101 143 155 183 190 221 313 397 449 460 571 577 625 635 768 814 927 994
26.3888888889 51.3821138211 20 0 1 7 11 18 21 26 28 29 31 35 38 39 39 40 44 45 46 47 49 0 106 144 231 241 312 314 419 438 476 484 515 539 580 588 619 799 813 881 888
65.4761904762 37.8861788618 20 0 0 1 3 3 5 8 13 16 17 17 27 29 31 37 42 45 45 48 48 0 118 173 212 265 296 343 355 473 496 539 583 658 672 692 758 787 846 995 999
77.1825396825 52.1951219512 20 0 3 5 5 6 8 15 18 34 38 39 40 43 43 46 46 48 48 49 49 0 119 162 252 270 278 322 376 383 489 496 541 663 706 719 754 909 948 974 993
43.253968254 68.4552845528 20 0 6 7 12 15 17 20 20 23 26 27 28 29 29 34 41 42 44 49 49 0 0 122 243 245 256 323 388 424 445 507 584 594 646 703 706 727 734 996 999
68.6507936508 40.162601626 20 0 4 5 9 9 10 14 18 19 27 32 33 36 37 38 38 44 45 47 49 0 104 147 199 251 271 337 351 355 391 397 472 495 658 658 816 859 948 985 992
40.2777777778 56.9105691057 20 0 1 9 9 12 13 20 21 24 25 29 30 33 34 37 37 37 39 41 49 0 101 107 108 145 246 300 387 387 445 563 564 598 603 715 742 848 887 961 985
57.1428571429 32.8455284553 20 0 0 4 6 12 14 15 17 18 20 21 28 28 36 37 41 42 44 47 47 0 195 201 211 221 234 239 257 260 324 384 483 510 530 607 669 712 874 942 953
67.0634920635 38.2113821138 20 0 3 8 10 10 11 11 13 19 19 21 24 26 29 31 32 45 45 47 49 0 119 171 172 199 260 263 279 352 361 368 408 444 463 483 602 658 769 778 915
16.0714285714 88.4552845528 20 0 2 2 8 8 8 9 12 25 25 26 27 30 30 36 37 38 41 43 44 0 133 141 235 394 411 444 486 500 521 555 557 644 666 675 758 791 845 846 979
80.9523809524 33.9837398374 20 0 0 0 3 3 3 20 23 23 24 29 29 32 32 32 38 42 42 43 43 0 0 123 176 191 209 300 333 384 461 531 531 655 678 757 777 799 810 819 892
53.1746031746 68.7804878049 20 0 0 4 4 7 9 10 11 11 12 16 26 26 28 31 33 33 34 38 48 0 161 224 228 273 279 283 398 414 478 517 579 630 734 815 825 870 910 956 963
93.6507936508 54.4715447154 20 0 4 5 5 9 21 22 24 24 27 29 37 42 43 43 45 46 46 47 49 0 0 201 237 362 372 443 477 593 636 700 725 741 798 873 898 924 941 980 982
55.5555555556 25.2032520325 20 0 1 3 8 12 13 16 17 24 25 26 27 29 33 38 39 40 42 44 49 0 0 149 256 291 328 367 465 481 482 519 604 604 624 760 781 806 842 917 969
55.1587301587 25.0406504065 20 0 0 0 4 7 9 11 15 19 30 30 34 36 39 40 42 44 46 47 49 0 101 118 139 205 225 228 237 260 285 335 358 375 380 431 505 792 811 815 928
81.1507936508 43.9024390244 20 0 5 9 9 9 10 12 13 15 17 18 22 30 31 32 33 33 38 44 49 0 114 151 154 189 198 238 250 256 263 263 497 515 598 636 759 875 900 938 995
59.9206349206 38.5365853659 20 0 2 5 8 10 12 18 24 25 27 32 33 34 35 38 38 42 43 44 45 0 108 140 146 177 260 272 297 303 319 411 476 516 563 597 625 724 755 830 867
55.3571428571 38.8617886179 20 0 0 2 2 2 2 2 4 10 12 12 13 16 18 21 28 36 37 44 45 0 262 348 407 537 561 584 627 633 666 666 753 823 856 871 873 873 919 951 958
54.7619047619 41.1382113821 20 0 2 2 3 7 10 14 19 25 26 29 30 30 35 38 41 44 47 47 49 0 128 182 203 218 263 305 313 459 526 540 540 550 641 722 753 894 897 926 932
64.2857142857 45.5284552846 20 0 1 4 5 6 10 12 17 17 17 18 20 20 32 32 36 41 42 45 46 0 153 203 214 418 463 506 509 555 579 594 625 636 650 693 704 832 849 905 965
24.6031746032 41.1382113821 20 0 5 6 6 7 9 12 17 19 21 23 25 26 34 35 37 37 42 46 49 0 100 112 163 177 294 323 436 445 607 718 797 887 919 921 922 958 959 959 982
67.2619047619 67.1544715447 20 0 0 1 5 8 8 8 14 17 18 20 26 34 36 37 38 40 42 42 49 0 159 193 194 201 227 245 383 407 454 495 586 607 811 819 872 906 915 936 980
64.880952381 43.2520325203 20 0 2 3 9 10 11 16 18 23 28 29 30 30 33 35 36 37 37 45 48 0 0 173 214 230 262 327 369 438 534 536 750 773 811 870 880 892 914 968 978
50.5952380952 43.7398373984 20 0 1 1 2 3 6 9 17 21 22 24 24 31 34 36 38 40 42 43 46 0 116 182 200 201 250 272 287 293 366 436 449 470 553 558 570 577 728 764 843
48.2142857143 42.4390243902 20 0 2 4 5 10 13 13 13 15 16 16 23 25 26 27 34 37 39 44 49 0 0 222 250 285 312 345 389 426 470 476 553 567 655 699 718 756 826 830 861
49.6031746032 54.4715447154 20 0 1 1 7 16 21 21 21 23 24 25 29 31 35 40 40 43 47 47 49 0 128 155 173 281 307 314 421 547 573 653 668 745 792 880 907 910 912 915 982
69.8412698413 49.1056910569 20 0 0 1 5 9 20 26 28 30 34 36 37 37 38 38 39 39 41 44 45 0 149 201 221 225 232 254 369 427 514 535 554 559 567 604 610 719 810 887 995
63.8888888889 49.2682926829 20 0 1 1 5 5 5 5 6 14 16 21 23 31 36 36 38 40 43 44 47 0 140 195 205 238 253 314 331 339 371 394 403 476 480 620 720 721 876 904 997
20.0396825397 33.9837398374 20 0 2 6 8 9 11 15 16 17 18 26 26 27 41 41 42 45 47 48 49 0 112 182 232 276 333 339 489 554 599 680 688 707 805 846 883 890 899 912 992
32.7380952381 37.3983739837 20 0 0 3 4 6 7 13 21 22 25 25 34 34 36 38 40 41 42 42 49 0 136 169 174 274 440 500 544 576 675 680 699 740 831 874 884 897 900 979 993
44.246031746 60.8130081301 20 0 0 2 2 3 6 7 8 9 13 16 19 28 29 30 34 41 42 44 46 0 164 223 365 414 419 491 498 515 576 577 656 680 707 757 773 905 943 957 972
88.2936507937 37.2357723577 20 0 1 6 8 8 8 11 12 13 16 20 25 28 32 32 35 38 45 46 47 0 124 156 217 332 333 350 391 415 433 465 534 561 640 647 672 686 853 869 937
45.8333333333 64.5528455285 20 0 0 1 3 4 7 16 17 30 30 31 32 35 39 39 40 41 45 48 49 0 106 287 351 360 428 428 457 474 491 568 602 602 615 760 787 819 863 868 987
55.753968254 64.0650406504 20 0 2 4 8 9 11 17 19 24 27 30 35 36 37 38 41 41 43 44 47 0 235 263 303 306 308 413 445 547 670 684 723 738 754 777 833 845 853 913 921
26.9841269841 40.162601626 20 0 6 6 9 10 10 10 13 14 14 18 26 27 29 35 39 43 44 47 47 0 109 128 132 164 365 417 427 525 537 556 582 626 629 641 761 784 790 797 809
32.7380952381 30.406504065 20 0 0 3 4 8 10 11 15 25 26 32 33 34 35 36 37 38 38 45 48 0 0 102 156 261 353 491 560 620 671 699 726 732 736 758 847 912 971 984 995
43.8492063492 33.4959349593 20 0 1 2 4 8 9 12 16 18 18 19 22 26 30 30 34 37 46 49 49 0 0 192 234 412 469 480 503 507 508 553 558 585 592 709 785 788 806 886 929
66.8650793651 66.6666666667 20 0 6 8 9 11 12 15 15 17 25 30 35 37 40 41 43 46 46 48 49 0 150 168 236 270 325 365 370 513 540 587 692 708 776 846 867 884 892 894 969
44.8412698413 51.3821138211 20 0 0 3 4 5 12 12 15 16 18 19 20 21 29 31 32 33 37 40 40 0 197 206 312 328 466 482 504 562 594 749 754 765 773 785 817 862 952 955 977
59.7222222222 39.0243902439 20 0 5 7 8 11 20 22 23 23 23 23 25 28 34 35 36 36 37 38 44 0 0 214 258 312 343 477 498 607 627 652 700 732 752 775 783 809 853 886 930
48.0158730159 38.3739837398 20 0 2 7 13 13 14 17 20 20 20 22 25 27 32 39 40 40 42 44 49 0 0 101 129 142 247 257 287 302 322 454 601 689 692 726 734 756 819 823 915
82.7380952381 56.0975609756 20 0 5 6 8 8 8 9 10 16 19 28 32 33 34 37 42 46 47 48 48 0 147 149 163 185 215 227 255 300 364 445 501 575 583 617 711 885 886 893 910
69.246031746 59.674796748 20 0 1 1 3 6 8 9 15 19 20 24 25 26 28 33 33 34 42 43 49 0 0 192 201 216 227 378 458 483 503 510 520 545 647 735 735 788 801 808 839
60.5158730159 35.2845528455 20 0 1 1 2 5 6 10 11 14 16 16 17 17 24 29 30 33 35 43 47 0 0 193 194 258 285 347 360 364 563 590 628 747 756 839 858 878 946 962 976
47.0238095238 47.8048780488 20 0 0 5 8 14 15 17 17 18 25 29 30 33 34 38 39 41 41 44 49 0 145 299 363 426 455 492 578 659 715 756 761 767 795 861 879 931 972 981 982
97.619047619 52.5203252033 20 0 1 3 3 4 9 15 17 23 25 25 25 33 35 35 41 42 44 47 49 0 334 360 382 418 423 425 432 466 489 552 598 752 803 866 886 909 956 979 998
42.6587301587 41.9512195122 20 0 5 5 5 15 20 23 25 28 30 36 38 42 42 44 45 47 49 49 49 0 100 105 117 224 291 348 385 396 424 430 566 568 657 680 685 707 772 827 978
36.1111111111 72.5203252033 20 0 0 0 4 6 9 9 10 12 16 21 24 24 29 30 34 35 38 39 48 0 0 118 204 223 380 419 444 486 728 775 776 781 785 796 819 846 852 863 974
44.4444444444 45.8536585366 20 0 4 7 10 10 13 13 16 17 18 21 22 25 25 26 29 29 39 43 44 0 106 110 147 170 358 359 424 437 455 599 657 720 731 828 834 882 887 903 983
23.6111111111 12.0325203252 20 0 0 0 1 3 5 7 11 14 21 24 26 30 35 36 37 37 38 44 46 0 224 231 285 300 310 372 372 443 550 645 660 695 711 740 757 775 898 923 973
41.0714285714 19.512195122 20 0 6 14 17 19 23 24 24 25 28 30 36 38 38 38 46 47 48 48 49 0 123 168 247 269 342 385 410 430 466 550 583 629 713 740 797 800 824 825 922
53.1746031746 42.4390243902 20 0 8 8 15 16 23 25 25 28 30 30 31 31 36 36 43 44 44 48 48 0 0 182 248 248 345 401 466 468 470 483 505 540 649 656 670 679 845 848 971
63.6904761905 47.1544715447 20 0 2 4 11 12 14 14 19 20 20 21 22 23 27 28 30 35 36 43 44 0 101 174 182 254 258 379 399 518 543 649 738 810 811 861 877 914 915 960 967
44.8412698413 62.9268292683 20 0 5 5 5 10 13 16 18 19 20 21 23 30 31 37 40 41 43 46 47 0 0 170 181 212 213 251 311 359 381 439 456 607 665 674 843 935 947 968 990
22.2222222222 97.2357723577 20 0 0 0 1 2 6 7 13 14 20 20 22 23 26 27 38 40 41 42 48 0 124 126 229 342 383 429 459 465 577 609 699 850 874 875 886 913 914 939 981
53.5714285714 22.7642276423 20 0 2 6 10 11 12 18 19 20 20 26 28 31 36 38 39 45 46 48 49 0 103 122 142 145 172 197 207 412 500 645 711 714 733 806 840 907 954 996 999
36.9047619048 34.1463414634 20 0 4 5 10 14 15 15 17 20 24 27 27 28 29 33 34 40 41 46 49 0 128 171 194 299 423 445 480 494 507 537 619 641 710 720 806 850 867 894 927
71.0317460317 33.4959349593 20 0 0 3 8 9 13 17 25 27 30 31 33 37 41 42 43 43 44 45 48 0 121 189 344 358 470 537 570 649 668 674 693 825 831 866 892 916 928 942 988
67.6587301587 50.406504065 20 0 3 3 7 8 10 12 12 13 15 21 22 23 28 37 37 38 41 42 45 0 137 153 155 190 259 357 410 450 460 492 554 604 616 669 862 869 886 942 957
81.3492063492 42.7642276423 20 0 1 1 2 3 4 4 6 16 18 18 20 28 29 33 36 37 38 46 49 0 185 351 357 370 392 466 511 514 542 590 632 637 641 651 690 721 764 788 890
19.6428571429 34.7967479675 20 0 2 4 11 12 13 17 18 21 22 24 30 36 37 37 38 43 43 47 49 0 133 155 210 215 234 423 547 562 570 647 665 671 695 720 734 771 834 875 878
72.0238095238 62.7642276423 20 0 3 5 9 10 20 21 21 22 27 32 32 34 35 37 41 41 44 45 48 0 143 176 178 195 209 216 295 386 410 412 425 465 528 591 611 682 744 819 852
33.9285714286 14.9593495935 20 0 0 5 8 10 11 11 12 17 20 22 26 28 31 33 35 40 41 44 48 0 122 164 228 338 339 346 348 394 430 433 563 585 630 676 695 765 900 938 954
53.5714285714 60.6504065041 20 0 6 8 8 10 14 16 17 17 24 31 31 31 36 36 38 39 42 43 46 0 207 225 232 369 399 488 554 624 636 671 687 729 757 790 801 886 930 946 970
37.8968253968 19.3495934959 20 0 2 7 7 9 11 17 18 20 27 28 29 36 37 38 39 41 42 42 43 0 0 102 111 270 356 358 396 416 509 543 625 669 770 779 815 839 884 905 966
74.0079365079 28.7804878049 20 0 1 3 7 13 13 14 15 22 24 30 32 33 34 38 41 42 44 44 45 0 107 146 255 281 377 435 453 509 616 634 661 664 700 702 795 816 923 978 986
14.880952381 51.3821138211 20 0 3 7 11 15 18 19 22 25 26 31 31 33 35 40 40 44 45 46 49 0 139 184 224 238 264 371 372 454 493 499 538 628 727 761 777 798 844 875 933
59.5238095238 48.9430894309 20 0 0 5 6 6 9 11 13 22 22 25 30 31 34 34 38 42 47 47 48 0 0 101 110 281 328 349 463 494 588 617 701 750 783 786 798 955 964 977 999
23.2142857143 13.3333333333 20 0 2 6 6 9 9 10 11 16 17 18 19 21 26 28 29 31 32 38 41 0 107 181 311 342 390 413 461 463 464 525 543 551 653 748 823 836 873 923 925
40.873015873 26.1788617886 20 0 0 2 6 8 8 8 13 23 25 27 28 31 32 33 42 43 44 45 49 0 0 223 293 302 315 341 379 397 437 536 541 625 718 726 747 808 827 903 986
62.5 47.4796747967 20 0 0 0 2 7 8 9 9 9 12 13 14 17 18 18 20 43 45 47 48 0 137 189 253 304 375 392 399 462 493 513 601 664 746 751 797 806 835 900 974
42.6587301587 48.2926829268 20 0 1 2 3 3 8 13 15 21 21 22 23 24 27 31 33 39 46 48 49 0 121 124 139 145 208 230 235 252 330 376 413 418 585 637 660 718 878 930 959
64.6825396825 44.8780487805 20 0 10 14 15 21 23 24 27 27 27 28 28 30 31 32 34 41 42 47 48 0 110 126 138 239 247 260 272 305 314 336 382 444 453 601 730 800 801 876 877
66.0714285714 22.6016260163 20 0 3 6 6 6 8 10 16 20 20 27 28 32 33 35 40 41 42 43 45 0 119 170 189 213 274 367 428 511 547 576 615 644 646 669 792 853 876 906 927
67.0634920635 55.1219512195 20 0 13 17 19 23 26 26 32 36 36 37 37 38 39 39 40 43 44 45 49 0 172 347 375 385 487 487 498 531 608 610 697 705 776 778 835 865 885 928 976
74.0079365079 38.8617886179 20 0 0 4 5 6 6 7 10 11 14 18 19 19 22 22 28 33 43 44 44 0 128 132 179 209 213 248 260 302 438 526 591 743 840 864 868 875 893 987 990
83.9285714286 16.4227642276 20 0 1 2 2 3 14 14 15 19 19 20 21 21 23 27 34 34 35 42 47 0 152 187 246 260 322 339 361 453 477 563 566 660 678 701 726 751 756 915 949
21.8253968254 7.47967479675 20 0 5 5 10 15 15 24 25 27 29 31 32 40 40 41 42 43 45 48 49 0 110 123 141 227 278 282 421 430 435 524 549 554 609 648 763 777 840 882 976
72.0238095238 17.8861788618 20 0 0 0 2 5 7 8 12 16 17 19 20 24 25 26 30 32 39 40 45 0 134 229 437 449 469 482 598 626 640 676 683 696 754 854 860 886 922 978 992
43.6507936508 42.2764227642 20 0 1 6 6 8 10 13 16 17 18 26 27 33 44 44 44 45 47 47 48 0 0 113 126 169 178 221 229 256 285 297 339 543 622 687 715 737 868 902 968
30.1587301587 38.2113821138 20 0 5 8 8 14 15 17 20 22 23 29 30 32 34 36 37 39 39 44 45 0 102 169 229 396 428 452 635 657 674 683 696 703 771 844 913 948 973 974 980
49.4047619048 36.4227642276 20 0 3 4 5 10 13 13 14 15 17 22 23 24 29 29 40 40 40 43 49 0 149 250 347 367 449 507 553 694 701 788 788 822 826 845 851 853 867 880 896
59.3253968254 35.6097560976 20 0 1 3 6 12 16 20 21 24 28 30 31 32 32 36 37 41 48 48 48 0 104 175 206 217 280 320 353 383 388 406 560 565 654 655 666 690 708 730 793
47.2222222222 32.3577235772 20 0 1 1 2 2 8 8 10 14 16 18 20 22 27 29 36 36 39 39 47 0 155 240 241 288 296 300 312 333 336 391 484 594 618 622 649 665 848 872 948
81.1507936508 88.6178861789 20 0 1 2 8 10 15 18 20 28 28 29 32 38 40 40 41 43 47 48 49 0 187 231 248 311 328 392 508 529 554 619 626 753 768 833 848 857 868 889 960
58.9285714286 60.6504065041 20 0 5 6 7 7 14 20 20 20 24 26 31 31 31 32 37 42 43 45 45 0 145 148 149 185 250 315 359 399 496 603 665 666 676 683 684 743 831 918 966
88.6904761905 46.3414634146 20 0 5 7 8 8 8 11 17 19 21 21 23 32 32 37 40 42 43 47 47 0 112 168 213 219 265 269 311 321 379 524 562 602 624 727 769 854 858 888 986
89.2857142857 36.0975609756 20 0 1 7 8 9 9 10 20 22 24 26 31 31 31 33 38 38 38 42 42 0 158 202 208 220 296 300 317 373 396 449 541 582 606 644 695 725 883 944 986
41.6666666667 42.4390243902 20 0 1 8 9 11 19 19 22 22 24 25 28 31 31 37 40 42 44 49 49 0 106 115 181 303 393 442 597 633 634 656 673 740 767 856 881 922 947 955 977
37.3015873016 36.9105691057 20 0 1 2 2 3 4 6 13 17 18 19 21 23 24 28 30 37 38 41 45 0 104 131 150 155 226 229 241 309 353 442 485 496 545 569 610 649 738 759 823
88.6904761905 72.5203252033 20 0 0 1 3 10 12 14 16 21 24 25 26 32 34 35 37 40 43 46 49 0 0 223 236 262 309 374 391 402 404 553 585 645 707 760 767 788 840 913 995
67.0634920635 51.3821138211 20 0 8 11 12 13 15 16 17 22 22 23 23 30 31 33 33 36 44 45 49 0 100 180 206 346 346 375 406 448 473 512 537 561 605 634 648 783 921 966 980
63.0952380952 11.3821138211 20 0 1 1 6 11 12 16 16 19 21 24 31 33 38 41 45 45 46 46 49 0 131 133 215 238 266 395 400 451 504 531 645 800 821 887 898 950 965 976 987
50.5952380952 33.1707317073 20 0 0 3 3 3 9 22 25 25 26 28 28 30 31 39 39 40 40 42 43 0 207 230 319 444 452 469 523 564 593 613 648 771 782 813 835 893 896 918 986
45.4365079365 38.8617886179 20 0 2 2 4 5 6 8 9 9 10 13 17 20 21 26 30 35 37 38 48 0 136 182 188 220 272 272 278 380 406 458 556 576 584 653 732 789 899 946 954
39.6825396825 61.3008130081 20 0 1 8 16 24 25 25 30 30 31 33 33 35 36 36 37 39 40 42 44 0 134 152 180 300 341 369 391 404 465 486 674 678 741 759 764 823 932 966 993
29.9603174603 48.7804878049 20 0 0 1 7 7 10 14 18 19 22 32 38 39 41 42 42 44 45 45 46 0 102 174 217 243 345 379 443 486 501 580 601 660 686 701 714 717 740 922 930
25.5952380952 30.081300813 20 0 5 6 8 11 16 20 20 23 24 26 28 28 35 36 38 38 42 43 45 0 143 182 273 315 320 324 393 405 456 536 690 794 819 823 823 843 911 936 983
81.746031746 67.1544715447 20 0 0 0 4 4 5 6 6 10 19 21 21 27 30 32 32 40 41 47 48 0 324 353 359 383 410 424 437 445 578 636 664 673 748 754 762 831 844 854 856
26.9841269841 77.0731707317 20 0 2 7 7 7 7 13 13 13 16 17 18 25 29 30 31 31 35 42 45 0 130 153 263 310 362 415 487 492 548 600 707 708 732 833 861 882 909 954 980
47.4206349206 36.0975609756 20 0 0 0 9 10 10 11 13 16 16 26 28 30 37 38 40 41 43 46 49 0 126 144 173 220 331 349 360 419 421 428 478 492 673 675 780 791 829 845 858
50.9920634921 34.4715447154 20 0 2 3 3 4 6 6 8 9 12 14 16 19 22 34 35 35 38 38 46 0 239 279 283 301 303 352 362 395 396 456 607 615 678 740 781 812 871 917 960
51.5873015873 44.3902439024 20 0 3 7 9 10 16 22 23 24 27 29 30 32 34 37 41 41 42 46 48 0 148 157 193 202 244 247 259 379 388 393 435 519 538 641 651 683 776 796 890
54.3650793651 58.6991869919 20 0 2 7 15 16 22 23 25 25 26 29 30 33 34 36 38 39 40 48 48 0 129 155 215 230 259 271 364 375 461 462 500 522 593 621 679 792 858 945 994
67.2619047619 43.7398373984 20 0 1 8 17 19 20 22 22 23 24 25 26 28 29 33 35 39 39 41 41 0 153 154 197 242 351 402 437 443 466 590 676 735 801 804 810 820 845 895 919
37.5 59.674796748 20 0 0 5 7 10 10 13 13 14 16 23 28 30 32 32 32 33 39 45 47 0 142 177 227 251 292 300 391 409 533 607 634 676 718 839 847 854 940 986 989
63.6904761905 57.5609756098 20 0 0 6 7 9 14 14 16 17 19 24 27 32 34 34 35 41 42 48 48 0 0 155 155 320 328 424 479 549 551 609 691 797 833 869 873 909 918 960 985
85.7142857143 27.9674796748 20 0 0 1 4 9 13 13 18 19 28 28 30 31 33 35 36 42 45 46 49 0 255 315 316 377 417 434 476 500 537 568 612 621 722 832 870 898 903 935 938
55.9523809524 32.1951219512 20 0 6 11 13 18 23 30 30 31 34 34 36 36 36 39 46 47 47 48 48 0 146 291 312 422 458 495 499 521 529 553 587 737 738 745 783 802 872 903 963
50.7936507937 48.9430894309 20 0 2 3 12 13 14 14 16 18 19 19 23 24 27 33 38 39 39 45 47 0 174 236 247 265 295 297 337 344 360 375 458 569 780 789 795 818 819 852 945
62.3015873016 51.8699186992 20 0 0 6 7 10 11 12 16 23 23 24 29 30 31 33 34 36 47 47 49 0 108 145 184 208 224 238 325 427 474 482 581 651 684 753 781 789 868 893 993
100.0 37.7235772358 20 0 6 8 9 10 10 14 15 17 19 19 20 30 31 33 37 38 42 46 47 0 125 142 190 233 448 477 502 521 548 581 609 651 677 714 723 779 848 898 999
44.4444444444 61.9512195122 20 0 1 3 3 5 5 11 11 13 14 24 25 25 26 26 28 32 35 36 45 0 0 113 116 155 229 286 307 337 351 419 456 603 609 634 660 823 858 868 962
59.5238095238 28.9430894309 20 0 1 3 4 4 10 12 18 24 25 26 27 32 33 35 40 44 45 45 47 0 109 156 175 218 249 251 289 369 377 386 423 424 595 631 631 714 759 952 964
35.5158730159 44.7154471545 20 0 0 1 1 2 2 3 10 11 17 17 17 21 24 28 30 35 42 49 49 0 102 135 189 235 271 282 345 440 490 539 586 720 721 778 803 815 880 890 935
47.2222222222 39.3495934959 20 0 0 0 4 11 11 12 21 22 25 31 31 38 38 42 43 44 44 45 48 0 0 179 258 279 279 297 350 375 403 408 459 468 472 535 540 541 604 738 871
58.5317460317 33.0081300813 20 0 2 4 7 9 11 12 13 16 20 20 29 33 35 36 39 40 43 46 48 0 109 174 251 337 341 344 356 428 483 521 565 617 632 640 647 772 813 898 915
55.9523809524 62.7642276423 20 0 2 5 8 9 13 17 18 20 22 25 26 27 34 36 37 41 44 46 47 0 102 103 111 262 321 324 415 434 455 514 529 654 664 729 835 852 899 900 935
92.0634920635 71.3821138211 20 0 0 2 3 9 10 12 14 16 23 26 27 30 31 31 33 33 38 45 47 0 0 161 193 203 225 236 419 459 505 556 585 667 671 818 823 844 896 958 990
67.4603174603 43.0894308943 20 0 1 2 5 8 8 13 13 15 16 19 20 20 22 22 31 34 39 39 47 0 161 166 181 211 243 349 468 516 612 619 622 675 691 701 763 821 846 953 998
69.246031746 40.162601626 20 0 1 3 15 16 19 21 21 22 23 24 26 26 38 40 41 43 44 48 49 0 0 138 229 272 284 327 349 400 419 440 445 467 551 670 695 709 717 778 895
64.4841269841 50.243902439 20 0 6 7 9 14 15 16 17 20 21 24 29 30 31 35 36 36 36 42 44 0 168 177 190 224 330 364 408 528 539 562 573 582 594 645 692 720 879 893 987
58.7301587302 72.6829268293 20 0 0 3 3 4 4 15 16 21 21 24 26 26 27 27 30 39 43 43 49 0 145 198 210 224 301 319 322 552 622 658 690 709 825 832 858 914 928 951 978
75.1984126984 47.9674796748 20 0 3 6 12 14 19 20 22 24 30 31 31 31 34 37 46 46 46 47 48 0 0 110 151 185 231 364 444 482 582 587 612 728 751 781 806 865 869 947 967
49.4047619048 44.3902439024 20 0 6 6 9 16 19 22 26 27 27 28 28 31 33 37 38 40 40 48 48 0 279 284 289 365 375 424 513 538 556 577 582 591 624 629 656 757 767 776 903
77.5793650794 55.1219512195 20 0 0 0 8 8 9 9 12 16 19 20 21 22 25 32 32 37 43 45 46 0 0 100 104 206 239 248 307 410 486 534 556 623 673 802 906 917 924 961 980
76.5873015873 30.8943089431 20 0 2 4 4 9 10 11 12 13 18 19 28 29 31 31 38 45 46 47 49 0 108 175 179 180 352 428 609 662 663 665 689 781 796 853 860 875 889 927 968
54.5634920635 50.8943089431 20 0 1 2 5 10 11 12 16 18 19 20 20 20 20 22 27 35 44 45 47 0 168 205 225 230 262 273 302 332 339 382 465 553 664 665 732 905 916 983 987
31.9444444444 47.9674796748 20 0 2 7 11 16 16 17 19 22 25 29 31 32 32 34 36 41 42 44 45 0 344 436 445 447 465 476 514 536 586 637 668 695 746 807 833 844 868 963 972
79.5634920635 54.4715447154 20 0 2 4 8 8 11 14 15 18 18 19 20 21 23 23 26 33 34 37 42 0 0 110 230 249 335 371 383 470 478 480 519 574 596 695 748 756 877 885 894
43.6507936508 22.6016260163 20 0 5 9 10 12 12 13 14 16 17 17 25 25 29 30 34 35 39 40 40 0 0 111 137 219 264 303 315 415 428 464 510 588 622 734 787 867 879 954 996
50.7936507937 46.6666666667 20 0 2 3 4 6 6 16 25 30 34 34 37 38 38 39 39 40 41 41 46 0 130 241 244 253 285 384 395 426 540 607 820 820 821 821 863 873 910 922 950
85.7142857143 36.2601626016 20 0 0 0 5 6 8 14 17 18 18 21 22 25 25 26 27 33 35 35 41 0 126 127 231 322 338 412 497 515 529 536 648 694 769 773 850 880 894 961 967
82.3412698413 24.3902439024 20 0 0 7 11 12 13 15 18 20 22 25 29 32 36 39 40 40 42 48 49 0 143 282 294 302 311 355 360 416 420 481 519 564 647 767 772 789 915 938 973
49.0079365079 53.3333333333 20 0 0 0 1 6 6 7 9 12 16 18 19 20 21 26 29 31 36 41 46 0 0 127 139 203 232 243 485 650 650 719 739 743 841 847 876 939 943 952 953
54.3650793651 31.2195121951 20 0 0 0 2 2 4 4 6 17 18 21 25 26 27 39 40 42 45 45 46 0 133 146 205 256 311 324 350 479 480 531 538 546 674 690 715 752 857 876 954
58.9285714286 55.9349593496 20 0 1 2 7 9 12 14 17 17 20 22 23 25 32 34 36 40 43 43 45 0 110 235 253 326 346 497 523 572 749 800 803 808 829 845 900 945 948 955 969
52.1825396825 80.0 20 0 0 2 2 3 6 10 16 17 21 22 23 28 29 34 41 42 45 48 48 0 0 243 303 371 440 452 489 575 599 674 756 843 859 863 868 931 945 973 990
38.8888888889 14.3089430894 20 0 1 4 6 10 12 13 15 15 16 18 20 30 33 35 35 38 38 40 44 0 0 122 141 261 312 353 464 488 532 565 636 645 661 704 789 886 915 960 973
60.5158730159 35.7723577236 20 0 1 1 10 11 12 21 23 24 25 26 26 26 29 31 40 42 48 49 49 0 115 341 351 415 421 434 444 473 480 502 604 694 737 742 837 847 880 940 980
41.2698412698 40.487804878 20 0 2 3 3 6 12 13 15 15 17 19 24 27 33 35 38 42 44 48 49 0 194 237 255 305 358 365 547 580 612 670 717 739 740 819 827 864 879 914 968
47.4206349206 61.4634146341 20 0 0 3 6 8 16 18 27 27 29 33 33 34 35 35 36 38 42 43 49 0 0 147 147 184 217 338 351 409 416 417 622 629 683 689 792 840 952 957 982
38.6904761905 71.7073170732 20 0 0 0 0 1 3 4 5 7 13 21 22 23 23 24 28 32 36 40 43 0 100 100 109 174 211 245 400 408 420 467 484 492 545 644 706 793 891 931 968
56.3492063492 44.8780487805 20 0 2 4 6 10 15 20 24 25 27 29 29 35 37 38 39 42 46 47 47 0 0 116 215 298 451 485 488 494 510 631 647 655 681 689 723 734 854 962 972
85.119047619 74.1463414634 20 0 0 3 5 5 5 6 20 20 22 23 27 27 28 31 32 40 41 45 46 0 140 209 267 295 312 323 342 365 434 491 508 578 647 810 816 820 821 829 909
76.9841269841 61.3008130081 20 0 2 6 7 11 21 22 25 26 28 30 31 31 32 32 35 35 39 42 48 0 167 169 217 225 259 292 366 438 633 647 654 661 695 716 739 741 805 808 810
29.9603174603 45.0406504065 20 0 2 6 6 7 10 10 12 15 16 16 21 25 28 30 31 31 37 40 48 0 0 236 279 292 328 360 369 377 434 524 524 528 627 732 833 834 846 922 936
57.5396825397 27.8048780488 20 0 2 2 3 5 7 8 10 12 15 23 24 24 29 34 36 36 40 43 45 0 101 128 153 167 203 253 338 376 400 457 507 534 567 571 644 648 827 929 931
0.0 44.0650406504 20 0 0 3 6 6 16 21 26 26 29 30 37 38 42 42 43 43 44 46 48 0 192 224 255 265 278 296 408 418 468 471 476 514 608 612 699 772 854 908 976
46.0317460317 47.1544715447 20 0 0 6 12 15 15 15 18 19 19 23 27 28 35 35 39 40 44 48 49 0 109 123 131 229 238 262 331 362 370 416 530 617 641 681 739 778 779 947 971
40.4761904762 0.0 20 0 1 1 2 3 4 6 11 17 22 24 26 29 30 31 32 33 34 35 46 0 142 161 171 221 402 479 512 544 544 572 589 619 697 707 741 824 850 873 983
35.3174603175 100.0 20 0 4 8 10 12 12 13 14 17 18 19 24 24 28 29 33 33 39 39 49 0 131 131 141 161 197 208 232 250 320 363 438 446 517 570 572 644 650 703 752
10.3174603175 44.8780487805 20 0 6 7 9 12 15 15 19 20 23 24 26 36 37 43 43 45 48 49 49 0 0 104 109 133 209 421 459 472 484 490 510 568 615 716 785 798 943 946 972
64.0873015873 27.1544715447 20 0 3 4 8 9 10 10 12 13 18 24 27 34 42 42 44 45 45 45 47 0 0 109 259 267 268 384 466 490 638 711 752 754 757 767 811 921 935 950 951
70.8333333333 41.9512195122 20 0 2 2 5 6 7 8 9 17 18 21 28 28 30 31 31 34 37 37 37 0 142 209 271 351 389 400 483 520 581 635 641 720 762 791 797 856 856 861 926
53.5714285714 44.5528455285 20 0 2 9 10 11 11 11 14 14 27 30 33 36 36 36 37 37 39 43 44 0 123 166 214 250 283 336 531 592 660 662 690 740 776 792 819 914 921 965 981
55.5555555556 50.406504065 20 0 5 11 13 17 18 29 30 30 32 33 34 37 38 40 41 42 42 45 49 0 184 222 256 438 526 533 560 640 656 853 875 884 897 936 955 959 992 993 993
30.1587301587 51.7073170732 20 0 6 6 7 7 12 17 21 24 25 27 28 29 35 37 37 38 39 41 47 0 222 260 274 299 322 340 346 354 370 470 477 507 585 785 839 846 879 952 989
61.7063492063 37.7235772358 20 0 2 3 5 6 6 10 11 11 13 19 29 30 31 33 44 45 45 46 47 0 169 239 241 305 347 361 432 494 532 534 659 725 804 811 879 913 927 936 971
37.3015873016 49.2682926829 20 0 5 7 7 11 11 15 21 23 23 25 26 34 37 39 41 41 49 49 49 0 104 126 163 258 314 353 356 360 363 470 527 560 567 753 758 770 788 864 977
64.0873015873 20.8130081301 20 0 0 1 3 6 12 14 15 22 22 24 28 28 32 33 35 36 46 46 49 0 168 174 278 304 306 400 402 448 466 490 560 574 645 674 726 781 915 917 997
56.5476190476 36.9105691057 20 0 1 1 2 5 7 8 9 10 12 13 18 19 20 26 27 27 27 37 39 0 116 143 249 265 344 426 448 490 491 530 590 639 782 792 809 828 897 943 969
29.7619047619 41.6260162602 20 0 2 4 5 6 11 11 11 12 12 14 14 14 21 23 24 28 31 32 49 0 107 125 286 356 373 380 389 424 542 544 604 715 722 748 757 774 832 934 941
60.119047619 43.0894308943 20 0 3 3 7 9 14 15 16 19 21 21 22 22 23 25 26 36 38 39 49 0 105 162 183 261 367 509 553 566 570 606 608 673 683 685 801 838 848 893 908
75.7936507937 50.8943089431 20 0 3 8 10 16 17 17 22 24 26 33 33 35 41 41 43 46 46 47 48 0 0 120 161 165 214 280 300 310 346 347 377 390 497 557 565 713 731 823 982
33.5317460317 55.9349593496 20 0 1 5 7 9 12 13 13 18 19 21 21 22 29 35 36 38 39 41 46 0 101 181 184 192 290 408 412 434 488 508 510 536 604 657 688 700 709 885 957
64.880952381 50.243902439 20 0 0 1 1 2 4 11 12 14 16 25 29 33 33 37 37 39 45 47 47 0 100 162 192 198 342 355 422 487 543 634 700 743 755 764 849 869 917 937 978
38.2936507937 58.5365853659 20 0 1 2 4 6 7 8 14 15 17 22 30 30 32 34 37 39 40 42 42 0 106 114 203 243 263 294 305 345 488 508 514 621 693 695 763 797 882 943 995
14.6825396825 34.9593495935 20 0 0 1 3 3 4 4 5 19 21 25 31 31 32 34 35 37 37 43 45 0 126 225 290 324 353 447 449 458 544 690 715 735 739 831 854 898 937 942 971
91.0714285714 41.6260162602 20 0 2 5 11 12 15 16 19 21 27 28 31 31 32 36 38 39 48 48 48 0 0 111 190 201 279 285 310 422 484 505 528 609 634 740 845 901 926 927 979
59.9206349206 51.8699186992 20 0 7 8 12 15 17 18 18 21 21 22 22 25 31 35 35 36 39 39 42 0 104 222 278 306 329 349 352 402 502 576 637 646 680 694 726 884 934 956 987
55.1587301587 50.081300813 20 0 8 15 16 18 20 21 24 26 28 28 29 30 34 35 43 44 45 45 47 0 136 159 219 219 271 434 477 488 506 576 595 598 619 640 730 763 779 797 892
33.7301587302 42.6016260163 20 0 2 2 3 8 10 12 13 16 18 19 19 26 33 38 38 42 43 46 47 0 114 215 242 253 362 376 455 469 513 525 570 603 747 789 802 804 892 933 999
78.5714285714 30.081300813 20 0 1 4 8 13 14 16 22 22 23 29 31 31 31 32 34 41 43 44 46 0 0 142 201 222 296 455 495 553 561 570 712 744 752 815 831 832 877 896 978
84.9206349206 46.5040650407 20 0 0 3 4 5 9 9 11 16 17 19 19 21 23 25 31 37 38 44 46 0 107 188 258 387 454 537 560 607 625 632 651 702 761 800 950 956 966 979 986
52.9761904762 60.487804878 20 0 7 8 12 17 21 22 22 23 29 30 36 38 39 41 42 43 43 48 49 0 138 146 233 241 273 397 413 460 512 515 568 620 694 721 796 836 902 964 965
45.2380952381 47.1544715447 20 0 2 11 16 23 23 26 28 28 33 36 37 39 41 43 43 43 44 47 48 0 127 303 306 349 370 531 619 667 695 711 742 744 746 852 859 930 943 952 965
75.3968253968 79.837398374 20 0 4 6 8 8 13 15 18 23 25 26 28 28 31 38 38 39 42 45 48 0 0 126 155 219 237 315 376 528 548 563 600 681 752 763 806 821 854 879 942
67.0634920635 52.0325203252 20 0 11 12 14 17 18 20 21 21 22 26 27 27 39 39 41 41 42 43 44 0 0 157 164 167 254 322 327 402 466 468 480 486 499 561 579 645 793 794 796
45.8333333333 25.3658536585 20 0 1 5 7 7 7 10 12 12 14 15 18 20 29 30 33 36 38 46 48 0 102 191 201 251 302 365 378 469 526 600 622 714 726 756 769 840 903 918 918
45.4365079365 40.6504065041 20 0 6 11 13 15 15 15 20 23 23 26 26 28 31 32 37 40 43 44 45 0 0 159 164 329 350 462 469 470 573 595 631 714 727 803 855 866 892 940 953
39.6825396825 19.674796748 20 0 1 8 9 10 12 12 13 21 25 26 27 29 32 34 34 37 44 45 49 0 125 195 199 370 403 484 518 518 544 600 606 622 714 722 765 786 905 971 998
52.7777777778 45.2032520325 20 0 1 5 8 15 19 20 21 22 24 25 26 29 30 35 41 43 43 44 46 0 0 109 120 122 197 276 383 430 513 556 659 665 792 861 915 933 939 951 963
50.9920634921 46.5040650407 20 0 0 3 5 7 7 11 13 14 25 27 32 33 36 40 40 40 41 42 47 0 148 211 243 357 365 386 484 506 592 595 599 688 750 768 814 902 935 987 998
40.2777777778 49.593495935 20 0 1 7 11 14 17 18 22 22 30 31 34 42 43 44 45 45 45 47 48 0 273 385 431 470 543 577 588 632 647 715 739 759 771 797 821 941 944 958 971
48.4126984127 65.0406504065 20 0 4 5 10 12 14 15 16 21 23 23 24 26 26 27 41 43 43 47 49 0 146 201 293 319 368 371 445 456 589 662 765 812 838 870 879 925 933 956 992
59.126984127 19.837398374 20 0 0 1 3 5 5 10 12 13 18 20 20 20 31 34 41 44 46 46 47 0 104 122 185 230 234 257 291 291 355 410 422 457 462 490 530 600 617 794 838
39.6825396825 50.8943089431 20 0 5 11 11 16 24 24 27 30 30 30 34 39 40 40 42 42 44 44 48 0 172 252 321 507 508 578 611 619 649 729 748 751 763 789 818 883 915 952 983
55.9523809524 19.0243902439 20 0 3 9 9 11 12 16 17 19 22 25 27 29 30 33 33 46 48 48 49 0 105 245 262 284 302 461 478 479 480 536 545 559 653 656 686 733 800 856 897
26.3888888889 52.3577235772 20 0 0 6 8 10 10 13 22 23 24 26 29 30 32 33 35 38 40 43 46 0 352 463 475 490 509 534 571 619 666 690 716 744 781 783 794 805 920 945 945
65.2777777778 49.2682926829 20 0 0 4 7 7 8 13 14 15 17 17 23 29 29 31 31 37 37 45 45 0 104 154 202 221 224 227 273 351 389 423 505 617 641 676 676 746 837 897 925
59.126984127 45.6910569106 20 0 1 3 8 9 9 10 20 21 25 26 26 28 35 37 38 39 39 40 42 0 155 194 208 314 325 390 425 553 588 597 681 709 711 777 927 939 944 969 976
86.7063492063 57.3983739837 20 0 0 2 4 8 13 15 17 17 26 26 33 33 35 36 36 37 38 40 48 0 0 126 313 314 319 460 475 624 714 742 779 789 794 835 849 878 942 944 972
68.253968254 68.4552845528 20 0 1 1 2 3 4 5 8 15 19 19 23 27 30 35 37 37 38 47 49 0 0 106 112 265 327 361 370 471 475 484 553 568 634 650 747 761 865 907 967
66.4682539683 54.1463414634 20 0 0 1 2 3 7 10 15 15 16 17 19 19 22 23 24 25 32 46 48 0 157 182 306 385 462 487 561 567 609 664 739 803 841 863 869 874 913 916 953
30.5555555556 69.756097561 20 0 1 5 9 11 17 17 17 18 21 21 22 27 33 33 36 37 41 44 49 0 0 123 161 246 270 287 311 324 345 357 456 457 574 594 802 814 856 861 926
20.6349206349 24.8780487805 20 0 1 4 9 14 14 18 26 27 30 33 36 38 41 42 43 45 45 46 48 0 0 189 190 197 207 221 306 339 360 473 506 536 653 671 697 858 946 968 971
27.5793650794 29.1056910569 20 0 2 3 8 12 13 21 26 27 27 30 35 37 40 43 45 46 47 48 48 0 129 192 311 327 404 411 467 500 529 606 639 674 675 677 850 913 917 942 975
77.1825396825 55.6097560976 20 0 0 3 5 5 7 9 12 15 15 21 26 35 38 40 44 45 46 46 47 0 0 196 214 247 253 316 379 460 527 542 575 581 615 620 721 791 943 945 978
68.4523809524 23.5772357724 20 0 0 3 3 4 8 10 13 14 15 16 19 20 25 26 29 41 42 43 47 0 121 129 155 208 284 294 329 420 448 544 573 605 620 621 695 709 713 925 976
61.7063492063 50.406504065 20 0 1 1 2 7 8 9 11 12 13 14 16 18 27 36 41 44 45 46 46 0 0 110 205 342 356 357 392 477 491 697 708 720 818 820 844 871 917 953 990
54.1666666667 46.9918699187 20 0 0 1 2 4 4 5 7 12 13 16 16 27 32 33 34 34 35 42 48 0 110 168 199 215 220 230 408 421 498 533 610 665 669 673 677 706 719 823 842
14.2857142857 85.0406504065 20 0 1 6 8 10 12 16 17 20 24 26 27 28 28 30 33 34 39 42 46 0 0 117 208 225 263 264 276 288 330 488 536 542 635 656 734 757 846 905 984
63.4920634921 54.3089430894 20 0 1 2 4 11 12 13 13 17 20 21 23 26 30 30 31 36 39 40 41 0 223 228 251 289 289 290 322 400 421 532 619 667 760 773 803 841 909 972 980
48.4126984127 29.756097561 20 0 4 5 5 6 8 9 9 13 17 17 18 20 22 27 29 36 39 39 46 0 192 193 197 247 264 280 290 317 365 419 435 448 461 696 729 795 877 929 929
85.7142857143 75.1219512195 20 0 6 9 10 12 17 20 24 26 27 30 32 32 39 39 39 41 43 45 49 0 237 270 283 340 365 426 429 446 477 477 494 566 660 687 750 769 883 931 961
66.0714285714 35.4471544715 20 0 0 2 5 9 14 15 16 21 23 25 26 26 26 32 38 39 40 47 47 0 0 143 360 393 452 492 512 522 535 548 573 601 608 723 744 845 855 915 938
76.5873015873 41.3008130081 20 0 2 4 15 16 16 18 19 24 34 36 37 38 39 42 44 45 47 48 49 0 0 149 206 379 418 431 498 498 588 590 694 707 731 771 847 885 896 925 980
61.5079365079 62.2764227642 20 0 0 1 6 8 10 11 12 26 26 27 29 31 37 38 39 43 44 47 47 0 0 199 199 232 233 359 460 467 481 544 550 563 600 653 704 707 837 890 984
67.0634920635 64.2276422764 20 0 4 5 7 11 11 15 16 17 21 24 27 33 35 36 37 37 43 44 45 0 167 201 302 340 380 386 393 400 417 426 546 570 582 588 651 686 849 864 984
91.4682539683 66.0162601626 20 0 5 9 14 15 16 17 25 25 30 30 35 35 36 38 38 41 43 48 48 0 0 160 197 202 245 272 433 442 473 482 516 603 606 610 811 828 906 930 963
71.4285714286 67.1544715447 20 0 0 2 5 8 12 13 18 22 23 24 26 27 35 39 41 41 42 48 49 0 107 126 128 141 155 212 310 340 348 383 399 416 521 562 636 681 686 694 815
81.1507936508 37.5609756098 20 0 0 2 5 6 8 8 18 20 23 24 27 36 36 36 37 37 43 46 48 0 265 297 310 352 358 373 458 615 630 639 653 717 782 848 855 908 926 958 975
60.3174603175 22.2764227642 20 0 0 5 6 10 10 11 15 17 18 20 21 23 24 26 31 35 46 47 49 0 106 112 144 184 236 345 370 385 553 587 610 637 768 778 823 852 967 979 981
66.0714285714 27.6422764228 20 0 2 4 5 7 7 12 14 17 18 29 32 34 34 34 36 40 40 44 49 0 0 183 193 284 292 310 375 411 443 451 488 491 523 667 680 759 768 949 963
40.4761904762 67.8048780488 20 0 5 10 13 16 23 26 28 28 29 30 31 31 35 39 39 45 46 48 48 0 173 235 380 450 467 537 543 645 672 743 744 768 776 842 855 864 903 924 984
313
56.7010309278 29.5971978984 8
28.5714285714 41.6812609457 2
75.4050073638 57.0928196147 3
55.9646539028 56.2171628722 3
75.5522827688 57.4430823117 2
60.677466863 66.3747810858 2
35.1988217968 53.415061296 5
71.2812960236 38.353765324 4
56.2592047128 62.6970227671 3
54.1973490427 26.4448336252 9
60.677466863 41.6812609457 8
62.7393225331 43.0823117338 7
71.1340206186 41.5061295972 6
70.9867452135 40.8056042032 7
31.5169366716 40.2802101576 4
46.6863033873 43.9579684764 2
42.8571428571 66.5499124343 5
43.7407952872 48.8616462347 7
51.8409425626 14.1856392294 7
51.2518409426 52.5394045534 7
58.6156111929 32.9246935201 8
42.8571428571 46.7600700525 1
72.3122238586 47.6357267951 5
34.0206185567 100.0 6
50.3681885125 56.0420315236 9
61.7083946981 64.7985989492 5
35.7879234168 26.6199649737 1
32.4005891016 39.5796847636 9
38.4388807069 45.3590192644 3
39.911634757 10.5078809107 5
38.8807069219 59.3695271454 2
47.2754050074 31.8739054291 6
29.1605301915 70.0525394046 6
32.8424153166 34.6760070053 8
30.0441826215 70.9281961471 2
38.2916053019 63.3975481611 8
53.9027982327 40.6304728546 5
10.6038291605 55.6917688266 1
30.7805596465 42.7320490368 4
40.795287187 32.7495621716 9
66.4212076583 59.8949211909 4
46.2444771723 37.3029772329 5
73.9322533137 39.4045534151 3
35.1988217968 52.3642732049 6
55.9646539028 53.2399299475 1
48.7481590574 66.7250437828 3
81.4432989691 70.4028021016 6
50.8100147275 38.353765324 5
44.1826215022 50.2626970228 4
35.0515463918 51.1383537653 9
30.6332842415 45.0087565674 3
47.8645066274 39.2294220665 2
37.5552282769 29.0718038529 5
65.8321060383 40.4553415061 9
48.3063328424 37.3029772329 9
64.3593519882 50.4378283713 3
57.5846833579 59.0192644483 2
61.4138438881 55.3415061296 1
34.9042709867 23.642732049 4
93.8144329897 41.5061295972 8
56.7010309278 55.8669001751 4
59.057437408 62.6970227671 2
44.3298969072 59.5446584939 9
65.2430044183 55.8669001751 6
39.322533137 43.0823117338 5
30.7805596465 42.3817863398 5
58.9101620029 51.4886164623 5
54.6391752577 45.7092819615 1
49.9263622975 84.0630472855 6
43.7407952872 35.7267950963 5
56.5537555228 49.0367775832 2
77.3195876289 40.2802101576 3
49.9263622975 72.3292469352 4
47.7172312224 74.6059544658 9
29.4550810015 31.8739054291 4
50.6627393225 76.357267951 9
68.9248895434 44.1330998249 6
54.6391752577 5.25394045534 5
39.175257732 55.6917688266 5
42.5625920471 61.4711033275 3
37.5552282769 62.8721541156 8
47.1281296024 53.2399299475 3
49.6318114875 48.6865148862 3
40.500736377 37.8283712785 9
100.0 63.7478108581 3
0.0 53.765323993 2
46.5390279823 37.6532399299 8
47.7172312224 36.9527145359 9
77.4668630339 38.8791593695 7
72.6067746686 75.6567425569 7
38.8807069219 37.4781085814 7
38.5861561119 64.9737302977 9
52.5773195876 91.4185639229 9
39.469808542 50.2626970228 7
37.2606774669 69.0017513135 9
73.3431516937 75.6567425569 5
67.0103092784 17.8633975482 4
54.7864506627 56.3922942207 7
61.7083946981 63.9229422067 7
57.8792341679 63.3975481611 1
42.7098674521 77.9334500876 5
32.8424153166 36.2521891419 2
35.0515463918 71.1033274956 3
50.5154639175 26.2697022767 7
32.5478645066 46.4098073555 6
53.7555228277 59.3695271454 4
57.1428571429 52.7145359019 6
56.1119293078 85.1138353765 3
57.1428571429 61.8213660245 1
51.9882179676 63.2224168126 6
45.8026509573 58.4938704028 3
16.3475699558 63.2224168126 7
64.5066273932 42.0315236427 1
53.7555228277 52.7145359019 9
56.1119293078 60.945709282 9
54.0500736377 29.5971978984 4
66.4212076583 33.0998248687 9
63.9175257732 37.8283712785 8
20.029455081 54.9912434326 5
45.2135493373 49.0367775832 2
66.8630338733 57.7933450088 8
48.1590574374 21.1908931699 6
48.6008836524 51.8388791594 3
76.1413843888 32.3992994746 4
51.2518409426 64.6234676007 7
30.6332842415 40.1050788091 4
47.7172312224 79.5096322242 5
69.0721649485 40.4553415061 6
31.8114874816 28.7215411559 2
65.8321060383 54.11558669 2
71.8703976436 33.9754816112 6
27.0986745214 37.3029772329 5
44.0353460972 54.9912434326 1
53.3136966127 52.8896672504 3
63.0338733432 42.3817863398 1
60.382916053 29.4220665499 2
58.4683357879 54.2907180385 4
62.4447717231 33.4500875657 5
86.5979381443 38.8791593695 7
43.2989690722 5.95446584939 3
35.9351988218 58.6690017513 8
26.8041237113 22.942206655 1
57.7319587629 34.5008756567 5
39.911634757 67.6007005254 9
49.6318114875 44.4833625219 9
43.7407952872 59.1943957968 4
61.5611192931 71.1033274956 2
69.0721649485 29.0718038529 5
56.9955817378 52.1891418564 6
46.8335787923 65.4991243433 4
78.7923416789 4.02802101576 3
71.4285714286 55.6917688266 9
37.8497790869 13.3099824869 3
66.1266568483 54.6409807356 9
34.7569955817 43.0823117338 6
78.0559646539 71.2784588441 8
45.5081001473 53.2399299475 9
36.9661266568 33.8003502627 6
53.7555228277 40.6304728546 1
49.7790868925 36.9527145359 8
80.412371134 44.4833625219 6
39.911634757 59.1943957968 8
48.8954344624 66.9001751313 7
63.3284241532 58.1436077058 7
53.1664212077 59.3695271454 4
68.1885125184 49.9124343257 9
66.2739322533 46.584938704 9
25.3313696613 56.2171628722 3
56.8483063328 45.0087565674 3
76.4359351988 0.0 9
76.7304860088 46.234676007 9
70.9867452135 33.4500875657 5
54.1973490427 62.8721541156 8
74.6686303387 48.3362521891 7
45.9499263623 39.7548161121 8
59.646539028 27.3204903678 5
76.1413843888 87.9159369527 7
79.675994109 46.4098073555 2
72.0176730486 58.8441330998 3
23.4167893962 54.465849387 7
47.1281296024 48.5113835377 2
59.941089838 36.6024518389 5
49.9263622975 77.408056042 6
41.6789396171 64.0980735552 4
50.5154639175 53.2399299475 4
56.1119293078 67.7758318739 7
68.7776141384 22.2416812609 7
51.5463917526 43.6077057793 9
52.4300441826 48.3362521891 1
46.9808541973 36.4273204904 1
61.2665684831 47.6357267951 6
63.3284241532 67.4255691769 4
40.353460972 65.3239929947 1
44.3298969072 34.3257443082 6
16.6421207658 85.8143607706 7
35.1988217968 41.6812609457 1
27.6877761414 54.11558669 3
58.9101620029 35.9019264448 9
40.058910162 68.826619965 2
39.764359352 50.6129597198 7
31.5169366716 37.6532399299 2
75.6995581738 23.8178633975 5
64.0648011782 64.7985989492 5
53.0191458027 40.9807355517 9
58.1737849779 79.1593695271 1
60.824742268 40.1050788091 6
60.088365243 34.5008756567 1
56.8483063328 40.4553415061 4
34.3151693667 33.2749562172 1
37.9970544919 32.3992994746 2
33.5787923417 61.8213660245 8
43.1516936672 63.0472854641 4
43.7407952872 35.5516637478 6
36.0824742268 58.8441330998 6
55.8173784978 29.2469352014 7
55.2282768778 59.1943957968 2
51.1045655376 53.765323993 1
53.7555228277 38.003502627 3
61.1192930781 57.4430823117 9
36.2297496318 58.8441330998 7
71.5758468336 39.7548161121 5
67.1575846834 69.7022767075 1
63.6229749632 32.5744308231 2
44.1826215022 7.7057793345 8
61.4138438881 64.0980735552 3
45.8026509573 40.6304728546 6
58.3210603829 94.0455341506 8
85.2724594993 26.9702276708 8
34.3151693667 39.054290718 2
52.1354933726 49.2119089317 6
39.469808542 19.2644483363 4
47.1281296024 32.3992994746 2
48.4536082474 8.40630472855 3
35.0515463918 60.0700525394 5
38.2916053019 50.6129597198 8
38.8807069219 62.3467600701 5
73.6377025037 8.93169877408 4
67.7466863034 48.6865148862 8
33.4315169367 46.584938704 5
59.646539028 54.6409807356 8
63.1811487482 29.0718038529 5
35.3460972018 30.6479859895 6
69.3667157585 46.7600700525 2
40.500736377 36.0770577933 2
45.5081001473 39.5796847636 8
56.4064801178 35.9019264448 7
57.8792341679 43.4325744308 9
34.6097201767 34.6760070053 1
49.3372606775 38.353765324 2
57.2901325479 57.2679509632 8
74.2268041237 68.476357268 5
56.2592047128 34.1506129597 8
58.7628865979 65.8493870403 9
49.6318114875 41.1558669002 5
51.1045655376 52.0140105079 9
63.3284241532 48.1611208406 7
32.2533136966 83.887915937 2
11.4874815906 51.4886164623 1
45.2135493373 76.707530648 2
81.1487481591 51.3134851138 5
56.8483063328 40.1050788091 7
42.7098674521 85.4640980736 2
47.4226804124 57.0928196147 4
49.1899852725 42.5569176883 4
43.8880706922 67.9509632224 2
26.2150220913 63.9229422067 5
52.2827687776 38.8791593695 8
70.6921944035 54.2907180385 7
62.2974963181 56.7425569177 8
81.8851251841 46.0595446585 2
59.499263623 13.3099824869 1
47.5699558174 41.8563922942 2
41.0898379971 53.415061296 7
28.2768777614 65.8493870403 2
38.2916053019 54.6409807356 5
34.0206185567 37.3029772329 5
48.0117820324 53.5901926445 5
48.6008836524 33.9754816112 9
52.2827687776 40.4553415061 6
57.1428571429 61.295971979 2
53.9027982327 20.8406304729 1
53.4609720177 25.3940455342 6
84.2415316642 66.7250437828 1
73.4904270987 25.3940455342 8
66.5684830633 55.1663747811 4
56.9955817378 61.8213660245 7
40.058910162 59.3695271454 5
50.5154639175 45.7092819615 2
28.4241531664 50.2626970228 2
50.3681885125 60.5954465849 2
56.2592047128 19.9649737303 3
60.088365243 67.7758318739 4
59.646539028 59.3695271454 6
53.7555228277 69.877408056 2
54.3446244477 28.3712784588 1
74.5213549337 32.2241681261 8
49.1899852725 32.0490367776 2
57.7319587629 35.7267950963 8
49.3372606775 45.1838879159 7
56.5537555228 18.9141856392 9
43.5935198822 85.1138353765 3
49.6318114875 43.0823117338 3
40.058910162 47.2854640981 4
43.4462444772 45.0087565674 6
35.1988217968 13.1348511384 4
70.5449189985 61.8213660245 1
49.1899852725 70.2276707531 7
38.8807069219 83.1873905429 9
56.5537555228 59.8949211909 6
40.648011782 48.3362521891 5
42.2680412371 71.6287215412 6
50.2209131075 63.7478108581 3
23.7113402062 34.5008756567 7
