247
4.97335701599 41.8426103647 23 0 3 4 5 10 11 12 13 13 15 16 17 22 28 28 38 38 40 41 42 43 45 46 0 106 119 151 193 308 309 362 420 436 447 485 505 508 594 605 615 674 741 752 855 864 926
65.3641207815 70.4414587332 23 0 0 1 2 3 5 9 13 13 16 18 19 22 23 28 28 30 32 32 38 45 47 47 0 0 104 149 156 218 311 313 397 418 442 480 487 494 531 562 577 585 657 738 804 867 921
49.0230905861 12.4760076775 23 0 3 4 4 5 7 9 10 14 17 19 24 24 25 31 32 33 37 39 43 45 45 46 0 106 169 170 191 228 280 321 351 374 427 469 490 499 603 651 739 748 782 867 872 884 901
86.1456483126 47.216890595 23 0 3 5 11 13 13 15 20 22 24 26 32 32 33 34 41 41 44 45 45 47 48 49 0 0 128 153 154 178 198 203 220 280 382 564 572 612 675 720 740 900 913 913 933 944 959
46.0035523979 26.2955854127 23 0 3 5 7 10 10 12 13 18 19 19 20 23 24 25 27 27 31 34 40 41 46 46 0 124 153 201 208 248 310 333 373 396 515 520 542 558 559 606 735 761 790 822 855 928 977
77.7975133215 28.0230326296 23 0 2 4 6 11 13 15 16 17 19 21 26 29 32 33 36 38 41 45 46 46 47 49 0 0 119 253 297 374 380 401 407 456 465 505 514 548 553 605 638 711 741 770 879 943 990
56.1278863233 5.18234165067 23 0 4 5 12 12 12 17 18 19 20 22 28 29 31 34 36 36 36 42 45 47 48 49 0 102 138 180 205 283 312 323 338 435 510 518 543 547 562 565 594 622 674 685 769 859 863
81.1722912966 63.5316698656 23 0 1 7 8 11 12 12 13 14 17 19 20 26 28 31 32 33 34 40 40 44 45 49 0 125 224 244 284 315 353 360 390 398 402 445 452 470 489 658 669 681 856 869 938 942 959
46.5364120782 56.0460652591 23 0 0 2 4 6 8 10 12 14 17 19 22 22 24 27 30 36 36 37 39 41 42 45 0 0 107 427 438 528 556 569 595 602 639 698 711 745 747 771 828 832 845 868 873 938 954
97.6909413854 32.4376199616 23 0 0 2 6 7 8 11 11 16 25 27 29 29 33 34 35 36 38 39 43 49 49 49 0 170 266 285 297 321 363 442 457 511 527 566 583 617 758 763 783 818 827 872 879 913 965
50.9769094139 54.3186180422 23 0 1 1 6 15 17 17 17 18 22 24 24 25 26 32 33 35 37 37 39 42 47 49 0 0 233 323 356 377 408 450 463 474 475 492 502 632 743 755 766 859 871 873 913 918 926
63.055062167 21.3051823417 23 0 1 4 8 10 11 12 14 14 15 15 17 20 24 29 31 33 34 37 38 38 38 42 0 0 142 186 197 209 264 279 367 459 508 615 649 657 797 799 838 850 859 875 897 944 984
38.8987566607 83.877159309 23 0 0 1 4 8 8 9 14 15 18 19 21 24 25 28 31 34 36 37 39 39 42 46 0 157 174 193 197 209 249 324 398 457 487 502 525 558 597 699 738 782 829 884 902 921 939
77.6198934281 60.0767754319 23 0 1 4 6 11 11 15 18 19 22 23 26 29 30 30 31 34 35 37 44 47 48 49 0 160 229 294 306 309 434 439 472 508 547 547 592 603 610 618 664 683 821 848 868 873 978
46.1811722913 63.339731286 23 0 0 9 12 13 13 15 15 20 21 22 24 25 26 29 30 32 37 38 39 42 42 49 0 136 142 168 170 171 210 239 274 382 399 403 552 563 573 630 638 639 691 788 819 869 949
52.5754884547 53.5508637236 23 0 5 5 5 10 11 14 15 21 21 22 24 27 28 28 32 33 38 39 41 43 46 47 0 101 101 118 182 219 222 517 531 589 671 673 676 717 733 767 794 801 837 932 945 956 987
20.0710479574 32.0537428023 23 0 0 1 3 5 11 14 15 17 19 21 25 29 33 35 36 37 39 44 45 45 45 48 0 0 147 213 219 231 244 305 346 466 497 523 526 542 546 630 632 887 893 929 972 985 993
48.3126110124 28.9827255278 23 0 0 1 2 3 5 5 6 9 11 14 16 17 21 22 24 26 34 35 39 41 43 44 0 162 177 199 227 277 321 342 357 403 440 464 470 493 561 598 667 701 735 835 908 925 985
60.568383659 49.1362763916 23 0 1 3 5 6 8 12 14 17 21 22 22 23 27 29 29 30 35 40 41 42 44 49 0 0 154 213 300 339 395 405 465 595 607 607 628 633 674 680 691 714 746 766 776 866 950
65.1865008881 28.0230326296 23 0 0 0 5 8 11 12 13 15 16 17 17 19 19 20 21 23 23 24 25 28 32 37 0 158 183 240 256 271 318 366 403 440 483 487 487 578 687 701 731 749 800 842 849 978 999
61.2788632327 47.9846449136 23 0 1 1 2 4 5 5 6 12 18 23 24 26 28 28 29 30 37 41 42 43 45 49 0 132 293 294 350 396 405 413 415 441 476 484 557 579 579 737 775 899 952 966 971 985 999
63.5879218472 62.763915547 23 0 5 5 8 9 12 21 22 23 24 24 26 33 34 35 35 36 37 37 39 40 41 44 0 125 198 205 238 279 314 329 361 400 430 455 499 501 606 636 652 719 733 813 840 940 999
70.8703374778 56.2380038388 23 0 1 1 6 9 11 14 14 14 17 17 17 18 19 20 25 35 39 40 43 46 46 47 0 176 215 306 332 416 443 585 643 652 688 699 741 742 743 747 760 782 808 823 851 966 978
52.7531083481 39.5393474088 23 0 0 3 5 11 11 11 14 19 26 26 32 35 36 37 38 38 41 42 45 46 47 48 0 0 103 122 176 219 275 297 319 364 509 592 610 696 774 775 777 792 850 852 963 980 990
44.0497335702 58.1573896353 23 0 0 4 6 9 11 22 23 23 25 25 26 30 30 30 33 33 44 45 47 48 48 49 0 233 280 288 330 365 445 494 570 574 660 698 706 742 761 769 830 839 880 882 914 945 984
81.8827708703 43.9539347409 23 0 1 2 10 12 12 14 20 20 21 24 25 31 32 32 36 40 42 43 46 46 49 49 0 0 101 155 197 267 318 368 376 401 456 488 506 536 674 701 764 793 822 867 872 923 954
57.0159857904 45.4894433781 23 0 1 3 4 5 10 10 11 13 13 15 16 16 21 26 27 28 29 31 37 41 43 44 0 0 141 149 193 215 248 278 285 420 456 479 517 538 692 725 755 765 844 874 967 994 997
69.9822380107 11.9001919386 23 0 0 1 2 3 3 3 5 5 19 20 22 23 28 35 35 39 43 43 44 46 46 47 0 0 122 263 325 330 353 361 379 427 493 533 548 572 652 690 856 884 887 892 899 935 967
57.3712255773 49.5201535509 23 0 1 1 2 8 11 18 20 22 23 25 29 31 32 33 39 40 45 45 45 46 47 49 0 118 122 132 138 165 216 329 392 432 457 532 649 674 751 785 832 852 894 897 943 981 989
60.3907637655 13.4357005758 23 0 0 0 8 8 10 12 15 15 18 19 25 25 31 32 34 37 40 41 44 45 47 49 0 0 105 171 222 338 345 389 390 422 431 483 548 561 566 589 625 791 820 867 916 970 991
78.6856127886 28.0230326296 23 0 8 9 14 18 18 23 29 33 34 35 35 40 40 41 41 41 42 42 42 44 44 49 0 157 284 303 310 322 406 484 511 519 550 557 578 642 661 682 689 758 759 764 783 851 874
60.568383659 69.2898272553 23 0 0 11 13 17 18 18 22 25 27 28 35 36 37 37 40 40 44 45 47 47 49 49 0 116 160 178 200 272 281 301 348 434 518 558 566 595 624 678 702 758 867 898 945 976 979
80.1065719361 0.0 23 0 2 4 5 5 7 7 8 11 14 15 19 20 20 21 23 24 25 26 31 32 40 44 0 187 252 259 270 314 374 486 487 533 585 597 601 606 645 663 706 816 833 865 907 955 994
92.539964476 71.7850287908 23 0 4 4 6 10 15 16 16 17 19 27 28 31 31 32 41 42 44 45 46 48 48 48 0 0 129 132 161 163 175 192 273 402 449 463 496 596 620 721 771 862 877 892 939 940 963
51.3321492007 75.0479846449 23 0 4 5 7 10 10 14 16 19 21 21 24 27 27 30 30 35 35 37 38 39 40 42 0 107 189 201 220 248 249 357 391 391 479 481 518 627 648 685 693 694 711 760 815 889 926
39.9644760213 11.3243761996 23 0 3 4 5 8 8 8 9 9 12 14 15 16 17 23 28 34 36 37 37 42 44 49 0 0 153 153 167 206 295 313 367 382 449 549 564 579 797 802 821 840 902 923 937 968 993
66.2522202487 24.3761996161 23 0 0 0 3 8 8 10 11 11 13 15 19 25 31 33 35 36 36 38 39 40 41 45 0 156 159 184 223 236 255 291 344 457 465 470 472 549 550 564 671 699 768 823 962 968 998
37.4777975133 42.6103646833 23 0 2 3 4 7 8 10 12 12 14 27 28 34 34 40 41 43 45 46 46 47 47 47 0 0 102 186 241 253 259 260 294 308 343 376 406 419 434 551 574 617 771 796 840 933 961
26.4653641208 21.8809980806 23 0 4 5 5 7 10 13 15 16 18 20 20 23 27 27 28 29 29 32 37 37 39 47 0 116 131 132 209 256 295 312 334 355 380 394 397 401 403 407 432 468 471 585 688 783 807
51.5097690941 62.763915547 23 0 3 5 6 11 13 13 14 14 17 18 22 24 28 28 29 30 32 37 38 43 48 49 0 121 167 235 250 324 359 388 424 431 479 486 497 499 532 609 611 640 772 810 857 903 910
43.6944937833 31.8618042226 23 0 3 10 13 15 16 24 25 26 27 31 33 35 38 39 40 41 41 42 45 45 47 49 0 0 140 172 186 244 246 286 298 319 397 419 476 532 550 585 622 655 698 744 782 843 861
62.8774422735 44.7216890595 23 0 3 4 5 5 9 10 13 19 21 22 27 27 28 30 30 32 39 40 41 42 45 46 0 254 354 378 415 433 442 489 556 557 587 596 605 683 692 755 787 846 916 926 969 978 980
92.0071047957 39.1554702495 23 0 4 6 16 16 17 17 21 21 21 22 24 26 29 36 36 36 42 42 42 45 46 47 0 132 162 175 208 280 314 329 427 444 509 548 602 673 684 715 790 814 838 896 900 925 995
39.6092362345 26.8714011516 23 0 0 4 5 6 12 14 15 16 22 25 26 30 31 31 34 38 38 39 40 41 42 46 0 0 112 126 127 149 188 245 256 365 379 509 531 538 694 720 880 883 933 971 973 979 986
47.2468916519 57.9654510557 23 0 1 4 6 8 10 11 12 13 13 14 18 32 34 34 35 36 37 39 44 44 44 46 0 140 141 148 199 312 382 383 442 445 535 595 626 665 665 667 722 856 866 881 949 982 999
39.431616341 48.5604606526 23 0 0 1 5 8 8 11 12 12 13 13 14 14 19 21 22 23 29 38 39 39 49 49 0 168 206 259 263 356 365 527 553 560 570 576 581 689 704 854 899 900 908 909 923 924 996
48.3126110124 24.9520153551 23 0 0 2 5 6 9 10 16 18 23 23 24 26 28 31 31 32 40 40 40 41 46 46 0 100 154 221 258 268 276 285 287 400 412 436 559 651 682 745 775 795 819 867 941 957 989
59.1474245115 28.2149712092 23 0 1 1 3 3 5 6 6 8 10 13 16 17 20 23 25 25 27 30 31 32 38 41 0 219 228 320 324 378 407 549 581 584 614 776 792 798 806 841 855 880 882 886 932 935 942
39.0763765542 54.1266794626 23 0 1 1 5 8 8 9 9 10 10 13 13 18 23 30 31 31 34 44 44 45 47 49 0 122 159 183 186 214 221 276 351 384 410 442 517 528 532 606 695 736 737 769 785 880 982
33.7477797513 30.7101727447 23 0 4 4 4 6 7 7 10 13 15 16 16 16 20 20 27 33 35 37 38 43 43 44 0 0 156 157 206 225 238 275 294 353 373 381 439 470 476 537 682 730 747 753 799 934 948
60.3907637655 17.8502879079 23 0 1 2 2 3 4 4 7 14 15 18 18 25 30 31 36 37 37 37 41 43 43 47 0 107 136 146 148 163 186 221 266 291 375 409 428 473 668 678 679 700 730 787 802 832 980
47.2468916519 39.7312859885 23 0 6 7 8 10 15 15 16 17 23 23 23 24 27 28 33 35 36 39 40 41 48 48 0 0 108 159 175 245 281 292 357 362 362 381 388 402 631 661 668 673 704 868 890 902 982
56.4831261101 34.9328214971 23 0 2 6 7 7 7 7 12 13 18 18 20 27 28 28 29 37 38 40 41 41 45 47 0 156 208 253 263 268 291 335 359 364 383 410 425 459 498 524 539 591 620 685 719 830 994
67.6731793961 55.2783109405 23 0 0 3 4 7 8 9 12 15 21 21 22 24 24 26 27 32 36 36 42 43 48 48 0 0 107 123 140 223 300 319 374 414 473 497 536 658 677 678 722 873 908 909 929 930 940
67.8507992895 17.6583493282 23 0 3 6 9 11 18 20 20 27 32 33 34 35 37 38 39 42 45 46 46 47 47 47 0 0 175 175 216 266 404 437 467 535 556 559 586 601 697 713 720 802 845 855 885 944 945
60.9236234458 48.3685220729 23 0 1 6 6 8 10 11 11 12 14 15 16 16 22 26 26 29 31 34 39 42 44 46 0 0 137 191 223 250 265 273 355 413 526 530 538 546 562 579 686 862 898 911 954 954 962
60.3907637655 57.9654510557 23 0 14 15 17 18 20 22 23 23 23 24 25 27 28 29 29 31 35 35 36 37 42 45 0 0 149 204 261 308 395 399 480 483 507 516 519 637 652 707 752 769 789 864 886 943 961
61.811722913 34.1650671785 23 0 1 2 9 10 10 11 11 14 14 17 18 23 31 32 33 34 38 42 42 43 47 49 0 124 150 162 198 212 261 276 319 406 432 461 470 492 510 574 596 735 791 885 891 946 991
43.3392539964 22.0729366603 23 0 0 1 8 8 11 15 16 18 25 26 27 28 28 30 31 31 31 34 36 41 42 49 0 0 118 133 141 191 212 254 266 414 414 483 505 597 781 782 802 805 805 836 906 919 937
55.7726465364 46.2571976967 23 0 1 1 3 8 10 18 19 19 21 21 23 25 27 28 30 32 35 36 38 40 41 45 0 0 188 250 337 402 415 422 532 575 581 664 747 755 772 796 839 868 868 894 919 980 983
39.0763765542 33.0134357006 23 0 0 1 2 3 7 8 11 11 19 25 29 33 35 38 38 42 44 45 47 48 49 49 0 0 102 158 183 198 200 256 330 345 386 473 622 625 626 691 731 813 860 881 954 965 980
51.6873889876 68.7140115163 23 0 4 5 7 8 12 12 12 17 17 19 19 28 29 30 36 40 43 48 48 49 49 49 0 0 147 210 249 278 299 314 346 353 361 392 403 473 500 529 532 560 626 651 661 746 921
49.378330373 100.0 23 0 2 9 9 11 17 18 23 24 24 25 30 33 37 42 44 45 45 45 47 49 49 49 0 110 114 198 199 212 348 390 527 659 684 699 734 741 775 786 787 805 809 815 865 869 914
71.5808170515 60.2687140115 23 0 5 8 8 8 8 9 9 13 14 14 17 19 20 20 23 25 33 34 37 38 47 48 0 112 257 266 280 352 380 410 462 549 625 657 658 714 719 737 762 906 928 943 957 963 977
58.6145648313 42.4184261036 23 0 7 8 8 10 10 13 13 13 15 16 17 17 19 21 21 27 30 37 38 38 39 42 0 0 362 367 413 454 517 520 530 600 621 646 648 649 723 731 736 787 831 849 928 961 972
59.8579040853 34.7408829175 23 0 3 5 6 6 6 9 11 11 16 17 19 25 26 31 34 40 42 44 45 47 49 49 0 0 142 235 271 287 340 389 409 414 442 447 458 491 495 531 563 596 636 829 911 950 960
62.6998223801 33.5892514395 23 0 1 2 2 3 4 6 8 10 15 24 26 26 28 30 34 35 36 38 42 42 45 45 0 0 127 155 165 175 206 226 231 275 278 300 435 492 637 663 690 700 704 759 765 817 902
59.1474245115 67.9462571977 23 0 2 5 8 9 10 12 14 17 20 21 28 28 34 35 36 36 39 40 40 41 43 48 0 127 214 228 247 355 396 396 405 513 535 687 715 767 845 848 866 879 884 943 959 982 982
44.5825932504 58.349328215 23 0 0 3 6 6 12 13 16 17 18 22 24 28 29 30 31 37 38 39 42 43 44 48 0 102 112 168 184 223 231 231 232 278 350 606 696 702 739 744 796 823 846 912 942 952 972
27.3534635879 71.7850287908 23 0 1 4 9 9 9 10 14 18 22 23 23 25 26 27 28 30 34 34 42 45 46 48 0 0 111 199 203 203 220 225 264 309 310 498 508 519 628 643 660 688 701 867 899 971 993
63.055062167 89.0595009597 23 0 0 1 4 6 8 9 11 11 15 17 19 22 22 29 30 34 34 39 45 48 48 48 0 0 159 234 267 279 300 406 411 425 448 476 497 608 682 802 818 830 874 895 959 970 997
48.8454706927 34.1650671785 23 0 2 5 13 13 13 15 15 18 24 24 25 27 32 33 36 36 37 38 39 44 46 47 0 231 280 296 354 363 384 391 469 514 585 590 641 651 693 711 716 800 800 853 859 896 984
56.4831261101 57.197696737 23 0 0 6 9 18 18 21 21 22 23 24 27 27 27 29 29 33 34 36 37 42 46 46 0 101 136 190 230 263 331 377 428 443 476 554 594 633 637 641 718 719 792 845 869 948 970
46.1811722913 51.6314779271 23 0 2 7 13 14 15 17 19 21 21 23 24 27 33 35 35 36 40 42 45 45 48 48 0 0 146 147 276 301 326 347 460 584 606 638 664 684 695 742 772 795 798 815 881 943 974
77.2646536412 19.5777351248 23 0 2 3 4 4 4 5 9 11 12 21 22 23 26 28 28 31 33 34 34 36 39 49 0 109 117 220 249 256 272 277 286 304 380 446 511 532 560 632 705 709 713 826 871 902 972
51.6873889876 35.8925143954 23 0 1 4 5 9 11 13 15 16 17 17 22 24 24 27 28 35 38 39 41 44 47 48 0 202 224 286 301 366 425 447 452 462 493 497 513 549 571 617 659 689 713 786 787 808 816
31.4387211368 40.8829174664 23 0 0 2 2 2 3 16 17 21 23 24 25 26 31 32 32 36 38 39 39 40 41 48 0 111 121 161 189 226 253 257 282 286 313 339 340 376 486 542 546 689 806 809 873 908 933
58.6145648313 34.1650671785 23 0 1 2 9 10 14 15 20 22 24 26 26 27 28 28 33 37 37 42 43 44 44 45 0 101 123 182 183 343 381 396 435 586 642 662 697 702 725 776 801 839 859 876 928 931 943
52.7531083481 27.8310940499 23 0 0 3 3 7 8 10 12 12 14 14 18 19 22 22 27 29 31 32 33 37 45 46 0 196 206 230 283 305 311 314 338 376 442 465 488 506 618 634 743 752 881 897 900 909 972
36.2344582593 64.6833013436 23 0 9 9 10 11 12 12 18 24 28 28 30 30 30 32 33 39 39 40 40 41 42 42 0 0 125 153 193 273 304 309 326 450 524 538 548 585 712 761 810 865 879 889 910 947 967
77.6198934281 4.99040307102 23 0 2 2 4 7 10 11 13 17 22 22 22 22 28 29 30 36 38 39 39 40 40 42 0 0 141 168 179 358 367 390 479 543 548 584 647 724 746 759 819 859 949 969 972 989 998
62.1669626998 53.9347408829 23 0 0 1 2 2 3 4 4 8 10 10 11 15 16 16 22 23 23 25 36 37 40 41 0 107 169 267 296 315 379 397 525 543 635 642 646 696 777 778 798 851 880 915 938 973 995
37.6554174067 73.5124760077 23 0 4 6 10 12 14 15 18 20 20 21 22 22 28 30 30 33 34 38 39 42 43 47 0 164 165 175 226 243 246 257 263 293 357 366 369 370 463 663 679 750 771 777 791 806 851
45.648312611 67.9462571977 23 0 0 0 1 6 7 10 12 14 17 17 18 26 28 34 36 38 42 42 42 43 44 46 0 102 135 145 164 280 285 327 351 352 413 415 433 510 589 660 762 792 807 844 870 960 993
53.9964476021 34.3570057582 23 0 3 3 3 7 8 8 10 16 18 20 22 25 26 27 27 29 34 35 42 42 46 48 0 224 356 382 413 521 537 549 556 562 597 631 673 696 718 723 749 789 790 880 919 933 996
80.9946714032 50.0959692898 23 0 3 4 8 10 14 14 16 17 22 22 23 24 26 34 36 37 38 42 42 48 49 49 0 109 170 183 211 244 263 266 316 378 414 495 545 558 634 641 741 761 769 796 841 954 968
55.7726465364 6.71785028791 23 0 0 0 0 2 4 5 7 16 17 18 18 22 24 25 26 34 37 39 41 41 48 49 0 0 138 156 181 194 223 281 317 323 336 486 519 532 552 595 678 713 794 833 868 925 994
68.0284191829 52.783109405 23 0 1 2 3 7 9 11 16 17 18 27 30 31 35 37 37 39 40 41 42 45 46 49 0 152 200 242 265 324 334 357 429 474 477 502 520 555 605 710 716 790 831 849 862 926 967
77.6198934281 38.1957773512 23 0 1 4 12 15 16 18 21 23 27 28 30 32 35 35 36 37 37 42 44 46 47 48 0 113 141 193 209 225 268 299 305 327 369 372 402 404 534 542 617 622 630 763 807 920 975
56.838365897 33.5892514395 23 0 0 1 1 8 8 8 12 15 19 23 28 29 29 33 34 37 39 39 43 45 48 49 0 0 100 146 158 194 228 280 293 390 466 482 525 558 583 618 665 723 788 870 893 949 997
70.3374777975 13.6276391555 23 0 4 5 6 10 12 12 13 13 14 16 18 18 22 24 30 35 37 39 40 40 41 41 0 132 167 206 223 241 258 314 416 427 513 554 555 587 638 652 826 842 909 911 930 956 957
42.8063943162 15.9309021113 23 0 0 3 4 5 7 8 9 11 12 17 18 25 26 27 27 31 33 34 38 45 46 48 0 103 113 119 244 292 329 393 463 489 496 498 543 635 648 656 667 688 852 865 894 895 949
30.0177619893 65.2591170825 23 0 3 12 13 15 15 17 17 20 24 24 26 27 28 28 29 30 37 38 44 44 48 48 0 0 134 139 192 246 253 276 282 331 411 514 591 604 660 789 808 834 859 890 904 907 975
71.2255772647 36.084452975 23 0 4 7 11 12 13 22 24 24 25 29 31 34 35 36 36 37 40 44 45 46 48 49 0 0 105 153 179 226 303 326 366 401 411 459 461 552 624 635 640 662 672 687 925 935 951
46.0035523979 60.4606525912 23 0 4 6 8 9 9 13 14 14 18 18 18 21 23 27 28 31 32 32 33 37 49 49 0 229 296 319 373 455 490 504 567 576 584 608 618 633 662 696 858 890 912 924 953 977 983
70.8703374778 29.1746641075 23 0 6 7 8 10 11 12 17 20 22 22 23 23 25 28 28 29 38 38 41 42 43 49 0 109 118 171 245 263 324 330 374 416 416 498 551 574 583 670 674 683 705 724 788 943 984
34.1030195382 20.1535508637 23 0 2 3 4 8 10 15 16 20 23 24 26 26 27 29 29 30 35 36 43 44 47 48 0 154 154 199 265 269 284 284 290 378 391 420 448 589 689 706 751 761 821 919 937 937 949
38.7211367673 29.3666026871 23 0 0 2 7 7 7 8 9 11 13 20 23 32 33 38 38 41 41 44 44 45 46 48 0 128 205 239 299 362 405 433 449 503 530 546 568 609 639 641 647 692 744 755 898 910 943
72.4689165187 54.5105566219 23 0 1 3 3 9 11 11 11 12 12 13 16 17 20 22 23 24 26 29 33 36 43 44 0 162 215 221 284 286 324 463 479 499 509 519 552 647 696 723 779 849 865 880 922 952 994
66.4298401421 56.0460652591 23 0 2 2 8 8 16 19 19 20 24 24 27 27 33 34 37 41 42 44 46 47 47 47 0 150 179 194 295 298 313 357 489 497 498 545 560 566 613 772 789 822 838 850 938 945 991
47.0692717584 38.3877159309 23 0 0 0 0 5 5 8 10 12 14 14 17 22 23 27 29 29 29 32 33 34 36 38 0 0 112 195 259 272 276 279 297 298 453 468 480 530 604 615 623 660 735 766 776 791 894
33.5701598579 37.8119001919 23 0 2 3 3 10 11 15 15 15 15 16 18 23 26 29 30 33 33 36 42 46 46 49 0 0 162 193 259 261 262 281 312 315 336 360 437 441 452 568 669 716 814 859 937 984 994
53.8188277087 48.1765834933 23 0 0 2 3 3 8 8 9 9 12 14 17 19 22 22 24 27 33 35 38 40 41 41 0 147 235 275 322 385 401 406 498 510 520 565 578 580 610 630 687 697 764 805 854 931 945
64.1207815275 42.9942418426 23 0 0 2 2 6 7 8 8 10 17 22 28 31 32 33 33 38 38 41 41 43 44 48 0 0 114 127 303 307 318 338 352 500 617 638 653 663 734 779 785 826 865 896 950 987 999
55.7726465364 60.6525911708 23 0 1 1 4 6 7 14 15 20 21 26 27 28 32 38 39 43 44 45 46 46 48 49 0 118 190 196 200 202 211 216 262 310 331 338 495 525 580 582 677 684 723 791 970 978 989
82.4156305506 6.71785028791 23 0 3 3 4 5 8 11 12 13 14 23 24 25 28 29 36 38 38 40 41 42 43 44 0 153 176 215 230 259 291 313 357 408 425 454 468 493 521 648 780 782 861 866 941 957 995
25.2220248668 26.2955854127 23 0 1 6 10 11 11 12 15 15 16 20 20 21 23 23 24 25 26 30 38 38 39 43 0 178 185 259 284 319 368 407 421 439 450 643 672 699 707 732 786 788 805 807 859 877 992
58.7921847247 60.8445297505 23 0 0 1 7 7 9 11 11 18 21 27 28 30 32 38 39 40 41 43 45 45 49 49 0 0 167 174 226 261 263 292 294 412 421 465 497 608 617 651 653 685 789 811 823 977 991
100.0 92.3224568138 23 0 0 0 2 2 5 12 14 15 20 20 23 28 30 33 33 37 40 40 41 42 44 48 0 133 161 210 316 333 342 488 507 522 534 572 582 603 643 676 689 722 737 789 835 978 995
76.5541740675 42.9942418426 23 0 1 2 5 5 10 11 15 15 30 31 32 33 34 36 38 39 42 43 43 46 47 48 0 113 170 187 190 221 260 387 388 405 416 473 479 490 519 594 636 782 796 842 926 961 997
51.1545293073 44.1458733205 23 0 1 6 7 8 12 15 15 21 24 24 33 34 35 37 37 38 39 40 42 43 43 46 0 0 100 194 355 430 440 468 528 559 570 597 624 626 649 666 689 709 716 755 782 988 999
76.5541740675 54.5105566219 23 0 0 3 11 13 14 15 16 17 17 23 24 24 26 28 32 33 37 40 42 44 47 49 0 0 112 114 123 176 223 239 279 356 418 486 505 545 578 618 644 698 879 916 916 978 994
53.4635879218 65.8349328215 23 0 1 4 4 5 7 8 13 13 15 21 25 26 27 32 34 35 35 38 40 40 44 47 0 134 183 231 274 307 322 336 346 482 483 511 603 669 709 736 786 807 875 892 921 972 998
55.0621669627 44.7216890595 23 0 2 3 4 4 7 9 11 12 13 14 17 17 19 23 25 26 26 27 34 36 36 44 0 161 221 269 384 387 455 473 542 631 640 682 688 735 736 840 850 866 892 900 903 978 987
77.0870337478 43.3781190019 23 0 1 2 3 6 9 12 13 15 16 21 21 23 26 29 30 38 39 40 42 43 47 48 0 102 108 121 128 139 145 150 298 312 341 445 478 483 647 655 705 724 781 783 953 955 984
31.0834813499 15.3550863724 23 0 3 4 6 7 7 9 10 15 17 24 25 26 29 32 32 35 35 40 40 41 45 48 0 163 230 326 374 504 537 546 577 597 650 718 742 762 766 772 788 813 864 888 900 933 939
51.3321492007 57.197696737 23 0 1 6 6 10 11 13 15 17 18 20 20 21 32 33 34 35 37 39 39 40 41 47 0 128 160 187 190 229 246 250 271 296 309 354 354 361 574 688 692 877 880 917 922 951 988
53.8188277087 49.7120921305 23 0 5 6 8 12 12 13 14 16 17 20 21 24 28 33 33 35 36 36 39 45 46 49 0 0 113 200 204 219 267 413 469 538 544 548 595 688 693 708 728 732 735 897 949 984 991
47.2468916519 40.8829174664 23 0 1 4 5 8 10 10 11 12 15 16 18 29 30 33 33 33 38 38 43 45 47 48 0 0 133 175 219 361 435 484 503 507 562 580 586 629 633 649 680 694 782 800 816 972 993
43.8721136767 29.3666026871 23 0 1 8 9 11 11 13 13 20 22 26 31 34 35 36 36 38 39 39 43 45 46 46 0 0 107 144 236 259 271 285 372 396 407 435 515 540 668 700 706 726 775 776 830 831 858
60.2131438721 44.9136276392 23 0 2 3 12 15 16 16 17 17 24 25 25 25 27 28 29 30 30 37 38 43 44 47 0 112 212 242 261 270 362 371 390 511 528 562 598 657 677 694 696 769 796 863 880 924 956
69.0941385435 42.4184261036 23 0 2 2 3 4 5 11 11 12 17 23 24 27 27 27 27 28 29 36 36 43 43 44 0 106 126 191 312 329 332 459 481 481 499 521 534 617 657 665 718 771 774 862 945 986 994
63.5879218472 38.5796545106 23 0 1 3 5 6 6 9 10 13 13 13 18 27 28 31 32 34 37 37 37 42 43 44 0 107 162 221 233 297 334 370 395 396 403 445 496 581 585 592 604 606 614 828 846 900 903
78.8632326821 68.7140115163 23 0 1 2 8 9 10 11 13 16 16 19 20 20 24 29 29 33 43 45 46 47 48 49 0 118 128 156 157 198 219 269 388 400 509 525 530 558 638 659 694 695 790 793 795 895 909
41.5630550622 58.5412667946 23 0 0 2 7 7 8 8 13 17 18 21 21 24 25 26 28 32 35 42 43 44 44 48 0 163 189 281 316 331 358 384 401 412 450 533 561 580 601 720 730 766 786 843 880 933 944
77.4422735346 27.0633397313 23 0 7 7 10 10 12 13 15 15 15 16 17 18 23 29 29 32 33 37 41 43 44 46 0 119 188 251 287 339 352 368 475 487 500 500 515 563 657 670 694 702 733 768 937 945 963
68.5612788632 24.5681381958 23 0 4 4 5 11 12 14 15 15 16 17 19 22 28 29 32 32 34 35 37 42 43 44 0 161 228 263 304 350 405 453 489 504 561 564 597 610 795 809 816 834 844 857 868 878 989
69.0941385435 71.7850287908 23 0 2 4 8 8 14 19 19 20 23 26 27 27 27 32 32 34 34 34 43 44 45 48 0 104 110 118 126 227 263 277 349 422 438 511 552 614 661 669 674 708 734 834 845 854 906
52.2202486679 13.0518234165 23 0 1 1 1 3 4 7 9 12 13 15 16 22 25 27 27 27 28 28 32 37 43 44 0 111 126 144 192 198 243 310 315 331 476 553 647 671 710 747 763 793 831 861 895 981 986
58.7921847247 25.9117082534 23 0 0 2 6 10 13 14 14 15 16 21 24 25 30 31 32 33 34 36 39 39 47 49 0 118 151 151 191 205 208 231 235 282 290 318 366 389 398 497 504 527 534 536 640 703 855
43.8721136767 61.2284069098 23 0 1 9 13 13 14 15 17 20 21 24 24 26 27 28 31 34 34 36 39 45 47 48 0 144 178 355 358 360 367 505 509 567 568 604 639 650 657 726 772 783 851 889 893 935 997
46.3587921847 36.660268714 23 0 0 3 3 4 5 6 6 8 9 12 14 15 15 25 27 30 35 37 41 42 44 44 0 0 103 201 202 298 317 342 382 420 465 543 583 591 611 735 786 820 882 890 961 968 969
88.0994671403 34.1650671785 23 0 1 5 5 5 7 8 10 12 12 14 18 18 23 23 26 29 37 40 44 45 48 48 0 165 169 215 220 247 273 314 450 597 603 603 662 662 671 680 751 779 782 812 820 846 979
58.9698046181 48.7523992322 23 0 2 5 5 6 8 11 11 13 18 21 22 24 24 26 27 30 31 32 32 42 45 46 0 126 149 251 275 284 349 379 426 456 465 476 523 528 679 695 708 745 778 834 921 938 981
23.8010657194 70.6333973129 23 0 2 7 8 10 10 17 19 20 20 23 27 28 31 32 40 41 41 43 44 44 45 45 0 156 207 326 383 406 422 454 500 510 524 532 539 565 573 615 627 629 664 701 753 865 978
65.7193605684 46.2571976967 23 0 7 9 11 13 14 15 16 20 20 21 22 24 26 27 29 30 34 35 37 41 49 49 0 153 188 245 271 397 414 494 538 572 648 671 749 751 766 770 812 884 896 922 934 943 976
31.6163410302 48.5604606526 23 0 1 3 4 7 10 11 11 12 15 16 19 20 20 24 26 28 31 32 41 42 42 44 0 0 112 115 192 247 265 269 308 328 377 429 504 569 573 596 603 699 736 814 892 923 951
61.9893428064 44.5297504798 23 0 1 5 5 6 9 9 10 10 12 13 17 19 20 25 26 28 30 32 32 35 38 47 0 252 283 317 389 410 419 420 437 496 503 525 609 626 653 665 716 730 769 783 876 905 923
56.6607460036 16.5067178503 23 0 2 2 7 9 11 13 14 14 21 22 25 28 30 31 34 35 36 43 43 46 48 49 0 0 115 166 173 194 216 239 267 267 283 283 382 420 631 665 711 753 764 793 869 922 986
61.9893428064 49.5201535509 23 0 4 6 7 10 18 22 23 24 25 26 27 28 29 34 35 37 39 43 44 47 47 48 0 0 107 155 163 274 281 310 315 351 424 457 643 726 736 807 810 829 875 914 915 954 978
85.6127886323 43.1861804223 23 0 0 4 5 9 13 15 21 22 26 26 29 29 30 30 33 35 36 38 43 47 47 48 0 114 129 148 201 277 281 363 440 487 510 595 663 672 699 730 786 799 921 939 967 994 995
60.7460035524 61.4203454894 23 0 3 9 10 11 12 13 16 22 23 23 23 23 27 31 33 36 39 40 41 43 47 48 0 127 200 225 237 244 280 321 321 324 382 457 482 572 572 647 669 729 744 747 788 799 897
69.2717584369 45.2975047985 23 0 0 1 2 5 7 10 11 14 15 15 19 21 23 26 33 33 38 38 40 40 42 45 0 126 221 248 287 388 406 444 529 627 648 662 700 731 750 755 768 803 828 834 866 897 995
50.2664298401 39.7312859885 23 0 4 6 7 7 9 13 14 15 18 18 21 22 25 25 27 28 28 29 32 38 45 48 0 111 126 165 215 311 344 357 420 457 463 499 526 536 594 652 668 699 701 813 835 893 911
45.2930728242 25.527831094 23 0 3 4 4 4 6 6 7 9 15 15 17 18 19 20 25 30 31 32 38 44 44 45 0 0 120 151 195 220 247 253 330 366 367 453 493 541 572 589 647 720 773 789 821 833 970
48.8454706927 52.783109405 23 0 0 1 1 1 2 3 3 6 7 12 12 15 17 19 23 27 31 43 45 45 46 46 0 120 145 146 212 245 258 266 407 417 493 494 507 591 592 599 681 683 769 834 859 899 968
67.1403197158 46.641074856 23 0 2 6 7 15 18 19 20 21 24 26 28 32 32 33 35 36 39 40 44 45 45 47 0 0 139 158 221 293 321 391 460 537 556 639 640 701 710 714 762 763 774 858 893 928 931
44.0497335702 70.4414587332 23 0 6 16 17 22 22 22 23 28 29 31 32 32 33 34 35 37 37 38 42 47 48 49 0 0 105 264 283 294 308 395 468 613 645 662 671 693 755 764 767 790 832 883 884 917 949
28.2415630551 46.0652591171 23 0 1 2 3 9 12 15 17 19 24 25 25 28 32 36 37 37 38 40 41 41 42 46 0 156 170 187 301 328 426 456 457 474 491 547 568 576 585 627 630 716 787 809 828 888 978
22.9129662522 39.3474088292 23 0 0 4 5 5 6 10 15 18 21 31 34 34 36 37 38 41 42 43 44 46 48 49 0 0 106 110 123 127 162 165 222 262 308 460 476 559 601 604 626 652 706 739 887 914 923
71.5808170515 44.7216890595 23 0 4 9 11 11 12 13 15 15 16 18 20 23 23 25 30 30 33 37 38 38 43 45 0 0 112 174 196 249 418 455 544 583 627 646 656 698 711 754 755 835 866 888 970 987 998
51.6873889876 26.103646833 23 0 7 10 11 11 12 15 15 15 15 16 21 22 28 28 31 34 35 37 40 41 47 48 0 0 157 175 381 384 384 386 429 509 510 510 518 571 622 632 766 833 856 865 879 891 974
55.595026643 57.773512476 23 0 0 1 1 5 10 18 19 20 22 26 29 30 31 31 37 38 39 40 41 42 43 48 0 203 254 271 281 384 409 469 480 506 536 560 575 625 664 686 696 711 821 824 840 856 939
56.6607460036 47.216890595 23 0 0 2 4 6 10 11 11 13 13 16 20 20 24 27 29 31 34 36 38 39 47 48 0 118 119 126 219 231 271 322 422 437 535 639 642 651 766 768 785 843 896 917 922 928 990
50.2664298401 32.8214971209 23 0 0 7 8 8 14 15 15 15 20 25 27 28 29 32 34 35 35 36 38 43 43 47 0 101 212 259 285 310 317 357 417 448 490 595 610 616 647 720 735 885 958 964 971 975 978
38.5435168739 30.1343570058 23 0 2 2 8 10 15 18 20 21 27 28 28 28 32 34 36 36 36 37 38 43 44 48 0 102 104 189 212 266 285 297 316 371 415 439 445 516 637 712 771 805 809 848 860 950 963
66.2522202487 57.773512476 23 0 0 2 3 3 4 8 12 15 18 19 21 24 27 27 28 29 37 40 43 44 45 46 0 129 149 156 170 258 265 333 372 399 405 450 452 469 480 560 715 790 869 870 871 871 952
49.9111900533 31.2859884837 23 0 1 2 2 3 4 4 5 9 11 22 25 27 31 32 32 35 35 36 37 47 48 48 0 0 120 132 184 197 197 213 279 415 429 455 479 487 557 625 634 635 750 767 909 917 954
74.7779751332 33.3973128599 23 0 0 2 2 5 9 14 16 17 17 19 21 21 24 25 26 32 34 37 39 42 46 49 0 0 119 139 146 253 311 328 336 359 368 406 434 453 489 508 540 629 660 760 827 836 873
90.2309058615 56.4299424184 23 0 1 2 4 6 10 11 14 19 26 28 28 31 34 35 36 37 39 41 43 45 46 49 0 207 226 260 269 297 330 344 387 526 575 588 593 645 649 660 709 815 833 894 915 978 988
58.7921847247 54.7024952015 23 0 1 2 2 11 14 15 16 18 19 22 22 26 27 30 32 36 36 36 37 39 46 48 0 110 126 150 170 172 190 239 253 325 388 389 400 548 556 560 685 699 763 799 813 819 939
95.9147424512 10.9404990403 23 0 1 6 9 9 10 12 12 16 17 20 20 23 24 27 27 29 31 33 33 44 47 49 0 238 242 317 327 420 468 539 577 636 638 664 733 756 760 767 818 828 850 857 919 936 996
56.6607460036 30.1343570058 23 0 1 2 4 7 7 8 8 8 11 19 21 21 23 23 24 28 30 31 33 34 42 48 0 140 169 199 251 251 269 325 487 577 611 677 683 722 728 746 813 848 900 938 951 972 983
96.9804618117 45.4894433781 23 0 0 1 2 4 8 8 10 11 11 17 22 23 24 24 27 28 39 39 42 45 47 47 0 128 174 183 216 302 311 430 443 453 503 507 517 610 681 692 695 696 811 814 823 861 893
35.5239786856 35.1247600768 23 0 0 2 12 12 13 15 20 26 28 30 30 31 35 37 37 44 44 44 46 46 46 49 0 152 235 322 340 443 514 544 565 576 603 622 626 634 738 768 849 878 902 917 923 963 999
47.2468916519 42.226487524 23 0 3 3 5 9 10 14 15 16 21 22 25 28 28 29 29 30 31 33 38 41 44 49 0 146 186 199 254 257 322 463 526 616 649 703 735 751 785 802 812 820 833 866 889 973 994
81.3499111901 64.8752399232 23 0 6 6 9 10 10 11 22 23 24 25 27 30 31 32 32 35 40 40 41 42 42 47 0 125 132 194 306 350 358 395 437 501 524 565 583 616 637 647 663 716 774 783 789 965 999
88.2770870337 28.0230326296 23 0 0 3 5 6 9 9 10 10 14 17 20 23 24 25 27 29 30 37 42 46 47 49 0 140 166 212 220 243 312 314 359 366 403 486 584 590 670 712 805 829 924 926 936 953 985
70.5150976909 48.9443378119 23 0 1 1 4 6 10 12 14 15 15 16 17 23 26 31 33 35 39 39 45 47 49 49 0 101 102 112 183 293 345 360 389 394 471 509 525 530 615 710 807 874 879 908 957 959 985
61.6341030195 36.4683301344 23 0 3 5 16 16 16 17 21 22 22 24 30 31 33 33 34 38 41 44 45 47 47 49 0 141 159 280 285 341 346 368 451 514 622 633 651 752 773 784 882 889 895 905 962 975 976
58.7921847247 23.0326295585 23 0 6 7 12 13 13 18 19 19 21 22 24 31 33 34 34 35 36 40 45 45 49 49 0 0 128 133 212 218 227 318 382 401 407 454 458 543 543 687 783 816 864 866 876 916 970
27.5310834813 30.3262955854 23 0 0 2 4 4 5 10 11 13 15 19 20 24 27 32 33 33 33 39 41 44 47 49 0 103 108 120 148 193 234 257 286 318 326 366 437 496 568 712 727 775 798 810 825 928 956
27.5310834813 58.9251439539 23 0 3 4 5 8 9 10 12 16 16 17 18 18 19 24 24 24 26 32 34 43 47 48 0 105 124 151 165 176 199 213 222 286 312 330 394 401 438 452 525 535 667 688 843 843 999
60.0355239787 7.86948176583 23 0 0 3 3 3 4 6 9 9 12 19 22 23 30 32 33 33 36 39 41 41 46 46 0 110 226 236 317 327 427 430 450 470 472 494 532 564 592 722 793 801 832 920 955 991 996
54.1740674956 42.4184261036 23 0 0 0 1 7 7 11 14 18 18 19 19 19 22 22 30 31 32 32 36 41 42 44 0 0 233 272 308 346 352 364 414 414 424 430 444 551 632 637 641 668 674 788 882 963 977
89.5204262877 26.8714011516 23 0 0 2 2 11 17 25 28 30 30 32 34 35 37 39 41 41 43 43 43 44 45 49 0 195 312 330 383 398 431 432 516 520 527 568 717 734 755 824 863 897 898 903 930 976 980
47.2468916519 36.2763915547 23 0 0 3 5 9 15 20 27 27 28 29 29 30 31 34 37 38 40 40 43 47 49 49 0 164 285 368 375 375 515 518 562 577 678 733 754 764 782 794 876 908 910 955 957 972 973
47.9573712256 21.689059501 23 0 1 3 4 5 7 10 13 14 17 17 18 19 23 23 24 24 26 28 35 36 40 40 0 115 115 165 169 193 265 307 330 357 372 420 437 480 512 616 701 701 720 742 772 832 899
53.6412078153 14.9712092131 23 0 1 3 3 5 6 8 10 11 12 13 14 14 14 17 21 22 27 31 32 37 41 46 0 125 214 316 324 336 391 404 458 479 626 670 721 722 732 761 872 876 899 905 918 920 940
36.2344582593 56.4299424184 23 0 0 5 6 7 14 16 16 19 20 21 25 31 32 36 36 44 46 46 46 46 48 48 0 108 150 236 337 378 386 395 397 429 430 505 515 587 630 698 744 761 807 828 852 931 938
57.5488454707 13.4357005758 23 0 0 0 1 2 7 8 10 11 17 18 18 19 20 21 21 26 26 43 44 45 45 46 0 176 210 229 401 414 445 477 478 493 556 589 638 684 703 709 743 836 869 894 938 977 985
67.4955595027 68.1381957774 23 0 1 1 7 8 10 11 13 13 16 17 18 19 20 27 27 27 32 36 38 39 43 43 0 112 114 127 141 189 222 239 291 331 425 433 479 623 624 650 741 835 902 929 957 971 979
85.6127886323 46.4491362764 23 0 2 3 6 7 9 10 11 12 18 18 21 24 28 30 30 39 43 44 46 46 49 49 0 0 108 114 154 189 192 195 201 241 262 273 388 413 440 496 560 645 673 794 857 873 918
55.4174067496 21.4971209213 23 0 1 3 4 5 6 6 13 14 19 21 22 29 30 30 32 34 34 36 37 42 45 48 0 119 171 180 181 278 279 288 291 327 346 368 401 553 559 564 576 619 674 680 703 878 891
47.9573712256 43.9539347409 23 0 0 3 6 7 7 8 12 13 15 16 18 20 24 28 33 38 38 40 41 43 46 48 0 0 163 167 232 296 329 343 355 386 452 454 478 487 505 534 646 687 769 783 791 809 986
47.4245115453 12.2840690979 23 0 2 5 7 8 15 17 17 18 18 22 23 23 25 27 27 33 35 36 41 44 44 45 0 107 128 131 209 310 314 336 437 529 549 557 576 618 662 670 739 828 841 871 885 908 946
60.9236234458 10.1727447217 23 0 2 7 8 9 9 14 16 20 21 22 23 25 33 38 38 40 41 43 46 46 47 47 0 212 230 278 300 328 345 361 409 506 519 605 622 632 712 722 747 755 761 910 914 955 968
40.1420959147 56.2380038388 23 0 1 1 2 3 7 8 11 11 16 17 21 28 29 30 31 33 34 35 41 43 44 48 0 0 140 146 149 154 251 293 300 312 517 596 625 692 707 743 744 769 811 839 844 894 917
31.9715808171 22.8406909789 23 0 4 6 9 12 14 16 18 18 19 21 24 24 25 27 27 30 30 33 34 35 46 49 0 120 144 159 159 183 234 309 361 422 474 551 574 647 683 784 802 929 931 941 945 955 974
54.8845470693 42.226487524 23 0 0 1 5 7 15 16 16 18 19 21 22 27 32 34 37 37 39 45 45 46 47 49 0 134 187 224 374 402 481 558 561 569 585 611 648 685 701 705 737 787 823 831 919 963 972
59.325044405 31.2859884837 23 0 0 5 7 10 13 13 15 19 21 22 23 26 26 26 26 28 36 39 40 41 43 46 0 107 114 174 226 227 240 243 258 267 271 293 295 380 536 546 579 583 583 680 737 780 883
93.6056838366 37.6199616123 23 0 0 2 4 5 6 9 13 13 16 17 17 20 20 24 24 27 32 37 38 46 48 48 0 116 128 140 217 231 310 326 329 334 416 440 530 559 658 706 739 745 776 790 799 942 991
47.6021314387 43.5700575816 23 0 0 2 10 14 14 16 19 21 30 30 30 35 36 36 37 39 40 42 44 48 48 49 0 0 131 132 154 305 306 383 419 456 505 533 544 565 609 648 653 657 661 702 714 732 904
74.6003552398 53.358925144 23 0 1 9 12 13 13 14 24 24 25 25 27 28 28 29 31 32 38 39 39 40 47 49 0 132 178 181 182 207 217 238 251 275 300 370 431 581 752 763 765 814 882 896 901 929 989
56.4831261101 31.4779270633 23 0 1 3 4 6 7 8 9 11 16 16 18 25 27 31 34 36 38 43 44 46 46 48 0 0 144 179 194 217 268 277 300 363 455 496 531 680 782 800 856 858 920 929 942 986 988
46.3587921847 26.8714011516 23 0 3 6 8 11 11 13 14 15 19 21 24 26 28 30 32 34 34 37 40 41 45 45 0 136 160 186 195 221 235 274 278 311 365 401 435 502 524 689 690 724 772 879 887 928 992
51.6873889876 39.9232245681 23 0 2 2 10 11 15 15 16 16 17 19 24 24 26 26 27 29 34 36 44 45 48 49 0 0 184 222 237 264 267 294 347 389 439 463 481 489 566 590 620 653 727 879 917 947 983
68.0284191829 55.0863723608 23 0 7 8 12 13 15 16 17 21 21 25 27 31 33 34 36 40 41 42 42 43 45 48 0 131 144 161 237 412 440 501 638 648 651 684 726 755 776 820 899 916 937 948 953 958 992
38.5435168739 76.1996161228 23 0 3 3 6 7 10 10 11 11 16 18 21 21 23 24 24 25 27 31 39 41 42 45 0 0 101 188 269 272 295 311 315 399 437 521 536 592 693 707 745 784 787 789 870 915 988
32.5044404973 36.084452975 23 0 6 8 9 10 12 13 14 14 15 15 16 17 18 18 24 25 26 28 29 35 38 42 0 227 228 228 267 286 288 339 518 529 673 762 768 771 852 887 899 902 911 943 946 961 974
71.2255772647 69.2898272553 23 0 1 4 5 6 9 11 11 18 20 24 26 26 27 27 32 33 38 40 41 43 48 49 0 175 227 286 366 371 395 448 463 470 489 496 521 553 559 570 727 836 909 965 987 987 993
34.2806394316 33.0134357006 23 0 4 8 9 9 9 12 14 15 17 18 23 25 26 27 38 40 41 41 42 42 48 48 0 139 143 225 270 357 420 422 432 445 465 490 586 642 672 677 703 729 758 792 828 865 968
30.0177619893 60.0767754319 23 0 0 2 2 6 14 14 16 16 18 18 19 22 22 26 32 36 39 42 44 44 44 46 0 130 172 201 224 224 267 348 377 439 442 478 479 492 524 547 618 812 813 859 911 965 981
41.7406749556 32.6295585413 23 0 0 3 8 9 10 11 11 14 17 17 17 19 22 23 29 30 32 32 34 46 49 49 0 213 227 250 268 344 364 388 401 427 549 598 599 621 628 631 677 680 738 781 844 855 891
88.809946714 32.245681382 23 0 3 4 4 6 7 10 11 13 15 16 16 18 20 20 26 27 28 30 38 39 41 49 0 169 184 220 238 245 259 282 285 290 324 354 431 455 597 612 650 727 728 803 922 936 997
0.0 61.0364683301 23 0 4 5 6 7 7 8 12 12 15 18 20 23 23 26 30 31 32 37 41 44 44 46 0 0 154 173 205 275 294 354 367 392 463 473 479 544 613 640 648 656 741 760 830 956 991
39.6092362345 59.1170825336 23 0 3 4 6 9 10 10 13 15 16 19 20 24 29 31 34 36 39 41 41 45 46 49 0 104 207 269 271 294 296 308 363 595 621 653 669 689 755 773 794 806 815 904 943 957 965
31.9715808171 80.4222648752 23 0 0 4 8 8 9 10 10 11 15 15 16 18 19 19 21 21 24 25 28 28 45 46 0 0 268 290 369 384 388 457 462 605 606 665 706 709 721 770 789 812 834 855 924 974 996
74.0674955595 54.5105566219 23 0 3 4 10 14 22 24 24 24 25 27 27 31 32 32 33 35 40 41 42 44 48 49 0 104 116 119 142 152 326 382 432 442 467 516 568 580 616 657 765 820 869 873 883 901 972
74.0674955595 7.48560460653 23 0 3 5 7 7 7 11 11 12 17 17 21 22 22 22 24 30 33 36 37 38 39 39 0 0 117 131 169 172 225 251 266 393 460 480 506 719 719 754 772 819 834 879 884 919 982
53.8188277087 48.5604606526 23 0 1 4 5 6 9 16 17 19 20 25 26 27 28 34 35 36 38 42 44 45 47 48 0 118 145 167 210 249 324 370 373 401 459 477 509 552 574 601 619 720 761 806 815 850 913
40.4973357016 47.792706334 23 0 0 4 6 11 12 13 15 16 17 20 21 22 30 30 31 32 33 35 35 35 42 45 0 145 168 196 205 248 273 315 345 412 439 460 530 566 613 636 663 669 876 927 941 950 993
64.6536412078 47.6007677543 23 0 1 2 3 5 7 7 9 10 11 12 13 13 17 19 19 23 28 28 30 39 47 48 0 111 137 160 201 246 357 370 387 406 453 508 639 639 646 670 743 773 812 850 870 912 979
97.1580817052 61.6122840691 23 0 3 4 5 6 8 10 10 12 13 14 16 22 23 26 27 27 28 30 31 31 40 47 0 123 148 206 214 288 297 334 382 388 402 421 436 453 470 480 521 573 632 657 758 839 989
82.0603907638 50.2879078695 23 0 0 7 10 11 13 17 19 20 26 28 30 32 33 38 38 39 42 43 46 46 47 47 0 153 194 253 304 356 453 519 558 575 592 596 668 670 681 712 726 797 815 885 899 932 966
53.2859680284 35.1247600768 23 0 2 5 10 10 10 12 15 19 20 20 23 28 29 30 33 37 37 37 46 48 48 49 0 0 124 162 165 194 323 324 372 399 428 545 627 668 705 800 827 858 880 912 950 959 978
61.4564831261 46.8330134357 23 0 0 0 6 6 7 8 13 17 18 20 21 26 27 34 37 39 43 46 47 48 48 48 0 107 141 143 212 250 284 289 290 349 443 524 539 543 548 591 687 736 799 868 900 952 954
83.836589698 37.6199616123 23 0 3 5 7 8 8 9 12 14 16 20 27 35 36 37 37 40 40 40 42 46 46 48 0 114 185 194 429 435 489 524 549 620 620 691 726 745 776 797 835 842 849 909 931 954 996
81.7051509769 78.1190019194 23 0 4 5 9 9 9 9 10 13 14 20 22 22 27 33 35 39 40 41 42 45 46 49 0 105 238 273 420 432 465 510 563 605 638 661 670 693 704 710 718 742 759 790 976 986 995
45.648312611 44.5297504798 23 0 0 1 4 4 8 10 11 12 18 19 19 21 25 26 30 38 38 40 40 41 42 43 0 136 173 218 233 267 296 337 377 395 403 415 506 536 566 713 713 749 773 820 888 899 990
73.5346358792 42.0345489443 23 0 1 4 5 5 6 13 18 20 22 22 26 28 30 33 35 35 37 42 42 43 44 46 0 117 165 178 188 206 211 224 259 405 430 488 514 589 612 647 650 650 727 788 813 822 916
71.5808170515 13.4357005758 23 0 3 3 9 13 16 18 23 23 24 24 28 29 29 31 33 40 40 41 42 42 44 48 0 0 174 196 220 300 400 421 423 535 568 571 628 630 637 659 662 706 726 785 892 899 911
24.1563055062 47.9846449136 23 0 0 0 7 7 7 9 11 11 14 18 18 20 21 32 35 36 38 42 43 44 44 48 0 206 221 228 297 356 361 411 467 482 485 509 576 589 608 640 644 744 798 860 947 949 994
58.6145648313 61.8042226488 23 0 0 2 2 6 8 11 15 15 15 17 17 17 18 24 24 25 35 36 37 37 44 49 0 144 161 188 190 195 248 306 339 347 493 541 558 611 631 681 690 744 778 781 852 873 997
67.6731793961 45.2975047985 23 0 0 3 7 9 9 10 12 13 18 19 21 22 23 24 35 36 39 42 42 43 47 49 0 0 111 133 177 250 298 315 395 475 535 574 582 588 594 616 661 686 695 783 808 948 988
55.4174067496 55.0863723608 23 0 4 6 16 19 20 23 24 25 26 28 28 28 32 35 35 35 39 44 46 46 47 49 0 0 138 173 208 245 320 337 388 408 427 460 476 527 562 643 687 695 718 881 931 952 955
56.6607460036 70.2495201536 23 0 0 2 3 4 7 7 11 13 14 14 17 25 26 27 27 29 30 33 38 42 45 47 0 163 216 250 274 340 361 481 496 518 529 556 613 624 649 670 686 746 844 848 899 951 983
100.0 35.7005758157 23 0 0 2 2 4 6 7 10 10 10 13 13 14 15 16 24 28 29 35 41 44 44 47 0 0 143 308 317 419 561 611 637 645 648 656 661 694 701 704 856 863 892 906 930 934 936
73.1793960924 30.7101727447 23 0 5 7 10 13 18 21 21 24 25 27 31 32 33 37 40 41 42 42 43 43 45 46 0 0 152 189 192 202 247 302 332 354 370 442 566 634 659 687 690 701 862 889 943 995 996
41.3854351687 58.5412667946 23 0 1 3 6 6 10 20 22 23 24 28 29 29 31 33 35 36 37 37 43 44 46 48 0 111 113 192 218 284 304 338 459 495 599 651 679 720 768 771 783 784 874 891 904 946 959
56.838365897 57.773512476 23 0 1 9 10 14 16 16 19 21 22 24 24 31 33 34 35 35 37 37 39 43 43 47 0 134 185 264 413 481 503 517 517 521 540 611 631 741 770 797 819 822 835 868 984 989 990
59.325044405 42.6103646833 23 0 1 2 3 4 4 16 17 19 21 25 30 31 31 33 33 36 37 43 44 45 47 49 0 114 229 237 304 312 326 387 411 481 575 610 637 701 774 784 802 820 876 932 932 941 966
56.1278863233 48.7523992322 23 0 0 1 4 5 7 7 7 8 14 17 18 28 29 30 30 32 33 37 40 42 43 45 0 138 139 140 312 329 333 366 375 423 560 567 589 592 629 655 673 709 710 801 844 898 987
64.4760213144 36.660268714 23 0 5 8 9 10 10 10 16 16 18 18 19 19 21 24 24 28 29 30 36 40 42 45 0 0 189 235 337 439 495 522 564 587 599 654 681 696 702 747 749 793 814 952 968 985 987
62.8774422735 55.8541266795 23 0 3 6 7 7 7 8 8 10 10 11 14 16 16 19 20 24 25 27 31 39 40 45 0 102 165 224 230 235 334 392 483 507 512 657 705 715 750 792 843 849 868 884 908 933 976
67.6731793961 50.4798464491 23 0 0 5 6 6 8 17 18 20 21 23 26 26 28 37 38 38 43 43 44 46 47 49 0 119 158 175 180 208 240 243 271 276 351 589 610 647 647 663 746 752 756 809 818 864 978
65.0088809947 0.0 23 0 1 3 3 7 15 18 26 26 28 29 32 32 34 36 41 41 41 43 46 47 48 48 0 195 205 206 247 323 327 398 398 455 458 514 524 617 625 633 807 845 847 906 919 947 977
76.7317939609 45.1055662188 23 0 6 9 15 17 18 18 19 20 21 22 22 24 25 25 26 31 32 33 36 36 36 41 0 140 174 182 253 280 311 336 376 377 468 478 579 670 708 720 723 780 864 893 923 931 993
49.2007104796 15.1631477927 23 0 1 1 3 4 8 10 11 11 12 14 16 20 21 22 29 30 30 32 32 37 42 46 0 0 208 264 275 309 329 421 445 469 537 576 611 617 658 667 680 695 706 734 796 796 849
40.3197158082 11.13243762 23 0 0 0 9 13 18 19 25 25 26 28 28 31 31 32 33 34 34 36 41 45 49 49 0 119 126 145 196 238 360 444 449 453 487 498 539 570 579 595 648 684 694 732 812 876 970
25.2220248668 71.7850287908 23 0 3 4 4 6 7 9 10 12 22 24 24 26 27 27 32 33 36 37 37 41 46 49 0 117 149 214 222 239 378 445 499 601 605 687 713 735 737 745 758 776 842 867 897 916 994
52.2202486679 31.094049904 23 0 3 3 5 6 8 10 12 12 14 15 20 20 20 25 25 26 28 30 30 35 36 37 0 177 206 233 257 260 319 336 442 515 564 572 650 686 768 830 842 847 856 861 877 964 976
40.8525754885 56.4299424184 23 0 5 9 11 13 14 16 17 21 23 25 28 29 30 30 31 32 35 35 37 39 41 43 0 139 139 147 147 178 190 231 260 274 294 538 608 618 639 808 838 863 897 905 936 966 969
53.4635879218 58.5412667946 23 0 0 7 9 10 13 16 20 22 27 28 29 31 33 38 42 42 45 45 47 48 48 49 0 128 131 200 222 325 393 405 421 437 474 492 610 613 698 758 775 805 807 827 829 836 921
72.6465364121 59.3090211132 23 0 0 0 7 7 8 16 17 18 19 20 21 22 31 32 32 32 33 38 41 43 45 47 0 148 204 338 393 440 455 455 494 505 527 532 603 628 631 659 697 708 717 726 812 858 972
38.5435168739 34.9328214971 23 0 1 3 7 8 21 22 22 23 30 30 30 32 35 36 36 37 43 44 45 46 48 49 0 146 244 248 338 383 421 449 452 473 487 490 552 672 696 701 725 726 789 869 897 906 959
68.9165186501 36.084452975 23 0 0 3 4 6 8 9 11 11 11 20 21 24 24 26 28 30 31 38 38 40 44 48 0 0 163 229 248 281 282 313 349 349 353 353 366 409 419 488 525 530 592 611 728 820 967
386
53.2695374801 25.9765625 3
68.5805422648 53.7109375 4
49.7607655502 49.4140625 4
47.5279106858 15.234375 3
48.0063795853 41.796875 1
55.3429027113 78.90625 8
56.7783094099 59.375 2
55.980861244 33.3984375 2
57.5757575758 57.03125 1
66.1881977671 50.5859375 5
49.9202551834 11.71875 5
56.9377990431 43.5546875 4
39.5534290271 68.9453125 9
67.3046251994 61.1328125 9
69.5374800638 14.6484375 7
66.985645933 37.5 9
71.9298245614 44.3359375 9
24.4019138756 61.9140625 2
29.8245614035 35.3515625 4
20.2551834131 71.09375 1
93.3014354067 27.734375 4
76.0765550239 70.8984375 2
27.1132376396 36.328125 4
82.1371610845 30.859375 7
27.5917065391 50.1953125 3
51.6746411483 50.1953125 1
46.5709728868 56.8359375 4
55.023923445 38.28125 8
84.370015949 23.6328125 7
29.9840510367 44.921875 3
27.7511961722 48.6328125 2
43.5406698565 43.359375 4
43.3811802233 45.703125 5
44.1786283892 70.8984375 2
80.701754386 29.6875 8
44.019138756 62.3046875 9
61.2440191388 30.46875 8
61.8819776715 53.90625 2
46.2519936204 35.15625 7
51.355661882 55.078125 5
51.8341307815 17.3828125 2
73.2057416268 58.0078125 5
46.0925039872 10.546875 5
46.2519936204 57.2265625 6
66.028708134 39.2578125 6
66.985645933 27.1484375 1
47.8468899522 33.984375 4
29.5055821372 58.7890625 3
74.0031897927 34.765625 8
53.1100478469 65.625 9
83.0940988836 77.1484375 6
38.5964912281 39.84375 4
53.1100478469 58.3984375 2
66.1881977671 54.296875 2
83.7320574163 50.5859375 1
39.2344497608 52.734375 6
71.9298245614 35.9375 2
55.023923445 31.640625 3
55.5023923445 51.5625 3
49.2822966507 59.765625 7
64.5933014354 45.5078125 4
63.6363636364 47.65625 3
32.8548644338 28.7109375 5
49.6012759171 27.5390625 8
84.6889952153 33.984375 9
17.0653907496 54.6875 9
50.0797448166 72.4609375 1
43.5406698565 40.234375 8
25.677830941 70.5078125 6
25.8373205742 34.765625 6
52.1531100478 13.671875 7
29.8245614035 47.265625 2
40.5103668262 56.640625 9
54.5454545455 44.921875 2
65.2312599681 78.125 5
25.3588516746 66.015625 6
62.2009569378 65.8203125 3
46.7304625199 21.6796875 6
55.5023923445 26.3671875 7
15.1515151515 59.375 7
76.2360446571 73.4375 9
13.716108453 12.3046875 2
60.1275917065 86.9140625 9
56.1403508772 50.78125 8
57.2567783094 32.8125 7
55.6618819777 28.515625 7
42.1052631579 57.2265625 6
53.5885167464 70.3125 6
63.1578947368 78.515625 4
34.9282296651 24.8046875 2
54.2264752791 63.0859375 2
62.6794258373 73.2421875 7
55.6618819777 82.8125 5
25.5183413078 22.0703125 4
36.68261563 25.0 5
58.692185008 36.71875 3
47.2089314195 60.546875 7
58.5326953748 29.4921875 5
27.2727272727 33.984375 1
65.2312599681 40.8203125 8
66.3476874003 24.8046875 3
62.360446571 30.859375 7
42.1052631579 54.8828125 9
46.0925039872 53.3203125 9
60.7655502392 59.1796875 2
76.3955342903 12.5 2
58.5326953748 66.2109375 3
59.4896331738 55.46875 8
51.6746411483 45.3125 7
30.6220095694 41.9921875 1
56.9377990431 30.2734375 2
58.692185008 36.5234375 3
52.312599681 82.2265625 3
63.9553429027 49.8046875 8
41.1483253589 51.953125 6
54.3859649123 79.1015625 2
65.0717703349 64.2578125 8
21.2121212121 90.8203125 1
33.1738437002 33.3984375 6
34.1307814992 18.359375 9
33.1738437002 75.390625 2
33.1738437002 75.390625 8
44.3381180223 55.46875 2
36.0446570973 25.9765625 2
47.5279106858 37.5 2
61.4035087719 46.484375 6
43.8596491228 53.515625 7
70.8133971292 47.8515625 7
53.2695374801 80.2734375 6
48.0063795853 65.625 3
45.1355661882 47.0703125 6
56.1403508772 88.0859375 4
39.8724082935 22.4609375 3
96.6507177033 39.0625 6
40.5103668262 51.953125 7
77.5119617225 22.8515625 1
30.7814992026 67.96875 8
100.0 25.9765625 8
27.2727272727 42.96875 6
63.31738437 47.4609375 9
46.0925039872 45.8984375 2
62.2009569378 47.265625 5
65.2312599681 33.7890625 5
41.1483253589 2.734375 4
39.7129186603 40.625 6
46.8899521531 88.8671875 1
45.4545454545 69.53125 1
67.3046251994 39.84375 4
43.7001594896 56.8359375 6
76.8740031898 59.765625 2
47.5279106858 33.3984375 6
74.0031897927 99.8046875 9
39.0749601276 15.0390625 5
79.5853269537 57.8125 2
34.7687400319 11.1328125 1
55.3429027113 28.7109375 7
80.5422647528 23.2421875 8
54.5454545455 61.1328125 6
42.9027113238 18.359375 2
51.8341307815 29.6875 6
59.0111642743 67.3828125 9
59.3301435407 24.8046875 6
62.9984051037 51.5625 5
33.1738437002 52.5390625 5
36.68261563 75.0 1
63.6363636364 77.9296875 3
45.4545454545 48.046875 9
55.980861244 31.8359375 2
70.653907496 50.9765625 8
25.0398724083 36.71875 3
42.7432216906 35.9375 1
33.3333333333 67.578125 9
57.7352472089 63.8671875 3
64.9122807018 54.1015625 9
52.7910685805 17.7734375 5
45.2950558214 29.296875 9
55.6618819777 80.46875 8
66.1881977671 21.2890625 7
81.3397129187 62.890625 4
51.1961722488 73.828125 8
48.8038277512 25.9765625 6
48.0063795853 64.0625 5
47.5279106858 32.2265625 8
31.4194577352 46.09375 2
76.0765550239 23.046875 9
37.1610845295 41.40625 9
37.1610845295 79.6875 3
42.7432216906 52.9296875 1
66.3476874003 32.2265625 1
72.7272727273 67.1875 9
56.9377990431 35.7421875 9
62.8389154705 65.8203125 5
33.014354067 62.5 9
56.1403508772 58.59375 4
35.8851674641 58.59375 6
47.8468899522 66.40625 7
44.6570972887 34.1796875 3
52.312599681 18.1640625 5
46.0925039872 47.4609375 8
52.1531100478 52.734375 9
49.1228070175 45.3125 6
55.3429027113 47.265625 7
38.7559808612 79.296875 2
54.5454545455 44.140625 7
67.9425837321 27.9296875 7
64.5933014354 64.2578125 7
86.9218500797 30.859375 3
60.2870813397 11.1328125 6
69.696969697 64.84375 3
41.6267942584 43.75 6
73.36523126 47.265625 1
46.8899521531 32.03125 3
53.9074960128 27.1484375 4
65.7097288676 52.734375 8
34.6092503987 44.7265625 5
14.3540669856 44.140625 3
59.649122807 29.1015625 4
35.7256778309 13.8671875 8
19.298245614 40.8203125 2
11.3237639553 68.359375 5
56.9377990431 66.015625 6
49.9202551834 85.7421875 5
45.1355661882 42.3828125 8
55.5023923445 66.6015625 2
56.7783094099 25.5859375 1
27.7511961722 61.328125 7
46.2519936204 78.90625 6
64.4338118022 87.6953125 9
61.4035087719 36.1328125 1
38.4370015949 52.1484375 8
76.0765550239 65.8203125 6
33.4928229665 15.8203125 4
63.31738437 25.390625 8
35.8851674641 79.4921875 5
74.0031897927 56.25 9
48.3253588517 84.1796875 4
54.5454545455 49.21875 4
52.6315789474 58.203125 5
69.8564593301 76.3671875 8
42.1052631579 18.359375 6
39.5534290271 59.765625 9
31.2599681021 68.75 4
69.8564593301 60.7421875 9
60.6060606061 78.7109375 9
31.2599681021 63.671875 9
54.2264752791 14.453125 3
42.5837320574 89.6484375 9
49.4417862839 48.046875 2
17.3843700159 44.53125 1
53.9074960128 38.0859375 3
47.687400319 45.5078125 8
36.3636363636 100.0 2
40.6698564593 61.5234375 1
39.3939393939 38.0859375 1
44.019138756 43.359375 1
61.4035087719 60.546875 6
53.1100478469 58.0078125 1
36.0446570973 64.2578125 7
74.322169059 9.9609375 5
67.4641148325 77.1484375 3
37.1610845295 57.03125 9
43.5406698565 70.3125 9
54.5454545455 47.0703125 8
43.3811802233 27.34375 7
19.298245614 58.3984375 6
64.7527910686 76.953125 2
53.5885167464 61.9140625 4
58.8516746411 0.0 9
46.2519936204 25.78125 2
64.2743221691 73.6328125 3
13.2376395534 73.2421875 4
35.5661881978 55.46875 2
58.8516746411 51.3671875 1
42.9027113238 50.5859375 1
43.2216905901 15.8203125 8
60.7655502392 43.9453125 5
61.0845295056 27.734375 2
38.2775119617 72.8515625 8
33.6523125997 56.25 7
80.3827751196 64.84375 5
24.4019138756 52.734375 5
59.8086124402 74.8046875 5
40.0318979266 66.9921875 1
35.0877192982 56.8359375 3
56.4593301435 51.7578125 7
54.0669856459 65.4296875 4
59.8086124402 57.03125 5
57.8947368421 45.703125 8
36.3636363636 32.03125 4
49.2822966507 28.7109375 6
43.7001594896 31.0546875 6
46.0925039872 50.9765625 8
51.355661882 61.71875 6
40.350877193 61.9140625 2
53.5885167464 83.203125 9
58.2137161085 3.7109375 7
47.687400319 8.203125 3
29.5055821372 28.515625 5
59.0111642743 58.59375 5
71.7703349282 27.5390625 6
42.5837320574 64.453125 3
58.2137161085 58.984375 1
36.0446570973 62.6953125 5
39.0749601276 39.6484375 9
33.1738437002 44.921875 4
36.3636363636 42.96875 8
60.6060606061 56.0546875 1
26.3157894737 57.2265625 9
77.3524720893 42.578125 9
41.7862838915 57.03125 7
28.7081339713 17.578125 4
73.2057416268 79.6875 2
56.9377990431 31.640625 5
74.8006379585 32.421875 8
56.9377990431 19.3359375 8
43.5406698565 85.15625 1
41.6267942584 34.375 7
68.2615629984 36.5234375 3
51.1961722488 20.5078125 7
53.4290271132 50.9765625 3
35.8851674641 61.5234375 2
50.0797448166 41.40625 6
68.5805422648 58.7890625 2
20.0956937799 49.4140625 6
29.1866028708 72.8515625 4
48.9633173844 47.65625 8
28.8676236045 60.9375 4
41.7862838915 18.359375 3
43.3811802233 67.96875 8
54.5454545455 67.3828125 6
36.8421052632 31.640625 5
29.8245614035 2.34375 2
34.9282296651 26.171875 7
36.68261563 37.5 8
55.980861244 70.703125 3
46.0925039872 47.4609375 4
46.2519936204 79.8828125 2
50.5582137161 48.4375 1
37.9585326954 74.8046875 8
43.5406698565 48.4375 7
29.1866028708 23.4375 1
52.4720893142 56.25 7
83.7320574163 18.359375 1
63.4768740032 70.5078125 5
67.3046251994 52.34375 3
47.0494417863 54.296875 6
62.360446571 63.0859375 1
48.1658692185 77.734375 8
30.303030303 55.6640625 7
62.6794258373 56.4453125 2
61.2440191388 33.984375 4
18.341307815 17.1875 8
40.350877193 59.765625 1
64.1148325359 48.6328125 3
51.5151515152 59.765625 6
33.6523125997 11.9140625 8
61.8819776715 11.5234375 8
57.2567783094 63.4765625 3
55.5023923445 28.3203125 9
17.7033492823 22.0703125 4
78.1499202552 63.8671875 4
43.2216905901 12.6953125 1
29.9840510367 42.3828125 5
52.7910685805 33.203125 9
25.9968102073 40.0390625 2
35.8851674641 71.2890625 3
53.9074960128 55.46875 1
30.303030303 24.609375 8
74.1626794258 55.46875 6
0.0 33.7890625 1
47.5279106858 42.3828125 7
51.0366826156 58.203125 7
44.976076555 23.046875 4
53.7480063796 21.2890625 8
53.9074960128 49.0234375 8
20.0956937799 59.1796875 1
51.9936204147 15.8203125 4
54.8644338118 60.3515625 7
59.9681020734 25.5859375 8
51.355661882 36.5234375 9
51.5151515152 39.0625 2
54.0669856459 53.515625 2
29.6650717703 44.7265625 5
48.644338118 30.859375 1
21.5311004785 64.84375 7
25.0398724083 50.78125 7
