54
73.9759036145 44.4206008584 13 0 0 2 6 6 7 11 12 12 30 33 33 44 0 108 241 288 309 415 654 666 684 710 715 818 863
11.3253012048 61.3733905579 13 0 3 12 17 18 26 34 34 37 39 40 45 49 0 0 126 134 181 246 261 381 423 484 546 618 862
24.3373493976 69.9570815451 13 0 0 1 6 17 17 23 24 38 42 48 48 49 0 121 127 146 324 338 485 597 661 826 933 965 986
93.9759036145 41.8454935622 13 0 0 0 2 4 12 17 21 26 31 34 35 37 0 118 144 166 189 249 281 314 430 450 480 567 953
100.0 14.5922746781 13 0 4 10 13 20 23 25 26 29 32 34 42 43 0 107 243 300 380 387 493 533 653 834 923 952 956
72.7710843373 51.2875536481 13 0 4 7 7 14 18 19 19 22 33 35 40 46 0 158 174 242 405 409 498 521 836 846 879 913 992
0.0 41.8454935622 13 0 0 1 6 8 14 15 16 28 29 29 43 43 0 0 212 252 261 284 288 357 452 493 659 675 749
45.7831325301 36.69527897 13 0 3 5 5 15 23 26 29 31 41 43 45 48 0 101 140 197 227 246 258 449 504 658 717 919 955
46.0240963855 37.339055794 13 0 3 6 7 9 14 16 17 23 24 25 37 49 0 232 294 334 458 546 636 665 673 709 815 939 977
74.6987951807 31.5450643777 13 0 2 4 9 15 17 31 33 36 36 39 40 45 0 155 253 546 721 730 806 832 834 844 853 894 900
90.6024096386 35.8369098712 13 0 2 4 6 16 16 19 21 23 31 35 37 46 0 116 318 365 396 413 480 537 600 638 809 968 990
33.734939759 100.0 13 0 0 4 10 15 17 19 23 40 45 46 46 48 0 169 216 258 321 477 498 545 591 720 814 815 925
75.421686747 71.6738197425 13 0 0 0 3 4 6 7 10 11 20 25 41 47 0 203 239 295 398 554 604 609 696 829 830 901 992
40.7228915663 44.2060085837 13 0 0 11 12 13 14 17 21 24 24 37 38 48 0 292 296 487 505 553 619 669 734 736 751 788 891
40.2409638554 43.347639485 13 0 1 2 8 10 12 15 16 25 26 32 46 46 0 0 181 188 395 575 638 643 795 807 813 841 919
53.4939759036 53.4334763948 13 0 1 2 4 6 7 11 12 14 21 30 45 48 0 114 160 180 209 310 317 468 475 506 574 662 765
75.9036144578 27.2532188841 13 0 2 8 12 12 15 19 23 27 41 47 47 48 0 0 150 161 307 327 346 718 741 752 785 838 841
64.8192771084 53.2188841202 13 0 2 2 5 7 7 9 10 15 29 39 40 47 0 138 212 398 431 461 504 518 606 678 683 851 967
45.5421686747 49.1416309013 13 0 0 11 12 13 15 16 20 24 24 32 38 49 0 0 137 164 455 561 579 629 670 770 784 810 950
68.6746987952 60.9442060086 13 0 4 5 9 21 25 34 38 43 44 47 47 48 0 0 280 408 446 512 527 597 620 622 696 856 902
52.0481927711 53.8626609442 13 0 3 4 5 7 15 15 18 21 23 32 33 39 0 142 166 312 329 341 347 385 628 685 753 838 918
65.5421686747 88.4120171674 13 0 2 12 13 17 17 19 21 27 30 35 36 47 0 150 191 213 285 299 716 733 734 766 891 932 932
36.8674698795 39.2703862661 13 0 4 4 6 14 19 20 20 20 21 22 25 49 0 0 291 299 319 352 620 630 640 688 697 839 839
59.0361445783 23.1759656652 13 0 13 14 16 23 24 25 25 28 36 36 36 45 0 0 214 245 266 315 402 402 481 486 661 840 988
30.843373494 64.1630901288 13 0 18 20 23 27 33 38 40 40 45 45 47 47 0 316 344 478 521 599 608 667 774 881 883 927 948
67.2289156627 89.0557939914 13 0 3 4 4 5 6 9 15 22 22 33 44 49 0 220 246 295 470 528 585 624 752 802 815 869 938
9.87951807229 22.3175965665 13 0 0 5 14 16 17 19 33 35 39 42 44 47 0 290 332 336 427 461 594 615 680 750 790 825 921
50.1204819277 54.7210300429 13 0 1 7 18 22 23 24 28 36 41 43 47 47 0 152 284 344 346 381 391 594 645 670 791 839 929
29.3975903614 45.7081545064 13 0 1 2 4 13 15 37 40 42 42 44 47 49 0 0 286 302 330 603 615 629 686 729 783 946 974
9.15662650602 27.0386266094 13 0 6 10 19 22 22 25 30 31 35 37 39 41 0 0 103 217 329 426 511 529 533 591 595 785 970
73.4939759036 67.8111587983 13 0 13 18 19 21 25 29 29 33 38 39 41 43 0 0 140 160 199 206 247 253 293 524 611 767 991
74.6987951807 69.0987124464 13 0 0 4 4 7 18 21 26 29 36 39 41 43 0 270 389 400 412 418 426 483 515 561 616 865 916
55.421686747 39.4849785408 13 0 4 13 20 22 22 25 29 34 36 36 39 47 0 0 171 189 192 247 268 362 487 548 593 806 914
45.7831325301 51.9313304721 13 0 2 3 16 16 17 18 21 23 24 42 43 49 0 0 174 181 221 277 378 644 745 748 774 898 925
51.8072289157 72.9613733906 13 0 10 10 13 16 25 26 27 30 33 35 36 40 0 0 168 210 231 311 335 455 471 484 560 642 890
31.5662650602 38.4120171674 13 0 1 7 12 15 18 27 28 32 32 33 35 36 0 107 257 331 445 483 558 686 725 815 826 839 986
69.8795180723 51.7167381974 13 0 0 4 7 8 10 17 29 40 40 42 44 48 0 0 189 233 257 297 310 406 472 497 752 760 914
53.734939759 72.7467811159 13 0 1 2 2 14 15 21 24 24 29 36 37 39 0 103 107 155 172 253 351 446 656 717 838 918 941
63.6144578313 80.4721030043 13 0 3 4 5 8 14 23 24 24 33 33 38 46 0 181 200 207 209 282 301 398 547 681 730 765 958
80.4819277108 15.6652360515 13 0 8 10 14 17 17 18 20 22 22 22 34 46 0 147 154 263 342 412 441 491 558 574 645 702 797
23.6144578313 39.2703862661 13 0 6 15 15 20 20 23 25 28 30 35 36 49 0 0 211 350 355 357 430 473 541 578 770 922 956
46.265060241 39.9141630901 13 0 1 3 7 18 20 26 26 27 37 38 42 45 0 0 204 349 360 377 497 612 615 813 856 870 895
0.963855421687 46.3519313305 13 0 3 4 6 9 16 17 19 30 32 33 44 45 0 160 396 405 425 436 446 466 472 607 708 732 920
12.7710843373 59.6566523605 13 0 5 5 6 10 16 17 22 29 32 37 39 47 0 0 102 186 199 243 361 502 550 557 706 806 949
34.4578313253 69.0987124464 13 0 1 3 6 16 21 28 32 34 38 39 45 45 0 0 157 214 271 308 382 442 825 845 872 960 968
33.0120481928 61.3733905579 13 0 3 6 6 8 9 27 31 36 43 44 46 47 0 136 253 373 399 471 605 683 715 833 862 953 962
77.1084337349 56.2231759657 13 0 4 6 11 16 18 19 26 31 35 42 47 47 0 0 130 243 276 285 293 483 621 721 786 801 914
37.5903614458 39.4849785408 13 0 5 13 13 25 25 27 27 28 29 31 38 46 0 0 159 161 232 282 303 415 521 578 656 713 984
71.5662650602 23.6051502146 13 0 1 1 3 10 10 10 15 20 21 41 42 49 0 0 107 168 175 270 303 494 591 717 737 839 906
52.5301204819 42.7038626609 13 0 0 6 9 14 29 30 38 38 42 44 45 48 0 143 167 188 238 413 521 601 604 705 887 951 994
80.2409638554 36.0515021459 13 0 6 8 8 16 18 24 29 43 45 48 48 49 0 184 198 324 465 556 579 598 646 679 785 800 862
6.02409638554 38.1974248927 13 0 1 1 4 15 24 30 30 36 39 41 42 46 0 378 407 513 526 557 688 698 748 780 806 877 892
43.3734939759 0.0 13 0 2 9 18 21 23 25 29 30 32 36 39 46 0 147 227 241 274 636 680 696 726 733 748 870 910
33.4939759036 62.2317596567 13 0 3 4 4 5 11 23 32 35 37 38 41 48 0 196 383 402 490 523 717 801 841 869 909 939 953
87
47.1264367816 35.4359925788 2
45.9770114943 36.5491651206 6
74.7126436782 63.2653061224 5
47.8927203065 55.4730983302 6
73.5632183908 42.1150278293 4
63.9846743295 22.8200371058 6
63.2183908046 8.90538033395 7
76.4367816092 53.9888682746 7
82.5670498084 38.961038961 9
72.9885057471 25.974025974 4
92.5287356322 46.3821892393 3
46.7432950192 38.5899814471 3
62.0689655172 39.5176252319 9
100.0 35.9925788497 4
75.4789272031 48.9795918367 8
33.5249042146 16.3265306122 4
0.0 58.4415584416 1
72.2222222222 43.9703153989 9
14.367816092 15.9554730983 6
58.6206896552 62.3376623377 3
27.969348659 0.0 8
52.1072796935 42.4860853432 3
56.7049808429 70.5009276438 1
50.5747126437 51.3914656772 5
76.0536398467 34.5083487941 4
57.8544061303 47.866419295 1
49.6168582375 60.2968460111 3
54.9808429119 64.1929499072 3
65.3256704981 22.6345083488 3
49.0421455939 76.4378478664 3
32.7586206897 23.9332096475 4
33.5249042146 58.0705009276 5
59.7701149425 73.2838589981 4
68.5823754789 63.8218923933 8
42.5287356322 30.241187384 1
73.1800766284 27.0871985158 1
50.5747126437 69.0166975881 4
94.4444444444 11.3172541744 6
90.9961685824 48.7940630798 6
40.2298850575 45.6400742115 4
88.8888888889 17.6252319109 1
95.2107279693 50.0927643785 5
80.6513409962 37.2912801484 1
89.4636015326 58.8126159555 6
73.754789272 65.4916512059 1
53.8314176245 21.706864564 3
80.8429118774 100.0 3
72.2222222222 27.6437847866 4
56.1302681992 65.120593692 7
72.6053639847 52.133580705 3
81.9923371648 90.5380333952 3
50.7662835249 51.9480519481 9
60.9195402299 33.0241187384 4
64.5593869732 43.599257885 3
76.8199233716 51.7625231911 4
61.1111111111 69.387755102 6
62.2605363985 38.961038961 9
33.7164750958 37.2912801484 4
35.8237547893 19.4805194805 4
61.4942528736 35.2504638219 8
59.5785440613 49.9072356215 5
52.4904214559 32.8385899814 1
64.5593869732 62.1521335807 2
62.0689655172 53.9888682746 9
49.8084291188 69.387755102 7
63.7931034483 35.0649350649 5
36.398467433 45.6400742115 4
72.030651341 44.1558441558 6
83.7164750958 52.8756957328 7
68.5823754789 56.0296846011 1
45.5938697318 33.5807050093 9
71.0727969349 58.4415584416 3
44.061302682 51.0204081633 1
93.6781609195 54.9165120594 1
67.6245210728 49.3506493506 2
55.1724137931 44.1558441558 5
27.7777777778 35.0649350649 5
86.5900383142 49.9072356215 9
48.6590038314 32.8385899814 3
66.091954023 64.7495361781 6
68.0076628352 69.387755102 2
74.1379310345 76.0667903525 2
70.30651341 57.1428571429 6
31.8007662835 56.2152133581 1
37.7394636015 57.6994434137 3
12.6436781609 26.7161410019 8
80.2681992337 50.8348794063 3
